0.00385107075999,0.207367316086,-0.0197639696021,0.999612986609,-0.00676511763209,0.0269835169509,0.0
0.00366374944072,0.206820923388,-0.0185388526287,0.999656438904,-0.00739512851225,0.0251458989298,0.0
0.00374622532472,0.206988674397,-0.0188688482516,0.999620441331,-0.00572548953399,0.0269479506339,0.0
0.0036551817277,0.206665038811,-0.0180792303091,0.999637349683,-0.00667882402468,0.0260875914832,0.0
0.00379008004279,0.207460041469,-0.0197495155935,0.99961538935,-0.00726399196797,0.0267639271218,0.0
0.00373120607081,0.206748830657,-0.0181389912693,0.999590839053,-0.00883119104906,0.0272059652523,0.0
0.00377890320734,0.207113000164,-0.0190731208219,0.999593638841,-0.0065770666914,0.0277362467248,0.0
0.00360347591644,0.206751648934,-0.018261402549,0.999645441856,-0.00714513715525,0.025650294191,0.0
0.00378232875076,0.207334494149,-0.0195969533353,0.999686561163,-0.00687454512089,0.0240732228595,0.0
0.00376770234554,0.207090484464,-0.0188130677498,0.999619704875,-0.0086342855515,0.0261895921679,0.0
0.00370939181576,0.206983934531,-0.0188815065039,0.999652434761,-0.00687443828811,0.0254509680319,0.0
0.00362183954177,0.206226654505,-0.0171405481284,0.99952162311,-0.00542623059091,0.0304480041635,0.0
0.00388081307837,0.207101975287,-0.0191355168471,0.999554665046,-0.00785521214984,0.0287883175489,0.0
0.00396117899343,0.208048622239,-0.0212274943093,0.999579874261,-0.00833260016146,0.0277604529263,0.0
0.00415906046496,0.209088424556,-0.0233476039683,0.999459168341,-0.00713382011099,0.0321010814367,0.0
0.00394605056779,0.208165268614,-0.0209697904391,0.999665334268,-0.0104531247771,0.0236632974212,0.0
0.0030923999352,0.204468189279,-0.0130226432656,0.999852831011,-0.0103753037166,0.0136627007757,0.0
0.00323751346964,0.204613259046,-0.0137705605021,0.999705961779,-0.00550878722072,0.0236144711509,0.0
0.00354340082402,0.206087879774,-0.0171883199608,0.99951278387,-0.00343608444873,0.0310223823213,0.0
0.00320441057212,0.204786637835,-0.0137669928694,0.999828597151,-0.00954251061801,0.0158655857338,0.0
0.00352843238036,0.206046854402,-0.0163426995426,0.999722359132,-0.0108260019686,0.0209285052744,0.0
0.0047584745988,0.211772838019,-0.0289922044028,0.999488158391,-0.0106194334006,0.0301769592661,0.0
0.00457688782508,0.210738764951,-0.0268810210514,0.999482224271,-0.00845262746002,0.031045715575,0.0
0.0046233139197,0.211154190731,-0.0277957656315,0.999499521079,-0.00896884778885,0.0303359050134,0.0
0.0056947726792,0.202818025918,-0.0150269673497,0.906658088251,0.36127109003,-0.217840103097,0.0
0.00529339087892,0.203393073794,-0.015509680293,0.902273432299,0.367737043901,-0.225104686558,0.0
0.00544609041596,0.204049917236,-0.0171092622072,0.901922162746,0.370230458486,-0.222409127415,0.0
0.0055076783581,0.203927468327,-0.0169486923892,0.900983687107,0.36922114397,-0.227824806402,0.0
0.00543814556394,0.203639793695,-0.0160590522959,0.902276416637,0.36645175993,-0.227179170753,0.0
0.00522942054433,0.20302173352,-0.014431908269,0.903013524679,0.365090925199,-0.226440258311,0.0
0.00547510531168,0.204107358875,-0.0167881599915,0.901538236704,0.366051761561,-0.23072692868,0.0
0.00535732334921,0.203519351533,-0.0155881142494,0.902328756493,0.365013936636,-0.229276342579,0.0
0.00531232554097,0.203771657997,-0.0160089136809,0.902642285184,0.365381052222,-0.227450196031,0.0
0.0054484133484,0.203846765225,-0.0163883969264,0.901894857592,0.365891819758,-0.229584063216,0.0
0.00533479368333,0.203575129628,-0.0157354739889,0.902543049107,0.364695966385,-0.228938630665,0.0
0.00529126597433,0.203560577742,-0.0156009402056,0.903282102633,0.365767759621,-0.224266335159,0.0
0.0054207575405,0.204146176206,-0.0168896315036,0.902224738668,0.365584938811,-0.228775377717,0.0
0.00533034239673,0.20388173905,-0.0162718735788,0.903359239269,0.366756994352,-0.22233171596,0.0
0.00549562101413,0.204180517782,-0.0170594329193,0.901913314715,0.366360185547,-0.228763168333,0.0
0.00530396314919,0.203872081575,-0.0162707143357,0.90338510454,0.366760900596,-0.222220149152,0.0
0.00532983783793,0.203824159743,-0.0162264589928,0.903235475888,0.366995051974,-0.222441693313,0.0
0.00544870735997,0.203877531923,-0.0165245793361,0.902622785391,0.365846054307,-0.226779125674,0.0
0.00547021786427,0.204373333148,-0.0174591672644,0.90239239273,0.365453315081,-0.22832398919,0.0
0.00518206100088,0.20269283327,-0.0136984771804,0.903169071817,0.365688285541,-0.224850407008,0.0
0.00547261926268,0.20417312994,-0.0169236224498,0.901259786783,0.365608253287,-0.232511078996,0.0
0.0053998125062,0.203779736183,-0.0162636171646,0.901956058802,0.364331181203,-0.231814707024,0.0
0.00523429399927,0.203268218097,-0.0149008862752,0.902990409407,0.36661628477,-0.224055395517,0.0
0.0054723727403,0.204085804762,-0.0168006180398,0.901690490403,0.364467249686,-0.232632507234,0.0
0.00526220484716,0.203601836684,-0.0156658572449,0.902883181421,0.366236832669,-0.225105626546,0.0
0.005308886097,0.203255447911,-0.0150540581965,0.901729262824,0.366425364544,-0.229383497194,0.0
0.00543949678095,0.204496535179,-0.0177577386468,0.9020956678,0.365759164884,-0.229005762896,0.0
0.00543943958018,0.203859139913,-0.0163496598841,0.902352870681,0.366031536563,-0.227552655479,0.0
0.00543315022658,0.203935491988,-0.0166602238727,0.902056486492,0.369233656065,-0.223518684693,0.0
0.00548652517295,0.203966030003,-0.0168513704093,0.901699851192,0.368817060816,-0.225635444936,0.0
0.00553401587918,0.204088421834,-0.017316687497,0.901424491238,0.372525018728,-0.22058784422,0.0
0.00526326834595,0.203209064592,-0.0152928522138,0.901359509808,0.368216810308,-0.227963625795,0.0
0.0051603236404,0.202754147481,-0.0142916253754,0.902487693521,0.371507479898,-0.217940715386,0.0
0.00520080346152,0.203303954924,-0.0151689087955,0.902536538124,0.371553422163,-0.217659945397,0.0
0.00532529762251,0.201084946247,-0.0115600059839,0.906765701975,0.36455869777,-0.211832286496,0.0
0.00641563126386,0.206446794247,-0.0171819919894,0.659038739448,0.637755172661,-0.398668132223,0.0
0.00658048187233,0.205995526931,-0.0164375033688,0.662955966636,0.637074469594,-0.393224498848,0.0
0.00656350976812,0.205763710279,-0.0155699881244,0.664106254795,0.635709445603,-0.393492545183,0.0
0.00640378743855,0.205654140569,-0.0151788536627,0.662086114961,0.632597402497,-0.401823969831,0.0
0.00637511548469,0.205427136166,-0.0146820027128,0.661995413605,0.634197524745,-0.399444078656,0.0
0.00639905313156,0.205473203616,-0.0148196119874,0.661317587331,0.633526817853,-0.401625222997,0.0
0.00640869710253,0.205783602028,-0.0154796009938,0.661481669317,0.633857859742,-0.400831903421,0.0
0.0064302285876,0.205796584526,-0.0154498084124,0.661117701307,0.634489392789,-0.400433009948,0.0
0.00633694539215,0.205112886787,-0.0138874647218,0.661303626768,0.633290092119,-0.402021358197,0.0
0.0063452238644,0.205754691634,-0.0153228044984,0.661862019538,0.634231872859,-0.399610558598,0.0
0.00636502758536,0.205604333088,-0.0149795008913,0.66130769524,0.633496438017,-0.401689426344,0.0
0.00631998538515,0.205269552439,-0.0143633257719,0.661927439916,0.633051704703,-0.401369659365,0.0
0.00636045759074,0.205022594744,-0.0137586630679,0.660825964086,0.632502271706,-0.404041979844,0.0
0.00634708281642,0.20532115608,-0.0144121652425,0.661191797817,0.633411579766,-0.402013901647,0.0
0.00636215522679,0.205445819555,-0.0146479607692,0.661175171101,0.632402110148,-0.40362725899,0.0
0.00637178231989,0.205600591777,-0.0150798801972,0.661242832084,0.633657202246,-0.401542609271,0.0
0.00640448455099,0.205710386902,-0.0151976288658,0.661191941225,0.634302501668,-0.400606481771,0.0
0.00641379154377,0.205542170885,-0.0148852828171,0.660975944597,0.633633437333,-0.402019238044,0.0
0.00632010781102,0.205078674501,-0.0137775251769,0.661735780999,0.633219401289,-0.401421157859,0.0
0.00650890260024,0.206289680587,-0.0165215130986,0.661256941006,0.633857259505,-0.401203480223,0.0
0.00624184364783,0.204941886139,-0.0135230235417,0.662381337844,0.63312685873,-0.400501365829,0.0
0.00636462462185,0.20520823032,-0.0142146065603,0.660759959736,0.632688743615,-0.403857932091,0.0
0.00641430694602,0.205598611085,-0.0149730319033,0.661535909703,0.633369327628,-0.401514053296,0.0
0.00646191648876,0.205760277401,-0.0153259211577,0.660729721195,0.633617466001,-0.402448931304,0.0
0.00637448973387,0.205276916031,-0.0143972263584,0.660458220439,0.632777022007,-0.404213037239,0.0
0.00644987215496,0.205683817843,-0.0152699329583,0.660987627021,0.633671568996,-0.40193992035,0.0
0.00635506947624,0.205550384408,-0.0148975294085,0.662511681974,0.633791867631,-0.399231937316,0.0
0.00635244981237,0.205450993723,-0.0145519906235,0.662090975827,0.634068173871,-0.399491039464,0.0
0.00669103021268,0.206720923378,-0.0177204759511,0.66220309959,0.636728111216,-0.395049828858,0.0
0.00647285071916,0.20599631324,-0.016518742784,0.659947343496,0.637415005726,-0.397707950999,0.0
0.00490198757917,0.20200015787,-0.00777486126308,0.638072253814,0.625947582193,-0.448389811725,0.0
0.00874061040938,0.209972262382,-0.0189047791914,0.145790660743,0.833510927077,-0.532920836226,0.0
0.00885896036094,0.210671304187,-0.021500363711,0.150407189578,0.847256579215,-0.509444762756,0.0
0.00867390430717,0.209346794051,-0.0188076554632,0.151736348382,0.848340226802,-0.507242486557,0.0
0.00869038304824,0.209691972567,-0.0194972302805,0.154372743341,0.85114922158,-0.501711130749,0.0
0.0081626153414,0.207562728873,-0.0149945237549,0.150446972786,0.849037644898,-0.506459066386,0.0
0.00795986001349,0.206402251538,-0.0123826507929,0.149407077352,0.848376895185,-0.50787219746,0.0
0.00799318134378,0.2069369841,-0.013527991322,0.149648598951,0.848491492168,-0.50760957886,0.0
0.00803591104141,0.20708326972,-0.0137809872666,0.150317445325,0.847956954,-0.508304701724,0.0
0.00798222158726,0.206812745272,-0.01331602578,0.150536657106,0.848364143389,-0.507559843841,0.0
0.00789156878032,0.206102811512,-0.0115951733183,0.148765011914,0.8476525618,-0.509268206061,0.0
0.00790760230281,0.206324370336,-0.0121348166706,0.149748786341,0.848320769282,-0.507865310288,0.0
0.00798501912696,0.206786898243,-0.0132226674772,0.149136401011,0.847446159196,-0.509503033511,0.0
0.00795221949663,0.206570378739,-0.0128053253697,0.149588514849,0.847603588818,-0.509108468255,0.0
0.00796931475774,0.206490872111,-0.0126724710063,0.149494675751,0.847691093828,-0.508990325415,0.0
0.00802664567825,0.206998506777,-0.0138214085376,0.149193674355,0.848159782563,-0.508297384191,0.0
0.00792358100293,0.206554602535,-0.0126362282812,0.150223092272,0.848115701292,-0.508067692114,0.0
0.00797716984459,0.206527571316,-0.0125829797815,0.149336611212,0.84771647408,-0.508994455887,0.0
0.00796237127943,0.206740016524,-0.013089403547,0.15070935455,0.847769372465,-0.508501505957,0.0
0.00797366348916,0.207108487769,-0.0137945267991,0.150518697297,0.848214525186,-0.507815164235,0.0
0.00804035617321,0.20671571548,-0.0131082685464,0.148941972232,0.847138303728,-0.510071547202,0.0
0.00808279044929,0.207142817365,-0.0139674050651,0.149091782475,0.847292473416,-0.509771620327,0.0
0.00794715338572,0.206470999001,-0.0126777958903,0.14946277562,0.847618513813,-0.509120549325,0.0
0.00794033015637,0.206577451587,-0.0126758597357,0.150244359441,0.847998987192,-0.508256185577,0.0
0.00800829634907,0.206901301464,-0.0133394543113,0.148969878509,0.847350541694,-0.509710736387,0.0
0.00783655130081,0.206155623383,-0.0118637160507,0.149244853022,0.847532982712,-0.509326827354,0.0
0.00802512433166,0.206840823213,-0.0131872797793,0.149644022052,0.847284283108,-0.509623400427,0.0
0.00798814673224,0.206793813086,-0.0131003546341,0.150587278645,0.848901527534,-0.506645505319,0.0
0.00803733731342,0.207092842767,-0.0139443949075,0.149728242828,0.849217864437,-0.50636989644,0.0
0.00790205262618,0.206684368073,-0.0129769777354,0.150412925143,0.848291473737,-0.50771796062,0.0
0.00798703441828,0.206840543835,-0.013283694919,0.15089618564,0.849146485424,-0.506142852811,0.0
0.00799497307007,0.206947454301,-0.0135751499801,0.149552185166,0.848437896747,-0.50772756403,0.0
0.00791741889588,0.206213388768,-0.0119426463955,0.150126183891,0.848282874171,-0.507817185903,0.0
0.00792859401525,0.206324107284,-0.0121746512175,0.149214174804,0.847793507018,-0.508902052948,0.0
0.00789417321351,0.20637496187,-0.0123151095947,0.150568838791,0.849048636385,-0.506404421227,0.0
0.00798880479195,0.206854783766,-0.01321050267,0.15010070492,0.848428693613,-0.5075810578,0.0
0.00800274536694,0.206843826527,-0.0133709795157,0.148920515694,0.847132655833,-0.510087191984,0.0
0.00804372801671,0.206979784167,-0.013664956175,0.149425673162,0.84821698784,-0.50813375182,0.0
0.00788265894677,0.206496789397,-0.0124869033517,0.149525753778,0.847887448855,-0.508654030783,0.0
0.00797941569915,0.206752371781,-0.0131123423868,0.149701344948,0.8478247791,-0.508706842164,0.0
0.0079189974279,0.206193427239,-0.0118321421368,0.150117727077,0.848279230274,-0.507825772783,0.0
0.00798472824217,0.206850354932,-0.0132508763346,0.14940837534,0.847568569779,-0.509219654865,0.0
0.0080578732184,0.207102991299,-0.0138296630939,0.149547306455,0.84804933382,-0.508377743947,0.0
0.00804477350582,0.207191183631,-0.0140766717852,0.149754682465,0.849307391985,-0.506211901281,0.0
0.00797507707262,0.206769780819,-0.013027223818,0.149449065727,0.847348438676,-0.509573939902,0.0
0.00786357056305,0.206544291438,-0.0128195913391,0.14777554079,0.848227163617,-0.508599123521,0.0
0.00806523809398,0.207266266148,-0.0142584786609,0.150159407777,0.85012362736,-0.504719694941,0.0
0.00866774499712,0.209661732349,-0.019343104469,0.154402290727,0.851960287143,-0.500323497098,0.0
0.0104721300617,0.217082477146,-0.0357138141429,0.168813501932,0.862363827697,-0.477316069545,0.0
0.0122664413278,0.223907426163,-0.0507542433523,0.184549983768,0.880151611292,-0.437349339351,0.0
0.00908556058968,0.211287316624,-0.0228849594458,0.157495925945,0.853476645738,-0.496762164915,0.0
0.00850185956245,0.209148039377,-0.0180599279939,0.151433121536,0.847537821642,-0.508672439384,0.0
0.00856915876802,0.209256759726,-0.0183783977128,0.15124715871,0.849139794671,-0.506049311913,0.0
0.00896583018837,0.210789536663,-0.0227020646831,0.156108874402,0.859127231459,-0.487370925988,0.0
0.00900989647632,0.210942506142,-0.0230253629709,0.156297597808,0.859010910144,-0.487515453265,0.0
0.00912306959483,0.211379937416,-0.0240067078305,0.156099193499,0.859020308081,-0.487562459685,0.0
0.012676831725,0.226092063744,-0.0540736955884,0.177239975302,0.862499853011,-0.474004213811,0.0
0.00235576058653,0.201810330286,-0.00689374073446,0.75465982948,-0.539082178577,0.374003939165,0.0
0.00293558015591,0.204207405125,-0.0119117491695,0.754732066596,-0.544580928395,0.365802023069,0.0
0.00304195690331,0.204858133382,-0.0132736873904,0.755289936862,-0.547064614492,0.360911926717,0.0
0.00312853849635,0.205333238882,-0.0144874529845,0.754130414209,-0.543808141699,0.368184767999,0.0
0.00302411473729,0.2049109695,-0.0135560256572,0.75509733441,-0.544503301899,0.365163209795,0.0
0.00310014760964,0.205156210635,-0.0140763217586,0.754009010216,-0.544143267502,0.367938197181,0.0
0.0029219884133,0.204499759131,-0.0125282563278,0.754247508805,-0.545287679201,0.365748605429,0.0
0.00322551331708,0.206167877466,-0.0165058522819,0.754729323317,-0.540682938463,0.371544894434,0.0
0.00389282135133,0.191892470403,0.0117188521454,0.996386666845,-0.0632093302827,-0.056729099215,0.0
-0.00207128435377,0.16523836968,0.06791695488,0.966388103021,0.21206897513,0.145329914767,0.0
0.0038288141655,0.191595038825,0.0119223904738,0.996883172056,-0.0582021236826,-0.0532583709007,0.0
0.00612448788343,0.202393424303,-0.0139663231413,0.999250027556,-0.0356001240482,0.0152319925557,0.0
0.00635399940192,0.203286112273,-0.0157777210658,0.999078441979,-0.0380170809255,0.0199240640958,0.0
0.00634426080933,0.203319012803,-0.0158027041111,0.999120476996,-0.037204520082,0.019341564916,0.0
0.00631526806497,0.202974122995,-0.014958337478,0.999077869982,-0.0388777946545,0.0182188582507,0.0
0.00638452011619,0.203439065179,-0.0160126341163,0.999054530658,-0.0375841349939,0.0218512601103,0.0
0.00635297505156,0.203209159948,-0.015628323385,0.99909438122,-0.0384533762782,0.0182141502218,0.0
0.00636521562138,0.203387028293,-0.0159855838564,0.999099766363,-0.0388631279374,0.0170092369142,0.0
0.00639090142701,0.203395874889,-0.0159787389342,0.99910290094,-0.0378452929923,0.019003345254,0.0
0.00633140278665,0.203362869644,-0.0160157620165,0.999055274059,-0.0388048766348,0.0195637655883,0.0
0.00630198039399,0.203139665429,-0.0154535992003,0.999100226428,-0.037285310373,0.0202124511637,0.0
0.00634224189544,0.203327139031,-0.0157523747389,0.999089594547,-0.0382796412026,0.0188321835743,0.0
0.00639132015382,0.203444617468,-0.0161311936313,0.999071172369,-0.0385567384223,0.0192398145335,0.0
0.00641051628847,0.203455884824,-0.0160722153198,0.99907799347,-0.0393117588789,0.0172553926929,0.0
0.00629490791917,0.203012558366,-0.0151672539258,0.999107996011,-0.038463853501,0.0174282609712,0.0
0.00627071941925,0.202781509629,-0.0145705407799,0.99909578318,-0.0381720706695,0.0187218869755,0.0
0.00634441484984,0.203053051208,-0.0152854061403,0.999059814176,-0.0391611258837,0.0185982235003,0.0
0.00639706125618,0.203210491165,-0.0155854337356,0.999072819234,-0.0394964483731,0.0171327882362,0.0
0.00638618126017,0.203258558776,-0.0157243478103,0.999059026626,-0.0376841248976,0.0214701664652,0.0
0.00634976951004,0.203249110794,-0.0156215110299,0.999101603894,-0.038374422771,0.0179830134747,0.0
0.0063554978699,0.203485516871,-0.0161556705665,0.999067137754,-0.0379924620357,0.0205286894021,0.0
0.00631476755132,0.20295972227,-0.0149758494612,0.999091259535,-0.0379656583134,0.0193717296419,0.0
0.00643704522996,0.203566117715,-0.0163794908799,0.99906124085,-0.0389515477744,0.0189582161066,0.0
0.00630513183261,0.203008564842,-0.0151441589583,0.999092343889,-0.0388080824398,0.0175619224467,0.0
0.00631986595875,0.20323708763,-0.0156824917761,0.999072328354,-0.0384962716669,0.0193007716245,0.0
0.00631577870435,0.203154640389,-0.01537798404,0.999084092369,-0.0391924053913,0.0171735766387,0.0
0.00634341745515,0.20321574289,-0.0155959071853,0.999110590872,-0.0378072363546,0.0186719063492,0.0
0.00631578649542,0.203076767335,-0.0152867396319,0.99909395605,-0.0381160543848,0.0189323369496,0.0
0.00639750178351,0.20360745881,-0.016293906696,0.999063490384,-0.0391981350094,0.0183207094424,0.0
0.00640888914584,0.203407549592,-0.0160045069238,0.999096613678,-0.0386620523944,0.0176409251754,0.0
0.00636178521927,0.203469269977,-0.0161356194591,0.99910310255,-0.0374267964542,0.0198046808315,0.0
0.00630829985016,0.203148890865,-0.0153312488482,0.999095583247,-0.0366300562703,0.0215929273869,0.0
0.00641181456354,0.203549423334,-0.0162026730096,0.999098942256,-0.0374839789968,0.0199061523737,0.0
0.00633240088894,0.203150896102,-0.0154295935843,0.999096101794,-0.0380187940472,0.0190144860191,0.0
0.0064075260646,0.203402922685,-0.0160001781855,0.999065978112,-0.039960926847,0.016440672288,0.0
0.00638100372434,0.203308098054,-0.0158280999407,0.999067103299,-0.0379837236725,0.0205465286898,0.0
0.00631427126297,0.203036630653,-0.0151615880133,0.999071206619,-0.0382685219124,0.0198051593296,0.0
0.00631746843989,0.203267575333,-0.015648788947,0.999093670697,-0.0381806125316,0.0188169604184,0.0
0.00635232829412,0.202958438194,-0.0150291126522,0.999083066614,-0.0388917954662,0.0179012360056,0.0
0.00632192837631,0.203165040159,-0.0155024470975,0.999067824144,-0.0383986952062,0.019723665156,0.0
0.00636057269648,0.203444940228,-0.016187988668,0.999072404628,-0.0386765960854,0.0189328081969,0.0
0.00637478671324,0.203303566831,-0.0158125066585,0.999067437501,-0.0388293466188,0.0188821917693,0.0
0.00632332901233,0.202912793938,-0.0149445450105,0.999086715419,-0.0385643714479,0.01839903064,0.0
0.00644008663944,0.203706989098,-0.0166355647625,0.999090730654,-0.0378012815419,0.0197173789899,0.0
0.00631373689581,0.203084291015,-0.0151535246977,0.999086131019,-0.0371589214591,0.0211214905001,0.0
0.00639751953247,0.203525668852,-0.0162778507394,0.999087392601,-0.0382186908738,0.0190712771971,0.0
0.00641903866083,0.203307267985,-0.0158564232746,0.999087046643,-0.0385202942564,0.0184732282302,0.0
0.00634225002291,0.203362191603,-0.0159349275494,0.999094700777,-0.037444642178,0.0201910290091,0.0
0.00632925429891,0.20327241029,-0.0157357480461,0.999060568612,-0.0381818275331,0.020497031277,0.0
0.00634403742529,0.20319333138,-0.0155061710871,0.999099164376,-0.0377036420415,0.0194755005204,0.0
0.00635315256443,0.203219770782,-0.0155949336178,0.999065559581,-0.0389116923441,0.0188119073682,0.0
0.00633517936655,0.203148870902,-0.0153341992629,0.999093340096,-0.0384695850319,0.0182370174141,0.0
0.00644122775724,0.203561667388,-0.0163103478479,0.999090967964,-0.0394686634424,0.0161078347012,0.0
0.00638871340911,0.20360573015,-0.016371527634,0.999063365031,-0.0394907718166,0.0176881767072,0.0
0.00639928133477,0.203540641072,-0.016402074063,0.999094841647,-0.0386289736097,0.0178129108526,0.0
0.00638753542807,0.203401116789,-0.0159903028843,0.999096056197,-0.0389181301722,0.0171011589026,0.0
0.00632371105123,0.203065475862,-0.015304347249,0.999074593094,-0.0395006313541,0.0170193289234,0.0
0.00631359460675,0.203103708199,-0.0152281237514,0.999090362393,-0.0384680722013,0.0184025866054,0.0
0.00633437895636,0.203287324461,-0.0156997640778,0.999091110412,-0.0380240266953,0.0192646435198,0.0
0.00638842242064,0.203609651812,-0.016389306919,0.999099598255,-0.0377678629513,0.0193282512255,0.0
0.00638532717739,0.203384858229,-0.0159480637525,0.999095896094,-0.0382014857422,0.0186557469747,0.0
0.00642257322464,0.203748233233,-0.016672602921,0.999101440294,-0.037004391218,0.0206636645556,0.0
0.00637929660809,0.203278720856,-0.0156838786039,0.999059799012,-0.039168323934,0.0185838747002,0.0
0.00639587382859,0.20340037085,-0.0159997980734,0.999070254471,-0.0397916025857,0.016590810534,0.0
0.00635278868154,0.20335719723,-0.0157802976422,0.999082063689,-0.0384090869026,0.0189676582347,0.0
0.00637620215236,0.203367554647,-0.0159827799514,0.999069990164,-0.0391126331543,0.0181481867033,0.0
0.00635881542419,0.203270543149,-0.0156556653146,0.999087334626,-0.0374163274534,0.0206037916567,0.0
0.00637433565735,0.203382921587,-0.0160316328378,0.999072448932,-0.0385920626705,0.0191022115165,0.0
0.00636706127471,0.203368589529,-0.0158976176412,0.999107250786,-0.038335229356,0.0177513835225,0.0
0.00637969097437,0.203510873995,-0.0162581763276,0.999098321987,-0.0371701304228,0.0205164423796,0.0
0.00633149267334,0.203256571176,-0.0154731485319,0.999088402937,-0.0376077381065,0.0201995334342,0.0
0.00640445081701,0.203427361949,-0.0160423484138,0.99909924529,-0.0376539044654,0.0195673590152,0.0
0.00639072097543,0.20343481371,-0.0159594515575,0.999061586086,-0.0391577656941,0.0185099052556,0.0
0.00635675171617,0.203281675515,-0.0157144352092,0.999107748379,-0.0383062072262,0.0177859949397,0.0
0.00638012350201,0.20347609044,-0.0161983992623,0.999093281858,-0.0384944596733,0.0181876530004,0.0
0.00634001764111,0.203234022642,-0.015479347115,0.999099361393,-0.0382927087022,0.0182793469555,0.0
0.00635100376021,0.203351643838,-0.0157768280679,0.999111084775,-0.038218979848,0.0177862266474,0.0
0.00634568330733,0.203281793476,-0.0156522227857,0.999092624137,-0.0385576569971,0.018089651237,0.0
0.00642005622846,0.20365259227,-0.0165217149333,0.999115806101,-0.0382007269797,0.0175587715235,0.0
0.00638333305788,0.203400495445,-0.016060439706,0.999084265934,-0.0389549989328,0.017695694994,0.0
0.00630907919831,0.202967127859,-0.0149593071547,0.99907118536,-0.0387890556389,0.0187663461131,0.0
0.00634691113998,0.203203445195,-0.0154680827377,0.999080407691,-0.0385632703302,0.018740681685,0.0
0.00637950560457,0.203382099686,-0.0159505718812,0.999095583299,-0.0388947245123,0.0171818461621,0.0
0.00632251209308,0.203338933282,-0.0158008095381,0.999083989341,-0.0375989325286,0.0204328782847,0.0
0.00636566413083,0.203309192049,-0.015663415885,0.999104255093,-0.0390163116455,0.0163833721057,0.0
0.00644573141361,0.2038677018,-0.0169419965942,0.99906663313,-0.0384428710853,0.0196979244653,0.0
0.00633393870655,0.203068499976,-0.0151145512503,0.999080024088,-0.0386633751227,0.0185539454673,0.0
0.00636765798506,0.203391973013,-0.0158455264416,0.999065170011,-0.0393219588542,0.0179602233228,0.0
0.00632017736751,0.202963753903,-0.0148947784861,0.999040481146,-0.0401337706214,0.017532754698,0.0
0.00636264213748,0.203202928023,-0.0154521210988,0.99909155355,-0.0385455004677,0.0181744881198,0.0
0.0063341130556,0.203299339802,-0.0157072098154,0.999072897396,-0.0396780899037,0.0167031395537,0.0
0.00631006087912,0.203073826373,-0.0152468613277,0.99907710952,-0.0398874088179,0.0159349882861,0.0
0.00638095152004,0.203304456967,-0.0157312532079,0.999096940439,-0.0381235745826,0.0187589089929,0.0
0.00639356213013,0.203408738542,-0.0159913593547,0.99908809223,-0.0384822573834,0.0184959409037,0.0
0.00644333599575,0.203675103382,-0.0164749761195,0.999112709445,-0.0374853305748,0.0192000993983,0.0
0.00639457741918,0.203414528214,-0.0159491963306,0.999096060144,-0.0377912296962,0.0194649829935,0.0
0.00640501722973,0.203472633666,-0.0161015623086,0.99909855862,-0.0385178394639,0.0178450611383,0.0
0.00634440809134,0.203306686342,-0.0157629928698,0.999096094453,-0.0389226812276,0.0170885615435,0.0
0.00637511571205,0.203336263522,-0.0157190587161,0.999096434524,-0.0380177471385,0.0189990900802,0.0
0.0063608235242,0.203379469873,-0.0159530027654,0.999073267151,-0.0388897075489,0.0184444439207,0.0
0.00635289797169,0.203198641513,-0.0155333135698,0.999077991125,-0.038644284065,0.0187025922952,0.0
0.00634922837968,0.203137591266,-0.015345550504,0.99908197309,-0.0369598432739,0.0216605870723,0.0
0.0063083841903,0.2030108903,-0.0152319740167,0.99908071912,-0.0391321710565,0.0175039958705,0.0
0.00635844446666,0.203263360588,-0.0156508463595,0.99911943404,-0.038008521428,0.0177681969356,0.0
0.0063737756366,0.203302174236,-0.0157776063638,0.999101829345,-0.0380304778728,0.0186873580668,0.0
0.00631504745167,0.203060146181,-0.0151740472193,0.999068228026,-0.0389080796797,0.0186771808346,0.0
0.00640528267135,0.203408570218,-0.0160379741636,0.99909362933,-0.038874391091,0.0173407482121,0.0
0.00633954185115,0.20324044465,-0.0154639762908,0.999098263493,-0.0386247481964,0.0176292005618,0.0
0.00636710414519,0.203386703542,-0.0158772720198,0.999118487189,-0.0372844260266,0.0192904155593,0.0
0.00642744376415,0.203586283709,-0.0163672086893,0.999094247545,-0.0389599838673,0.0171115218526,0.0
0.0063908091903,0.203610088938,-0.0163993851543,0.999126018788,-0.0358746022117,0.021452540568,0.0
0.00637317315002,0.203208862256,-0.0155662016179,0.999091068909,-0.0382164781337,0.0188821827344,0.0
0.00628919640603,0.202896931142,-0.0148273765705,0.999045297389,-0.0388271766269,0.0200235890971,0.0
0.00628697569422,0.202776274268,-0.0146616303394,0.999062924645,-0.039674486753,0.0172976212352,0.0
0.00642055200774,0.203922989972,-0.0171475331334,0.999103816244,-0.0383099104869,0.0179976422125,0.0
0.00635946424053,0.203275309449,-0.0157469098214,0.999078383492,-0.0390198704047,0.0178838852695,0.0
0.00633676495952,0.203095222194,-0.0153010187815,0.999093363414,-0.0392749447063,0.0164295435406,0.0
0.00632568691359,0.20310040663,-0.0152133381917,0.999090558412,-0.0377010109032,0.0199170747852,0.0
0.00633983837593,0.203125850787,-0.0155022146876,0.999086610546,-0.0391845576481,0.0170445026245,0.0
0.00632388904022,0.203032548154,-0.0151838102414,0.999073719062,-0.0396346516883,0.0167570363014,0.0
0.00635865879924,0.20336048008,-0.0159375942197,0.999083661925,-0.0392825230127,0.0169917585983,0.0
0.00633396799437,0.203029346614,-0.015139385846,0.999088610138,-0.0395120862777,0.0161475734975,0.0
0.00637690710867,0.203266329474,-0.0156490686609,0.999087264355,-0.0382843035361,0.0189459839104,0.0
0.00631940375072,0.202968056573,-0.0149075211791,0.999086849069,-0.0381035500682,0.0193284114859,0.0
0.00629651543328,0.203103794107,-0.015212705186,0.99909125083,-0.0384487677215,0.0183946942133,0.0
0.00636592772255,0.203256050043,-0.0157624716999,0.99908524854,-0.038762807742,0.0180585405437,0.0
0.00642814704987,0.203676639652,-0.0165418879554,0.999105182377,-0.0374983452399,0.0195629407983,0.0
0.00637964973011,0.203556042148,-0.0161967993173,0.999110376438,-0.037063771925,0.0201179647277,0.0
0.00631727328026,0.202966329147,-0.0150320239865,0.999056065644,-0.0396100745474,0.0178331067124,0.0
0.00627327497274,0.202679967049,-0.0143113991108,0.999085959851,-0.0382186517987,0.0191462655317,0.0
0.00626463140687,0.202770828458,-0.0144619577669,0.999112876526,-0.0382084663367,0.0177079942455,0.0
0.00634421814405,0.203054007479,-0.0151674067571,0.999097104132,-0.0385493796864,0.017858382922,0.0
0.00637034592883,0.203395842487,-0.0159099128201,0.999086485928,-0.0379743850333,0.019599482593,0.0
0.00628126521109,0.202868905745,-0.0147508516023,0.999064857801,-0.0392216778955,0.0181953260577,0.0
0.00636045668919,0.203118094658,-0.0154068863862,0.999096943941,-0.0374881025793,0.0199984692378,0.0
0.0063410996359,0.202966435697,-0.0150777532464,0.999076479968,-0.0388256570173,0.0184053126233,0.0
0.00633024176574,0.202847081377,-0.0146676739112,0.999104499713,-0.0381741763172,0.0182463945981,0.0
0.00642261225428,0.203442966082,-0.0160184909273,0.999075747688,-0.0387089028001,0.0186887994826,0.0
0.00628216909774,0.202864324158,-0.0146036240476,0.999085336252,-0.0379836216728,0.0196401469225,0.0
0.0063698021877,0.203132247441,-0.015313217573,0.999085133269,-0.037480165105,0.020594506665,0.0
0.00640019907232,0.203308368952,-0.0157245795308,0.999112090981,-0.038564166141,0.0169656931785,0.0
0.0063864155218,0.203127594995,-0.0153146216422,0.999078831847,-0.0386734397183,0.0185971184531,0.0
0.00638094256072,0.203091671025,-0.0152984522006,0.999099758721,-0.0385234210255,0.0177656454112,0.0
0.00648198136926,0.203722163432,-0.0165733462318,0.999096501495,-0.0379121805479,0.0192053968179,0.0
0.00628660622359,0.202967164905,-0.0150470436033,0.999059265563,-0.0374773499523,0.0218181606126,0.0
0.00638558637095,0.203302924651,-0.0157263360166,0.99909784557,-0.0386895174217,0.017510460247,0.0
0.00643193857801,0.203409783507,-0.0158700163223,0.999104321183,-0.0385072201652,0.0175427873935,0.0
0.00634092286924,0.203178063734,-0.0153466997033,0.999101823626,-0.0377420132665,0.0192636045829,0.0
0.00643746287374,0.203647751281,-0.0165063642022,0.999065810479,-0.0385842459418,0.0194618164062,0.0
0.00639617326127,0.203485618893,-0.0161977671563,0.999088828518,-0.0389312123208,0.0174892377912,0.0
0.0063931840151,0.203425549784,-0.0160298728001,0.999106494728,-0.0382781528191,0.0179163391475,0.0
0.00632927774431,0.202960839643,-0.0149991578368,0.999073878754,-0.0384014175106,0.0194091711319,0.0
0.00631815260313,0.203161348438,-0.015364134976,0.999082544863,-0.0387068030486,0.0183262638542,0.0
0.00638330556806,0.202891386361,-0.014875367129,0.999074306497,-0.0398407335841,0.0162248588365,0.0
0.00642400252267,0.203435573365,-0.0159790434354,0.999110345536,-0.0377492840065,0.0188018350028,0.0
0.00634810217815,0.20329849455,-0.0155883799547,0.999086232576,-0.0384359681525,0.0186916084996,0.0
0.00635520475417,0.20318385616,-0.0155083366276,0.999096019333,-0.0388440353559,0.0172709313844,0.0
0.00634871156836,0.202994530462,-0.0150708583735,0.999097079142,-0.0382222089252,0.0185496413792,0.0
0.00628582088063,0.202735259361,-0.0144674717324,0.999104297398,-0.0376952178442,0.0192268944889,0.0
0.00634918948934,0.203030325033,-0.0150762689055,0.999100803461,-0.0387370503303,0.0172344264657,0.0
0.00634185298876,0.203027037414,-0.014996177197,0.999102134809,-0.0375528293195,0.0196140059796,0.0
0.00642403066396,0.203655354427,-0.0165421001853,0.999106574179,-0.0379294955597,0.0186388518484,0.0
0.00643337100853,0.203640908344,-0.0165211276113,0.999126392229,-0.037754836631,0.0179171611327,0.0
0.00639274807031,0.203364551048,-0.015790030453,0.99908759907,-0.0387037034122,0.0180552686869,0.0
0.00629663028171,0.202945140638,-0.0148473303017,0.999072118471,-0.0388461392908,0.0185978374005,0.0
0.00637722786916,0.203343535362,-0.0157429934891,0.999109279761,-0.0383261206685,0.0176566013045,0.0
0.00638705598694,0.203058759455,-0.0152340926649,0.999069039931,-0.0395008975674,0.0173416418433,0.0
0.00640744477435,0.203342539781,-0.0157518673234,0.999113099563,-0.0372913782247,0.0195542167253,0.0
0.00636233884774,0.20324555071,-0.0155489737837,0.999117825444,-0.0377419841446,0.0184150349489,0.0
0.00640816884194,0.203195399174,-0.0155721649406,0.999111533014,-0.0385662017102,0.0169939013815,0.0
0.0063549867777,0.203168376077,-0.0154210791238,0.999092390634,-0.0381082387024,0.0190304261669,0.0
0.00636916822552,0.203307813234,-0.0157326023774,0.999080782699,-0.0382046096702,0.0194421563086,0.0
0.00632151877193,0.202902698449,-0.0148002270038,0.999045001396,-0.0399845763175,0.0176158690598,0.0
0.00635052280595,0.203321447986,-0.0157521689498,0.999100228275,-0.0374250377684,0.0199524536963,0.0
0.0063794030673,0.203358582576,-0.015788631721,0.999089372964,-0.0389894643229,0.0173276225376,0.0
0.0063280849042,0.202755876438,-0.0145356824112,0.999098097153,-0.038236690884,0.0184647701289,0.0
0.00630388220955,0.202999357602,-0.0150371674172,0.999092437529,-0.0385840793266,0.0180435610226,0.0
0.00635122091673,0.203190305106,-0.0155658613298,0.999067097,-0.037592045324,0.021254971651,0.0
0.00640207648636,0.203446157917,-0.0160504610802,0.999116875001,-0.0381516822157,0.0176045230785,0.0
0.00634424280422,0.203167139892,-0.0154534579071,0.999090582608,-0.0381562569716,0.0190291302396,0.0
0.00634588269682,0.202882540694,-0.0148371588897,0.999091833336,-0.0380953655854,0.0190853787635,0.0
0.00629863769494,0.202735718137,-0.0144320553739,0.999110504829,-0.0381817829682,0.017898340407,0.0
0.00641111535294,0.203387593164,-0.0159366582861,0.999111298133,-0.0386620565296,0.0167886666507,0.0
0.0063039224418,0.202812263645,-0.0146514463279,0.999065047317,-0.0390137460518,0.0186268314157,0.0
0.00640384069219,0.203228119509,-0.0156237738606,0.999111188927,-0.0387930219611,0.0164904095743,0.0
0.00634494573769,0.203249187015,-0.0156391435434,0.999095223109,-0.0376665215296,0.019747615464,0.0
0.0063578198007,0.203138072257,-0.0154063655726,0.999085563352,-0.0386583931369,0.0182637822564,0.0
0.00628496074007,0.202911899417,-0.0148388179687,0.999109241716,-0.0371795418441,0.0199600798081,0.0
0.00634101425404,0.203218325673,-0.0153792206499,0.999061589986,-0.0390332673865,0.0187708138247,0.0
0.00630183208398,0.202898336283,-0.0148019386169,0.999098091494,-0.0384890850764,0.0179330394379,0.0
0.00634608589324,0.203064171151,-0.015166193156,0.999108640163,-0.0387810282182,0.0166720425453,0.0
0.00634944324172,0.203097891297,-0.0152938083324,0.999103050724,-0.0377792660794,0.0191264499756,0.0
0.00641027592266,0.203522702742,-0.0162168870841,0.999109497238,-0.0381235600568,0.0180777957168,0.0
0.00632054364925,0.2030191291,-0.0149890043584,0.9990746648,-0.0389297065214,0.0182836567562,0.0
0.00637325562358,0.203296967396,-0.0157997506798,0.9991062795,-0.037915027652,0.0186840290839,0.0
0.00641359038044,0.203557250996,-0.0162242359357,0.999091706647,-0.0385768096007,0.0180994881201,0.0
0.00637002827032,0.203243199207,-0.0156743822709,0.999076495714,-0.0396691181462,0.0165080821742,0.0
0.00636193861401,0.20299834033,-0.0150915938215,0.999064701936,-0.0399763747493,0.0164806191653,0.0
0.00629011676397,0.202929137641,-0.0148988998357,0.99910278894,-0.0386081232341,0.0174077555409,0.0
0.0063336933345,0.203108408426,-0.0152861286901,0.99908444853,-0.0389607633898,0.0176726800841,0.0
0.00637440133672,0.203418239996,-0.0159604919571,0.999070183106,-0.0394008674021,0.0175025962793,0.0
0.00634361383821,0.203341301067,-0.015729551389,0.999098788964,-0.0384225781155,0.0180365013815,0.0
0.0063704985487,0.203223026081,-0.0155318910317,0.999090543575,-0.0380998729094,0.0191438089904,0.0
0.00637351797689,0.203343387335,-0.0157843549815,0.999103180598,-0.0385902513472,0.0174248965542,0.0
0.00641533697623,0.203402770011,-0.0159494572635,0.999084948824,-0.0387727662045,0.0180537429336,0.0
0.00636275937507,0.203045878481,-0.0151106279031,0.999086340454,-0.038348173277,0.0188653630883,0.0
0.0063076792602,0.202842683382,-0.0145946067267,0.99910713945,-0.0378193576872,0.0188313590505,0.0
0.0062984741701,0.20284115792,-0.0147609016434,0.99910612418,-0.0393116301758,0.0155418261339,0.0
0.00645476609857,0.203523495754,-0.0161691607058,0.999112463509,-0.0393343055092,0.0150697601399,0.0
0.006278017852,0.20266974396,-0.0143849834195,0.999054489506,-0.0398718027132,0.017331080382,0.0
0.00638817216993,0.203560683302,-0.0162706304808,0.999103804818,-0.0378774466987,0.0188914327309,0.0
0.0063596273025,0.203313250685,-0.0157983147393,0.999093251229,-0.037729783109,0.0197266017359,0.0
0.00633232273406,0.203071729437,-0.0153132709195,0.999081014666,-0.0393024467479,0.0171009886692,0.0
0.00638338498435,0.203128897281,-0.0151943876071,0.999100623337,-0.0379174525236,0.018979231865,0.0
0.00636981918177,0.2032391525,-0.0155609245266,0.999091819569,-0.0380542875001,0.0191678708729,0.0
0.00630187950687,0.202768999092,-0.0144478837602,0.999110014882,-0.0387299410246,0.016708376044,0.0
0.00629304550071,0.203069868208,-0.0152169100568,0.999070131313,-0.0376057455127,0.0210874517614,0.0
0.00635662618079,0.203143002842,-0.0152839265712,0.999077002481,-0.0389197866583,0.0181767246779,0.0
0.00635142145522,0.203152911651,-0.0154899407929,0.999090643149,-0.0386829068038,0.0179309646385,0.0
0.0063120511549,0.203043966711,-0.015150087748,0.999084647315,-0.0378407129842,0.0199486325429,0.0
0.00633114479004,0.202803423535,-0.0146241908369,0.999044988649,-0.0403697530209,0.0167150739192,0.0
0.00642323736554,0.203456465646,-0.0160624278913,0.999091623729,-0.0373788726538,0.0204633153338,0.0
0.00634301261174,0.202932189517,-0.0149695057655,0.999091746597,-0.0382367393401,0.0188051494839,0.0
0.00635042440265,0.202997823872,-0.0150771663596,0.999102070545,-0.0383664705055,0.0179740527763,0.0
0.0063950907947,0.203583066121,-0.016314012946,0.999080976606,-0.0384147812432,0.0190133312496,0.0
0.00636786287858,0.203312913624,-0.0157059347577,0.999048190221,-0.0377649150543,0.0218294481768,0.0
0.00632469025544,0.203198583657,-0.015362377039,0.999105685743,-0.0386985602775,0.0170367294154,0.0
0.00639209487786,0.203239784125,-0.0157038499911,0.999107609583,-0.037720054994,0.0190047868621,0.0
0.00634278833206,0.202955512106,-0.0150216030692,0.999057726368,-0.0405284363455,0.0155275635943,0.0
0.00636680573259,0.202990531288,-0.015116461258,0.999084870051,-0.0385251356706,0.0185805370341,0.0
0.00639530053368,0.203317074381,-0.0157330607078,0.99909312727,-0.0386995980443,0.0177556794564,0.0
0.00640114745792,0.203629076461,-0.0165433249789,0.999085571603,-0.0386526277166,0.0182755296976,0.0
0.00639775870262,0.203625336014,-0.0163452603177,0.999120577956,-0.0372220211837,0.0193026382563,0.0
0.00638440318218,0.203238789017,-0.0156196237948,0.999108745,-0.0382474533693,0.0178563147416,0.0
0.00639138694035,0.203329115027,-0.0158944717722,0.999112915811,-0.0378310090488,0.0184985462618,0.0
0.00634938988699,0.203095428495,-0.0152820709291,0.999086391202,-0.0377866570519,0.0199637537544,0.0
0.00636598594601,0.203288087825,-0.015775934586,0.99908731845,-0.0382538598298,0.0190045342004,0.0
0.0063765561941,0.203393230413,-0.0159077125332,0.999070856833,-0.0384789312008,0.0194112050355,0.0
0.0064335131059,0.203667631771,-0.0164810169086,0.999070825668,-0.0378186356863,0.0206696902096,0.0
0.00641733630335,0.203530840373,-0.0162186021718,0.999129838288,-0.0374732249628,0.0183118445974,0.0
0.00638593967921,0.20335154714,-0.0159222777426,0.999110305641,-0.0382112622417,0.0178464730528,0.0
0.00635766288272,0.203000927145,-0.0150303512934,0.999084281277,-0.038444612271,0.0187779309783,0.0
0.00637638920415,0.203349975627,-0.0158320772921,0.99906515801,-0.0388552606354,0.0189493739234,0.0
0.00636854916728,0.203236375358,-0.0156034418758,0.999094969837,-0.0382351870083,0.0186363011441,0.0
0.00633102892256,0.203123316644,-0.0154105483806,0.999107527331,-0.0382108256386,0.0180022674813,0.0
0.00633355255424,0.202872781875,-0.0148062755062,0.999074718641,-0.0385933838102,0.01898044515,0.0
0.00635248222068,0.203092429891,-0.0152018903057,0.999070648465,-0.0391874901169,0.0179493730878,0.0
0.00637889649075,0.203395098156,-0.0158946383249,0.999097467408,-0.0374325063646,0.0200763066054,0.0
0.00636823996773,0.203160785304,-0.0153719456462,0.99909494755,-0.0389665696112,0.017055563119,0.0
0.0063979689161,0.203322487557,-0.0158456850976,0.999113755181,-0.0375120089715,0.0190932813055,0.0
0.00625983674091,0.202629838357,-0.0141451359355,0.999077218818,-0.0389221903914,0.0181596788135,0.0
0.00642097419387,0.203452602098,-0.0161029382396,0.999107450379,-0.0386558604725,0.017030180522,0.0
0.00636922808919,0.203269739981,-0.0156657564016,0.999119533121,-0.0382815314122,0.0171663300867,0.0
0.00640499863393,0.203412593595,-0.0159124683893,0.999096388376,-0.0387466519742,0.0174672177255,0.0
0.00635324135257,0.203081879102,-0.0151492063909,0.999120205907,-0.0387460985421,0.0160484888877,0.0
0.00630046177623,0.202757826148,-0.0145020028821,0.999061820261,-0.0391601341296,0.0184922468106,0.0
0.00635805481098,0.203115792049,-0.015223853581,0.99907023143,-0.038647028786,0.019107062453,0.0
0.00634047013582,0.203235810969,-0.0155678640865,0.999103679355,-0.03857851058,0.0174222966428,0.0
0.00637052278128,0.203097509637,-0.0152750680083,0.999108769043,-0.0388875527772,0.016414196909,0.0
0.00635365074136,0.203097748239,-0.0153011723606,0.999097134761,-0.0391571028527,0.0164814018908,0.0
0.00632282424645,0.202898949282,-0.0148240072821,0.999082319127,-0.0397707257848,0.0158999678541,0.0
0.00643114788362,0.203648828457,-0.0165480910724,0.999099942029,-0.037818558827,0.0192109980652,0.0
0.00636645293669,0.203121162032,-0.0153362494062,0.999107048558,-0.0385939639767,0.0171933552744,0.0
0.00631698888812,0.203067165175,-0.0151144176136,0.999112338421,-0.0369138377171,0.0202954132651,0.0
0.00633012409592,0.203044440047,-0.0151316956443,0.999068002187,-0.0389377491473,0.0186273641993,0.0
0.00640196425199,0.20363621087,-0.0165084597155,0.999095920755,-0.0378458463026,0.0193657700285,0.0
0.00631243022959,0.203115625057,-0.0152664565103,0.999082891822,-0.0385637723517,0.0186067388691,0.0
0.00641674320215,0.203424955353,-0.0159957040856,0.999104805525,-0.037489115942,0.0195998408808,0.0
0.00644344240497,0.203693816034,-0.0165623648371,0.999115271311,-0.0372858121081,0.0194536075761,0.0
0.00638096532712,0.203185102476,-0.0154382310058,0.999090554066,-0.0390021985698,0.0172305914531,0.0
0.00641824304795,0.203642591699,-0.0165009262236,0.999105180636,-0.0369547945178,0.0205713681609,0.0
0.00633242850056,0.202916083079,-0.0148242055418,0.999111085403,-0.0380088775481,0.0182308599137,0.0
0.00638459706738,0.203734008522,-0.0166374833724,0.999075731939,-0.0380423292532,0.0200115725281,0.0
0.00635251452533,0.203078840264,-0.0151600995164,0.999096669099,-0.0381784946139,0.0186614132576,0.0
0.00643753957143,0.203397453777,-0.0160286537524,0.999105529068,-0.0391906692957,0.0158818520861,0.0
0.00642344067777,0.203444548756,-0.0159537171933,0.999099427771,-0.0372177711317,0.0203757439226,0.0
0.00634636373814,0.203371753514,-0.015764575627,0.999089543026,-0.0387392280646,0.0178705687052,0.0
0.00639868843758,0.203411766477,-0.0160230575502,0.999081557413,-0.0386056069666,0.0185916311494,0.0
0.00636052002988,0.203051195568,-0.0150891122277,0.99909584505,-0.038532083233,0.0179658277238,0.0
0.00639109919963,0.203273120319,-0.0155650001082,0.999091226248,-0.0386431661473,0.0179840858571,0.0
0.00637767884452,0.203329921416,-0.015778858996,0.999081690323,-0.0387048685006,0.0183768662967,0.0
0.00638549027054,0.203431374223,-0.0159732147333,0.999108348879,-0.0381357106383,0.0181155947845,0.0
0.0064299405026,0.203757845566,-0.0166782516395,0.999067245424,-0.0388339965492,0.0188827919999,0.0
0.00640572586133,0.203590735879,-0.0163422019097,0.999118028071,-0.0374940187849,0.0189040879066,0.0
0.00638600060851,0.203396542199,-0.015927571951,0.99907594706,-0.0384385408958,0.0192283795312,0.0
0.00626058854248,0.202813383878,-0.0146489868403,0.999079969397,-0.0384791881645,0.0189358609083,0.0
0.00625711399424,0.2026563482,-0.0143583167688,0.999060530415,-0.0397924555159,0.017164412312,0.0
0.00635263719531,0.203085571038,-0.0153445904847,0.999090387548,-0.0395166736891,0.0160259167936,0.0
0.00634198787395,0.203073580797,-0.0152409257932,0.99905586689,-0.0387809781153,0.0195808725353,0.0
0.00641072366884,0.203519797726,-0.0161808947499,0.999100254952,-0.0381328057648,0.0185625881778,0.0
0.00640165649087,0.203454036433,-0.0160339187596,0.999105410278,-0.0382911593152,0.0179489908303,0.0
0.00637908842609,0.20337545031,-0.0159815450945,0.99912441222,-0.0369061743363,0.0197064253785,0.0
0.00634145016216,0.203065787985,-0.0151929289754,0.999067525521,-0.0397269538127,0.0169070574037,0.0
0.00633845097299,0.20295886401,-0.0150199472103,0.999057793979,-0.0396327099873,0.017685377826,0.0
0.00637301675279,0.203147335074,-0.0153475606848,0.999086554041,-0.0383430709904,0.0188644226562,0.0
0.00639543523557,0.203520034867,-0.0163461030976,0.999090182324,-0.0386631427372,0.0179991382286,0.0
0.00643024882217,0.203483699839,-0.0161142558023,0.999089749425,-0.0379338311692,0.0195114593629,0.0
0.00632180722256,0.202915792245,-0.0147960679692,0.999079923589,-0.0382440072369,0.0194088173667,0.0
0.00648366454112,0.203828492648,-0.0169656879881,0.999078341669,-0.038880870441,0.0181863993547,0.0
0.00628246400181,0.202733599442,-0.0143747092126,0.999102641695,-0.0390187276748,0.0164757472943,0.0
0.0063789228693,0.203225371068,-0.0154957615443,0.999085032372,-0.0377994143525,0.0200075576779,0.0
0.00640527020915,0.203379548497,-0.016022586909,0.999069441862,-0.0377899172829,0.0207887587105,0.0
0.00637624706427,0.203263063476,-0.0156092856523,0.999088193605,-0.0385227668301,0.0184059184803,0.0
0.00634351981951,0.20301351066,-0.0151438800329,0.99909899568,-0.0383580632159,0.0181619331845,0.0
0.00634438071542,0.203165763342,-0.0154066960782,0.999098056438,-0.0380872548863,0.0187732426038,0.0
0.00636321155798,0.203274120311,-0.0156560152641,0.999069403308,-0.039363689196,0.0176302962743,0.0
0.00640594581894,0.203515738694,-0.0162351395615,0.999126373497,-0.0365746123917,0.0202184943018,0.0
0.00640165791013,0.203466460561,-0.0160749791333,0.999102682805,-0.0376774383258,0.0193452798732,0.0
0.00639862476358,0.203394043186,-0.0158874835372,0.999116865456,-0.0380606090699,0.0178011010427,0.0
0.00630506481745,0.202652759593,-0.0141422625876,0.999087077773,-0.0384119847385,0.0186957336301,0.0
0.00639833296859,0.203235280972,-0.0156424416222,0.999094905631,-0.0379915731871,0.0191313854586,0.0
0.00637932351783,0.203276243737,-0.0157084143278,0.999089897771,-0.0387415341152,0.0178457195767,0.0
0.00640986244214,0.203385710086,-0.0158857229791,0.999089825378,-0.0383652613415,0.0186447726956,0.0
0.0063001331782,0.203020289114,-0.0151235544236,0.999101538278,-0.0387352469173,0.0171958383788,0.0
0.00630112014098,0.203126019394,-0.0151864296506,0.999077644652,-0.0388698862881,0.0182480655567,0.0
0.00631724225801,0.202892639557,-0.014808354274,0.999094137261,-0.0387653613689,0.0175542487534,0.0
0.00641041496075,0.203509534057,-0.0162204408536,0.999039171475,-0.0388504258738,0.0202824620648,0.0
0.00642210127177,0.203575173066,-0.0164331799416,0.999084935213,-0.0379998827446,0.0196290891841,0.0
0.00632596170132,0.203020192823,-0.0150485308995,0.999101913664,-0.0385832854191,0.0175127438952,0.0
0.00638952516794,0.203280574981,-0.0156659405315,0.999090838242,-0.038336049754,0.018650582564,0.0
0.00644685521776,0.203435399371,-0.0161162476771,0.999076546985,-0.038913319272,0.0182155660934,0.0
0.00631245342022,0.202843370441,-0.0147196094229,0.999094995932,-0.0383122014013,0.0184760474064,0.0
0.00640801352735,0.203524969025,-0.016240546623,0.999094688912,-0.0384495699655,0.018205305748,0.0
0.00637742465979,0.203327807282,-0.0157562214153,0.999084966506,-0.038497144466,0.0186332919971,0.0
0.00639795636594,0.203241495183,-0.0156275355436,0.999126746679,-0.0380110230969,0.0173466479259,0.0
0.00638451628596,0.203091839362,-0.01525836496,0.999090148303,-0.038407857059,0.018539473537,0.0
0.00634140725807,0.203150531605,-0.0152818057512,0.999066711107,-0.0388896977761,0.0187962274293,0.0
0.00642711592163,0.203627968358,-0.0163205738693,0.99910864628,-0.0368931229301,0.0205136639654,0.0
0.00639321481716,0.203407315484,-0.0159457597482,0.999093905473,-0.0379001589945,0.0193635222605,0.0
0.006442543669,0.203559786947,-0.0162866037032,0.999097534212,-0.0378582959359,0.0192578960408,0.0
0.00642793116067,0.203602414028,-0.0164308159572,0.999106726084,-0.0370673128635,0.0202919740575,0.0
0.00639298071906,0.203331964973,-0.0157129341299,0.999097743554,-0.0373286560007,0.0202551293694,0.0
0.00638570583012,0.203299239116,-0.0156385331171,0.999093177956,-0.0380226302516,0.019159889124,0.0
0.00625992444078,0.202712746746,-0.0144097103398,0.99910909176,-0.0376255331725,0.0191139220475,0.0
0.00639529976893,0.203469626221,-0.0160594350775,0.999100548965,-0.0384279785474,0.017927172759,0.0
0.00647494069814,0.204108652384,-0.0175738752163,0.999053665922,-0.0389366434414,0.0193832506244,0.0
0.0064153664055,0.203607389878,-0.0163424718355,0.999075337644,-0.0374840753407,0.0210573931704,0.0
0.0063580130735,0.203280546852,-0.0155138246438,0.999068465389,-0.0377900279545,0.0208354326301,0.0
0.00635928976254,0.203122199024,-0.0153356672201,0.999104739626,-0.0379871626234,0.0186197404118,0.0
0.00628136554118,0.202576364505,-0.0141987306025,0.999070591322,-0.0394651879024,0.0173335656716,0.0
0.00635658565777,0.202922541023,-0.0150071144293,0.999079213737,-0.0389114054861,0.0180728304934,0.0
0.00634518111667,0.20319589881,-0.01554569261,0.999073483098,-0.0387441626299,0.0187367348686,0.0
0.00640651976303,0.203460277306,-0.0159955680352,0.999107890746,-0.0374382503565,0.0195397046681,0.0
0.00639495184427,0.203480144578,-0.0160698248502,0.999112843504,-0.0381185094375,0.0179026585435,0.0
0.00634158665517,0.203149600058,-0.0153563444134,0.999088279827,-0.038437200528,0.0185793091229,0.0
0.00635314662485,0.203167628578,-0.0154488761539,0.999099537505,-0.0385396928245,0.0177427798027,0.0
0.00642435477328,0.203606394883,-0.0164076481662,0.999099461366,-0.0371478946969,0.0205012247886,0.0
0.00632467533717,0.202849654221,-0.0147780090245,0.999100444782,-0.0383571459248,0.0180839871869,0.0
0.00637351297217,0.203205556821,-0.015511517726,0.999134178268,-0.037080542887,0.018866031821,0.0
0.00631958999895,0.2030688953,-0.0152049656927,0.999068171611,-0.039699930935,0.0169323346767,0.0
0.00640874378843,0.203583842688,-0.0163031971873,0.999093442076,-0.0384262231186,0.018322646578,0.0
0.00633171770212,0.20299623773,-0.0150585168074,0.999067009932,-0.0397481079207,0.0168877938757,0.0
0.00639707770778,0.20344237047,-0.0161080077429,0.999110305652,-0.036802571621,0.0205953359268,0.0
0.00640887918815,0.203340750928,-0.0158341326332,0.99910138692,-0.0378146667337,0.0191433966383,0.0
0.00636042892026,0.203315057423,-0.0158220195074,0.999076692847,-0.0379528860059,0.0201330637082,0.0
0.00635949898278,0.203096878837,-0.015204027063,0.999096888681,-0.0387073958352,0.0175255395035,0.0
0.00636144756196,0.203150644107,-0.0153258324345,0.99910005666,-0.0385150421918,0.0177670567753,0.0
0.00630094821778,0.202846996921,-0.0147842077809,0.999073127073,-0.0393725277829,0.0173980118597,0.0
0.00634764707495,0.203188336025,-0.0155112699212,0.999043115336,-0.038805306838,0.020174287118,0.0
0.00638486413594,0.203179542856,-0.015470419769,0.999073647857,-0.0383564415722,0.0195097295698,0.0
0.00634569290276,0.203060722108,-0.0151465392388,0.999081341186,-0.0388728185723,0.0180382280352,0.0
0.00635123162382,0.203096798388,-0.015197427532,0.999105641323,-0.0380602485789,0.0184210465182,0.0
0.00642914180666,0.203530720665,-0.0162031646833,0.999123082899,-0.0376868971461,0.018241792721,0.0
0.00632651444462,0.202882422625,-0.0147429581305,0.999063513085,-0.0384999672157,0.0197446029668,0.0
0.00636614073457,0.203379515624,-0.0159164719344,0.99911001794,-0.0376423770778,0.0190321701309,0.0
0.00639956278951,0.203436011521,-0.015963115676,0.999083985544,-0.0377487287351,0.0201549822346,0.0
0.00635775671297,0.203077455667,-0.0152924214241,0.999072091144,-0.0391287747558,0.0179971020592,0.0
0.00636582661931,0.203341362214,-0.0157285792501,0.999114987981,-0.0389001757928,0.0160005348249,0.0
0.00633607847873,0.203100824906,-0.0152312948042,0.999078319442,-0.0388029592998,0.0183532550207,0.0
0.00634831634384,0.203148472036,-0.0153420272935,0.999101596681,-0.0385837897003,0.0175297085447,0.0
0.00636143580178,0.203308672175,-0.0156659588955,0.999114454083,-0.0379328680128,0.0182045369679,0.0
0.00636744440818,0.2031679566,-0.0153748463692,0.999079958432,-0.0372225932948,0.0213005917148,0.0
0.00641971309364,0.203464705134,-0.0161200235884,0.999067094813,-0.0383431680084,0.0198681033307,0.0
0.00633871696013,0.202903202871,-0.0148786542667,0.999087631644,-0.0375636276216,0.0203194039354,0.0
0.00650557281409,0.204009721392,-0.0171683680669,0.999079001186,-0.0380765506058,0.0197819534465,0.0
0.00638809798817,0.20323888314,-0.0155470437188,0.999075640465,-0.0387275220108,0.0186559284885,0.0
0.00637370985896,0.203127634087,-0.0154067643375,0.999083108773,-0.0388192071227,0.0180557725546,0.0
0.00638171292473,0.203251115687,-0.0156165577583,0.999081920273,-0.0392677367228,0.0171277971877,0.0
0.00641759025416,0.203494475338,-0.0160635703107,0.999084128461,-0.0389741245153,0.0176613101279,0.0
0.0063514082816,0.202961769157,-0.0150041072207,0.999081642941,-0.0382007707221,0.0194054594022,0.0
0.00633881701362,0.20310727292,-0.0152244657186,0.999091811568,-0.0381055521224,0.0190661730799,0.0
0.00632477763004,0.203026954001,-0.01501932609,0.999092913292,-0.0375532445727,0.0200774607653,0.0
0.00635128330737,0.203421280457,-0.01584312679,0.999099270698,-0.0375401939197,0.0197833548952,0.0
0.00634576056467,0.203189332709,-0.0154252307343,0.999094745708,-0.0379876483916,0.0191475237924,0.0
0.00634494717957,0.203186560846,-0.0154499199336,0.999064126259,-0.0398204656901,0.0168879286719,0.0
0.00641415036873,0.203266851322,-0.0156023297128,0.999095489912,-0.0382194420965,0.0186407157146,0.0
0.00639742536613,0.203482292911,-0.0162562969649,0.999064508461,-0.0397834021783,0.016952546822,0.0
0.00632977834614,0.203018204038,-0.0149608452199,0.999121123187,-0.037819629539,0.0180736499565,0.0
0.00637464906402,0.203055489418,-0.01508898475,0.999112676945,-0.0379665404567,0.018231855997,0.0
0.00641901878126,0.203712487194,-0.0165612591768,0.999082883203,-0.0381772913618,0.0193878032466,0.0
0.00643376088853,0.203384866012,-0.0159445900032,0.999100357138,-0.038285545215,0.0182398847192,0.0
0.00641774698027,0.203369445995,-0.0158592805318,0.999091926775,-0.0387637497507,0.0176831433454,0.0
0.00636926398024,0.20347102577,-0.0160078753562,0.999115743973,-0.0374718071962,0.0190681360235,0.0
0.00641505657717,0.203391870295,-0.015854606935,0.99908719365,-0.0383946034845,0.0187252211547,0.0
0.00641052856373,0.203505196824,-0.016018570643,0.99911800264,-0.0379746127178,0.0179205353981,0.0
0.00631083183557,0.202831711604,-0.0146150834957,0.999095859675,-0.0383122737,0.0184291308732,0.0
0.00639450716241,0.203350832602,-0.0158359698803,0.999111387379,-0.0385307422171,0.0170826670476,0.0
0.00641026696251,0.203601709177,-0.0162432852275,0.999114622296,-0.0378885776889,0.0182873506731,0.0
0.00636619018238,0.203028006158,-0.0151776968223,0.999094469785,-0.038379000223,0.0183655326004,0.0
0.00631076371793,0.203161138694,-0.0153439195514,0.999092117173,-0.0383297138433,0.0185950111693,0.0
0.00635365609169,0.203211392339,-0.015498409701,0.999118900222,-0.037684013151,0.0184753450025,0.0
0.00636948580515,0.203337182591,-0.0157317865355,0.99909618875,-0.0376947360382,0.0196446557568,0.0
0.0064202010703,0.203575955931,-0.016225419872,0.999117201686,-0.0375424922197,0.0188514872812,0.0
0.00641355077863,0.203463305938,-0.0160018768903,0.999090868186,-0.0379645385538,0.0193940949495,0.0
0.00639363658753,0.203374220145,-0.0158449690912,0.999116310687,-0.0386867597947,0.0164296176398,0.0
0.00642833837408,0.203687718265,-0.0165530276129,0.999096991691,-0.0381617093815,0.018678467061,0.0
0.00642470029961,0.203640370882,-0.0164285809309,0.999116536689,-0.0379910720521,0.0179673191754,0.0
0.00635518726081,0.20348348346,-0.0160188385784,0.999061098484,-0.038635656039,0.0196012136898,0.0
0.00644355854711,0.203498428363,-0.0160577529959,0.999078550973,-0.03883022284,0.0182828548151,0.0
0.00641080892091,0.2035165065,-0.0161720772144,0.999101114019,-0.0369384471761,0.02079699704,0.0
0.00636835557367,0.203106838001,-0.0152552399738,0.999093530651,-0.038098724249,0.0189895819223,0.0
0.0064157314321,0.203365838758,-0.0158255718302,0.99908459559,-0.0385498203685,0.0185440611717,0.0
0.0063592974562,0.203210003434,-0.0154640826954,0.99910468916,-0.0378632025647,0.0188732082341,0.0
0.00638557010218,0.203114784812,-0.0153212638519,0.999105276691,-0.0392395767521,0.0157766189212,0.0
0.00642331553113,0.203701831507,-0.0165085485091,0.999097810137,-0.0363886441799,0.0218959438059,0.0
0.00639103227039,0.203266820399,-0.0156202279767,0.999060728795,-0.0374751599438,0.021754828595,0.0
0.00641899935186,0.20366830167,-0.0165090801461,0.999101355029,-0.037243944885,0.0202329174665,0.0
0.0063960369021,0.20365736952,-0.0164108784364,0.999100041281,-0.0376365272664,0.0195601464055,0.0
0.00635067507702,0.203175504103,-0.0153874586117,0.999096154772,-0.0387013961187,0.0175805420282,0.0
0.00627088928093,0.202590348812,-0.0141067464703,0.99908506851,-0.0389931170298,0.0175659530121,0.0
0.00642577930396,0.203559516581,-0.0162173426538,0.999086413984,-0.0387381441724,0.0180469825534,0.0
0.00643017256994,0.203470451913,-0.0161267077412,0.999135481635,-0.037204208025,0.0185509094722,0.0
0.00644414146703,0.203664482758,-0.0165185168309,0.999114289365,-0.0383068011581,0.0174133791097,0.0
0.00633677114039,0.203030896818,-0.0150291615286,0.999095606825,-0.0385067084051,0.0180333532876,0.0
0.00631019539083,0.203122702665,-0.0152431398661,0.999086484299,-0.0383483328756,0.0188574191178,0.0
0.00645211899209,0.203558905412,-0.0162950751741,0.999100071006,-0.0385453702429,0.0177003544837,0.0
0.00638763875707,0.203240253156,-0.0155194052517,0.999092503845,-0.0373004318537,0.0205632328117,0.0
0.00642027578964,0.203410962446,-0.0158517988613,0.999098595826,-0.0374143553202,0.0200539730256,0.0
0.00637364971881,0.203271284739,-0.0155569159694,0.999098501708,-0.0373554116837,0.0201682201204,0.0
0.00641134620086,0.20343204168,-0.0160523830467,0.999096503632,-0.0384740282403,0.0180534091134,0.0
0.00640090685391,0.203460208406,-0.0159872777005,0.999111378846,-0.037429274373,0.019377876078,0.0
0.00637281412966,0.203290533142,-0.0156180131889,0.999100664731,-0.0383045481432,0.0181830505305,0.0
0.00632708938084,0.203123988338,-0.0153188043136,0.99906118806,-0.0389847464741,0.0188926455007,0.0
0.00634942150115,0.203241278222,-0.0155125135276,0.999096418225,-0.0380188826972,0.0189976748268,0.0
0.00647262164007,0.203821877812,-0.0167721723515,0.999097661842,-0.0381296196107,0.0187081321716,0.0
0.00635934097351,0.203272279375,-0.0155193385041,0.99911564396,-0.0370485746106,0.019882985551,0.0
0.00640478103033,0.203286899436,-0.0156442911013,0.999091680221,-0.038882760354,0.017434031694,0.0
0.00638949169788,0.20324034057,-0.0155834589438,0.999100677369,-0.037681847107,0.0194400328825,0.0
0.00634199738399,0.203000486196,-0.0150333705346,0.999072959168,-0.0381313027371,0.0199806409235,0.0
0.00643026653547,0.203510466442,-0.0160719359811,0.999106957745,-0.0378210531148,0.0188375934679,0.0
0.00637074957115,0.203303100834,-0.0156563484669,0.999099564839,-0.0374635642439,0.0199133345401,0.0
0.00640752603865,0.203449065934,-0.0159227286824,0.999108619825,-0.0381887570626,0.0179884581141,0.0
0.00635692744295,0.203215246395,-0.015541547047,0.999089342848,-0.0389213862238,0.0174817248119,0.0
0.00639881713957,0.203467920345,-0.0160185329548,0.999129286563,-0.0375875923947,0.0181063975156,0.0
0.00635857833863,0.203197036525,-0.0154314368741,0.999096522157,-0.0384290259217,0.0181479855675,0.0
0.00642207093922,0.203448314822,-0.0160177292699,0.999109029442,-0.0376747328662,0.0190200365788,0.0
0.00634822747416,0.203391660008,-0.0158981572844,0.999086594891,-0.0391598696182,0.0171020618784,0.0
0.00633538929711,0.203081888659,-0.0152048033851,0.999099873651,-0.0376915301337,0.0194625544672,0.0
0.0064203302878,0.203449170394,-0.0159924847756,0.999105791293,-0.0382569304768,0.0180006965372,0.0
0.00642517881079,0.203529581021,-0.0162373299757,0.999085786143,-0.038343100529,0.0189049879568,0.0
0.00643125785392,0.203807362808,-0.016793234891,0.999115265811,-0.0381252326563,0.017752528236,0.0
0.00635819599959,0.20330829667,-0.0156214158663,0.999102140669,-0.037808510276,0.0191161989092,0.0
0.00635400515605,0.20306826985,-0.0151220568352,0.9990805951,-0.038997355824,0.0178092878349,0.0
0.00642185415481,0.203402839459,-0.015883565656,0.999084288629,-0.0383861363332,0.0188967920997,0.0
0.00636991333405,0.203265353979,-0.0155608188215,0.999078785038,-0.0378896251595,0.0201483893112,0.0
0.00638024470992,0.203308234075,-0.0156049129791,0.999105465769,-0.0368527797874,0.0207398382715,0.0
0.00638293988001,0.203301499217,-0.0157036901713,0.999094783104,-0.0381417585351,0.0188366830946,0.0
0.00640078296687,0.203308411842,-0.0157853353124,0.999080060173,-0.039116518514,0.0175764428618,0.0
0.00640871649607,0.203407509428,-0.0159269192315,0.999071167114,-0.0389544663464,0.0184215252401,0.0
0.00637304427209,0.2032405236,-0.0155022860338,0.999074399797,-0.0384091393996,0.0193670255921,0.0
0.00634896428415,0.203271142042,-0.0155156853614,0.999120354465,-0.0379869785582,0.0177625097877,0.0
0.00632430399118,0.203155398007,-0.0152460865476,0.999123582262,-0.0380668840706,0.0174063122167,0.0
0.00630996812702,0.203217559855,-0.0155242643019,0.999077806049,-0.0392819920342,0.0173338559677,0.0
0.00643840249223,0.203563488066,-0.0162616256182,0.999122765239,-0.0375255775704,0.0185884643892,0.0
0.00638275562592,0.203324485145,-0.015729018266,0.999095149398,-0.0386043696852,0.0178489520928,0.0
0.0064575167633,0.203773434985,-0.0167530800674,0.999101944329,-0.0378867071007,0.0189710901679,0.0
0.00641422567979,0.203490650405,-0.0160345113014,0.999127645886,-0.038089286584,0.0171217252177,0.0
0.00634942803572,0.203101314276,-0.015270461383,0.999090928005,-0.0383818845749,0.0185512402391,0.0
0.00640527126147,0.203400505087,-0.0159724496149,0.999095915241,-0.0383829415612,0.0182784558075,0.0
0.00643370554531,0.203559429083,-0.0162792134017,0.9990983955,-0.0379025604991,0.0191256899716,0.0
0.00634403500505,0.203118344717,-0.015245918316,0.999101995406,-0.0378889116302,0.0189639961639,0.0
0.00640566361217,0.203170617111,-0.0154065763107,0.999077717633,-0.0389806500654,0.0180061947738,0.0
0.00638049301964,0.20333139418,-0.0158306315284,0.999097899987,-0.0378755483662,0.0192049232636,0.0
0.00643430145298,0.203693993634,-0.01645665446,0.999141383259,-0.0371585307843,0.0183232052252,0.0
0.00641259602657,0.203300293043,-0.0156378473666,0.999108101407,-0.0385153867598,0.0173079948436,0.0
0.00633461409307,0.20312031444,-0.0153859578027,0.999118933043,-0.0377525455751,0.0183331104209,0.0
0.00639189813338,0.203303178613,-0.0156241974294,0.999108261519,-0.0377835996661,0.0188436026708,0.0
0.00640860325027,0.203484858081,-0.0160468628078,0.999089232452,-0.0387505473736,0.0178633892834,0.0
0.00644615341769,0.203636697001,-0.016367648626,0.999115510991,-0.0379595225676,0.0180906147871,0.0
0.00639533986044,0.20343424913,-0.0158760165566,0.999046275481,-0.0393404214118,0.0189438826703,0.0
0.00639917848254,0.20322003537,-0.0154751079103,0.999096599192,-0.0384745043624,0.0180471049489,0.0
0.00635375025072,0.20315912696,-0.0153770240694,0.999099034859,-0.0375076493588,0.0198568573221,0.0
0.00635892218674,0.203343422705,-0.0158135603246,0.999092217875,-0.0379517453857,0.0193495530745,0.0
0.00642302560315,0.203538756646,-0.0161595457766,0.999099038356,-0.0382155175697,0.0184576751984,0.0
0.00630522832404,0.203049107057,-0.0150125128722,0.999090682079,-0.0387388403685,0.017807617176,0.0
0.00646602854341,0.203766848997,-0.0166930388539,0.999090099637,-0.0381181900613,0.0191305094839,0.0
0.00633699343101,0.203183713159,-0.0152868150327,0.999117949165,-0.0376074921552,0.0186815467568,0.0
0.00635907062048,0.203106966195,-0.0152565802064,0.99911747995,-0.0375331490851,0.0188553434766,0.0
0.00645872347282,0.203798882673,-0.0167143835763,0.99908766443,-0.0376188655732,0.0202153342168,0.0
0.00634827052923,0.20323397066,-0.0155585934755,0.9991037761,-0.0374739965463,0.019681061079,0.0
0.00637280437452,0.203123156365,-0.0153339260531,0.999090701304,-0.0386528377882,0.0179924623039,0.0
0.00637873834834,0.203312236624,-0.0156235453654,0.999098019903,-0.0375885270233,0.0197547275961,0.0
0.00641249278241,0.203505764925,-0.0161303428038,0.999117917378,-0.0381303935958,0.0175914825682,0.0
0.00634927124532,0.203098464182,-0.015254023702,0.999111207965,-0.037998181247,0.0182464336231,0.0
0.00641503137541,0.203380003457,-0.0157582746224,0.999134835654,-0.0369815018353,0.0190249495131,0.0
0.00630158553952,0.202897282396,-0.0147190040225,0.999086392251,-0.0379398248903,0.0196710575717,0.0
0.00636373733905,0.203210934301,-0.0154427998212,0.999117338812,-0.0379371235395,0.0180365723848,0.0
0.00634885987836,0.203121352762,-0.0152008669897,0.999100899472,-0.0381106983386,0.0185732966174,0.0
0.0063658201166,0.203416518826,-0.0159019438053,0.999076270995,-0.0377550394979,0.0205222251972,0.0
0.00631976189056,0.20305221648,-0.0150613838095,0.999094063537,-0.0389819089549,0.0170722868918,0.0
0.00631497372193,0.202882024831,-0.0147023219294,0.999110494496,-0.0380387359731,0.0182009437284,0.0
0.00635482674299,0.203060350246,-0.0150942091641,0.99909410381,-0.0381614769634,0.0188327748593,0.0
0.00645352583868,0.203700746782,-0.0165406148165,0.99912398637,-0.0368461899766,0.0198398121058,0.0
0.00646543395888,0.203874150713,-0.0169422694774,0.999099917139,-0.0376518841698,0.0195369186735,0.0
0.00634180480539,0.203075752375,-0.0150622239497,0.999093894141,-0.0373161168183,0.0204670006668,0.0
0.00638915586513,0.203333323992,-0.0156721677967,0.999115925073,-0.0377144765918,0.0185738127867,0.0
0.00640436483764,0.203504742746,-0.0161077066234,0.999086313713,-0.0382423034897,0.0190804605423,0.0
0.00645037523717,0.203481726314,-0.0159534881914,0.999111288303,-0.0367134312998,0.0207064615093,0.0
0.00641044678772,0.203725573062,-0.0166139592973,0.99908365431,-0.0370362240554,0.0214515686446,0.0
0.00641292786027,0.20332266636,-0.0157323842005,0.999099092838,-0.0383798402282,0.0181105094939,0.0
0.0063970934653,0.203458276527,-0.0160549331962,0.999055428058,-0.0379414235223,0.021182541139,0.0
0.00642624032792,0.203728465642,-0.0165503956798,0.99908708056,-0.0389120591675,0.0176311403191,0.0
0.00645778427675,0.203686136752,-0.0164837169519,0.999096767582,-0.0375819986854,0.0198303399544,0.0
0.00644216233351,0.203398745419,-0.0158435636653,0.999088387609,-0.0382048952287,0.0190467773149,0.0
0.00642322391907,0.203579671146,-0.0162392499948,0.999119495428,-0.0375950127943,0.0186238789876,0.0
0.0064042296996,0.203444144381,-0.0159204769398,0.999106114201,-0.0366551234683,0.021056459573,0.0
0.0064277197061,0.203617061677,-0.0163301727347,0.999093991804,-0.0388590763373,0.0173541847348,0.0
0.00641122889961,0.203518604037,-0.0161241066285,0.999106551098,-0.0373778931698,0.0197228967398,0.0
0.00641536289484,0.20344877693,-0.0159651094881,0.999129957463,-0.0370174650564,0.0192102936,0.0
0.00640676124178,0.20352395606,-0.0160986200989,0.999079087175,-0.0389284506263,0.018043095698,0.0
0.00640011987339,0.203342202474,-0.0157531727847,0.999080512441,-0.0395376571038,0.0165802090118,0.0
0.00648057897035,0.203926708762,-0.0170865283359,0.999083125468,-0.038392402623,0.018945496198,0.0
0.00644787387757,0.20370201614,-0.0165802747591,0.999093207849,-0.0385694578681,0.0180321642953,0.0
0.00643355741556,0.203611109418,-0.0162727987572,0.999095926456,-0.0381686460513,0.0187212232099,0.0
0.00639702000361,0.203372147995,-0.0157732465711,0.999103849478,-0.0382693694174,0.0180818506591,0.0
0.00633184945463,0.203234835992,-0.0154407430694,0.999129825322,-0.0368209207554,0.0195911190808,0.0
0.00642969093882,0.203498189556,-0.016038361868,0.999132202039,-0.0371027716377,0.0189268905136,0.0
0.00642831020137,0.203808562719,-0.0167483008208,0.999091869497,-0.0374688432849,0.0202860072132,0.0
0.00636570113314,0.20333298905,-0.0157805657499,0.999095790988,-0.0375387208085,0.0199610838768,0.0
0.00632080601349,0.203091269984,-0.0151227559049,0.99911712057,-0.0375751207211,0.0187906808692,0.0
0.00641869453354,0.203516771048,-0.0160360664465,0.999108669904,-0.0369295237278,0.0204469068313,0.0
0.00645835465216,0.203886384927,-0.0169378522606,0.999123187379,-0.0373792797184,0.0188585760008,0.0
0.00640179563708,0.203569103283,-0.0162538417083,0.99912781044,-0.0376562127335,0.0180451668954,0.0
0.00645065465281,0.203944281446,-0.0169968710316,0.999080994181,-0.0378190916783,0.0201713502299,0.0
0.00642539013023,0.203679089865,-0.0164775599371,0.999119172257,-0.0372906275388,0.0192428876663,0.0
0.00640673387876,0.203593142034,-0.0162029247761,0.999067408387,-0.0373302538181,0.0216971345718,0.0
0.00638894882717,0.203436130474,-0.0159759408574,0.999105441027,-0.0380063852624,0.0185427179812,0.0
0.00643072852628,0.203505400607,-0.0160437212294,0.999096617395,-0.0378782968445,0.0192661293203,0.0
0.0063997409954,0.203495168315,-0.0160495130281,0.999098824321,-0.0371414521521,0.0205438986528,0.0
0.00629408427571,0.202894171403,-0.014567554135,0.999094042127,-0.0373871889293,0.020329611158,0.0
0.00639679643263,0.20345927206,-0.0159364671699,0.999133282238,-0.0369257774172,0.0192138306152,0.0
0.00638980001112,0.2032408516,-0.0155829228315,0.999079156491,-0.0382161213941,0.0195030031239,0.0
0.0063978173326,0.203544368885,-0.016113793284,0.999106765719,-0.037899189924,0.0186901604506,0.0
0.00637464696191,0.203279328215,-0.0156183073204,0.999104064996,-0.0371005369813,0.0203621576571,0.0
0.00643609193251,0.203795994636,-0.0166477755261,0.999100749019,-0.0380279618059,0.0187501314999,0.0
0.0063907015129,0.203366864953,-0.0158605570589,0.999092617713,-0.0379143305876,0.0194021845925,0.0
0.00640684159962,0.203443067641,-0.0158897394779,0.999090185915,-0.0381112485986,0.019139831198,0.0
0.00637500420266,0.203388345862,-0.015750515381,0.999085058709,-0.037546954902,0.0204761237001,0.0
0.00636079841297,0.203296458641,-0.0155766798387,0.999084961152,-0.0386150937656,0.018387901808,0.0
0.00646453642114,0.203769901653,-0.0165887176111,0.999098059729,-0.0365455987165,0.0216214305879,0.0
0.00636828617083,0.203328926128,-0.0156402725381,0.999097268882,-0.0374542791442,0.0200455552878,0.0
0.0064105400594,0.203575047849,-0.0161241725019,0.999099270396,-0.037789221501,0.0193034357465,0.0
0.00644594346274,0.203615064704,-0.016340522599,0.999094579453,-0.0376172464446,0.0198737031648,0.0
0.00641419083692,0.203379904196,-0.0157779320076,0.999112869129,-0.0376526418455,0.0188614236823,0.0
0.00632015150171,0.203134855025,-0.0151853258107,0.999094632329,-0.0368815968694,0.0212052697389,0.0
0.00636376945367,0.20347939151,-0.0159955053876,0.999098743752,-0.0379348564777,0.0190432900806,0.0
0.00636009937694,0.203079358943,-0.015079133518,0.999091432183,-0.0376237583781,0.0200190644983,0.0
0.00635179000886,0.203231487219,-0.0154630587979,0.99911044903,-0.0371901864445,0.0198796546893,0.0
0.0064037580342,0.203597278992,-0.016297444411,0.999124192525,-0.0376887319668,0.0181771118096,0.0
0.00643930830166,0.203706258059,-0.0164539489186,0.999119400524,-0.036763825459,0.0202199068764,0.0
0.00640284959701,0.203387396207,-0.0157361144274,0.999131601447,-0.0377592202046,0.0176148879819,0.0
0.00630279782194,0.203083496767,-0.0150070620571,0.999130218319,-0.0366374096166,0.0199124849916,0.0
0.00640092340769,0.203606017729,-0.0163618600992,0.999108165943,-0.0374533090729,0.0194967275448,0.0
0.00641070432216,0.203558637257,-0.0162182941494,0.999108951855,-0.0367255852522,0.0207974448404,0.0
0.00641973390431,0.203455922538,-0.0160340578529,0.999092942765,-0.038973489908,0.017156887861,0.0
0.00650668353923,0.204008544771,-0.0172108691524,0.99908814808,-0.0374964414907,0.0204178657542,0.0
0.0063886366841,0.203386314531,-0.015893019009,0.999069554807,-0.0383020174106,0.0198237261698,0.0
0.00639310669131,0.203361489466,-0.0157410498197,0.999117075229,-0.0371451275472,0.0196293016875,0.0
0.00639578565047,0.203391517557,-0.0158360672588,0.99908922562,-0.0376383785002,0.020101535106,0.0
0.00644610006273,0.203679721581,-0.0163988057632,0.999142321472,-0.0364011384149,0.0197377446969,0.0
0.00640354793288,0.203315820988,-0.0155702017895,0.99910318606,-0.0378751444114,0.018928735848,0.0
0.00643408100921,0.203350307135,-0.015792345817,0.999087566748,-0.0389447792408,0.0175310621376,0.0
0.00643080468658,0.203540638958,-0.0162154654214,0.999102173314,-0.0382067053477,0.01830559875,0.0
0.00637895381542,0.203115600044,-0.0151732760036,0.999097060126,-0.038709713937,0.0175106394552,0.0
0.00636543506181,0.20327883632,-0.0155762535874,0.999101726296,-0.0369040885529,0.0208285563571,0.0
0.00639555802198,0.203217253749,-0.0154460065872,0.99910150897,-0.0378326986576,0.0191013530039,0.0
0.00644238087775,0.203852782042,-0.0168931604469,0.999078479971,-0.038307933873,0.0193569899812,0.0
0.00628824213151,0.202979009646,-0.0149213746884,0.999111731609,-0.0382196323047,0.0177484497497,0.0
0.00642823460993,0.20375510937,-0.016537534544,0.999118276929,-0.0370147265828,0.0198135994096,0.0
0.00637594204445,0.203272356451,-0.0154585884235,0.999102985788,-0.0372464230021,0.0201476490806,0.0
0.00644560395305,0.20364539054,-0.0163223335967,0.999121335468,-0.0358040307722,0.0217859678159,0.0
0.00633898216342,0.203203740773,-0.0153684281833,0.999118374156,-0.0379313301394,0.0179913483882,0.0
0.0064243943993,0.203637839576,-0.0163381486653,0.999112449584,-0.0364858947705,0.0210497640901,0.0
0.00640836998992,0.203352003053,-0.0157029804826,0.999096279872,-0.0381140732146,0.0188133189271,0.0
0.0063934180401,0.203254909973,-0.0155105197817,0.99911316224,-0.037911894587,0.0183187687525,0.0
0.00634242064515,0.203143137703,-0.0152067250324,0.999113932639,-0.036576114954,0.0208215614436,0.0
0.00647919938146,0.203901511295,-0.016919226426,0.99913172332,-0.0370981926766,0.0189611064137,0.0
0.00639495305962,0.203576838932,-0.0161180140868,0.999126819191,-0.0358788569075,0.0214081012832,0.0
0.00641291569014,0.203329105575,-0.0156240871457,0.999123012616,-0.0371881908815,0.0192417286356,0.0
0.0063725134884,0.203268198705,-0.0154444190031,0.99910011122,-0.0377746213272,0.0192884873336,0.0
0.00645043689335,0.20399135499,-0.0171425338857,0.999101934317,-0.0374744452942,0.0197734871315,0.0
0.00628688205099,0.20296997351,-0.0148484575852,0.999094659071,-0.0363041439442,0.0221781727749,0.0
0.00636939422601,0.203146599857,-0.0151813166831,0.99909950799,-0.0373860823215,0.0200612557423,0.0
0.00640736815177,0.203527605196,-0.0161056144678,0.999132831285,-0.0371997325344,0.0187020145553,0.0
0.00636156152816,0.203161935239,-0.0153302259452,0.999087666872,-0.0386678999171,0.0181280837409,0.0
0.00644236688075,0.203662957597,-0.0163516999451,0.999097275962,-0.038355967803,0.0182606927444,0.0
0.00636848994669,0.203529920435,-0.0161192376948,0.999071742412,-0.0379067394742,0.0204629571856,0.0
0.00637586871107,0.203261610333,-0.0155061544159,0.999102187296,-0.0376742613842,0.0193770319955,0.0
0.00634368569666,0.203167703314,-0.0153003493789,0.999106636574,-0.0367600125032,0.0208477872816,0.0
0.00638826542244,0.203333793477,-0.0156604613199,0.999128755695,-0.0370616028277,0.0191876819608,0.0
0.00638334576388,0.203413541345,-0.0159294986784,0.999126152661,-0.0377026128985,0.0180400678658,0.0
0.00642945299026,0.203547825422,-0.0160855470993,0.999109478428,-0.0363928948747,0.0213496444326,0.0
0.00644059963302,0.203616878525,-0.0164043655002,0.999089050712,-0.0376060552608,0.0201706061923,0.0
0.00639197511682,0.203288431046,-0.0156864879449,0.999109351365,-0.0385512597409,0.0171553020094,0.0
0.00631629515486,0.20289593041,-0.0148268440408,0.999076638346,-0.038699536506,0.0186605623011,0.0
0.00637312915787,0.203366697323,-0.0157509054616,0.999094339467,-0.0377363146686,0.0196588758443,0.0
0.00641027692317,0.20346352528,-0.0159276427294,0.999117993085,-0.0371729536965,0.0195296545369,0.0
0.00647696874184,0.203943750995,-0.0170357199514,0.999103953027,-0.0372352382183,0.0201203399596,0.0
0.00637787804888,0.203330849601,-0.0155984117261,0.99912566547,-0.0365662008952,0.0202686346418,0.0
0.0063930629319,0.203558917175,-0.0162493401017,0.99910842865,-0.0373643143455,0.0196533919331,0.0
0.00640711013795,0.2037018014,-0.0164903437007,0.999140212002,-0.0369331075154,0.0188356664153,0.0
0.00639771770083,0.203220080951,-0.0154901318917,0.999129547492,-0.0371728095361,0.0189295948201,0.0
0.00644394184572,0.20360294517,-0.0162282674658,0.999102486151,-0.0370900183819,0.0204585606313,0.0
0.00636523152675,0.203269082436,-0.0155714254659,0.999100057924,-0.0377567232466,0.0193262543085,0.0
0.00636248561449,0.20331060615,-0.0155542228667,0.999122002983,-0.0374971525322,0.0186865381311,0.0
0.00634929446722,0.203115022145,-0.0151137669162,0.999134454265,-0.0373211047644,0.018370559058,0.0
0.00642256841272,0.203756398754,-0.0165867866223,0.999113086887,-0.0365185611641,0.0209626883092,0.0
0.00642777945653,0.203552223833,-0.0162263242817,0.999106720044,-0.0373649401692,0.0197388755671,0.0
0.00632603976984,0.203098112089,-0.0152261477453,0.999101369022,-0.0381097017345,0.0185500687917,0.0
0.00645586229775,0.203949138447,-0.017109125982,0.999110323558,-0.0385113988571,0.0171881795985,0.0
0.00642211162108,0.203461081676,-0.0161530462226,0.999059733871,-0.0389548424006,0.0190307228375,0.0
0.00629951372009,0.202951352127,-0.0146677970648,0.999082605484,-0.0375459813088,0.0205972499766,0.0
0.00636726277704,0.203317787488,-0.0156446068375,0.999104063991,-0.0374466710205,0.0197184214878,0.0
0.00643910447958,0.203578621298,-0.0162624761703,0.999073837947,-0.0384018907384,0.019410335308,0.0
0.00648351149201,0.203810293576,-0.0168288834546,0.999112927596,-0.0370083648089,0.020093253727,0.0
0.00639503120619,0.203299756403,-0.0157710111829,0.999101425915,-0.0382489123208,0.018258188317,0.0
0.00635870556058,0.203360965151,-0.0156646769349,0.999056765823,-0.038285603741,0.0204888069172,0.0
0.00636698862552,0.203323019358,-0.0156774030266,0.999078661869,-0.0385081698486,0.0189459296979,0.0
0.00639167383472,0.20367480136,-0.0165070735779,0.999087368281,-0.0388283514178,0.0177985861363,0.0
0.00632005052717,0.202770388884,-0.0145505048757,0.999072985497,-0.0400093625106,0.0158877488202,0.0
0.00642602049366,0.203599487989,-0.0165243647898,0.999077066577,-0.0391802541383,0.0176046222786,0.0
0.00642446376373,0.203820833132,-0.016948727551,0.999120533346,-0.0375688827767,0.0186209262245,0.0
0.00630326806344,0.202917590869,-0.0149634382102,0.999050629474,-0.0395795242139,0.018201676044,0.0
0.00638375214775,0.203324348805,-0.015743348872,0.999097787631,-0.0385160863038,0.017891949191,0.0
0.00641681542298,0.203682116673,-0.0165959973486,0.999086565275,-0.0384057861931,0.0187358126226,0.0
0.00639684047354,0.203599926229,-0.0163838515604,0.999084496664,-0.0390059941739,0.017569887452,0.0
0.00640460173952,0.20337689251,-0.0159975133225,0.999107750381,-0.0386872990837,0.0169409568243,0.0
0.00629951520805,0.20286904323,-0.0147188010902,0.999051119076,-0.0390662875213,0.0192532244618,0.0
0.00630627301423,0.203003167349,-0.0152193731263,0.999081320686,-0.0395230009178,0.0165664436342,0.0
0.00645494565002,0.203869723623,-0.0169882636259,0.999075029962,-0.037202320998,0.0215655238327,0.0
0.00642118335593,0.203583872303,-0.0162648901934,0.999117473942,-0.0377955584773,0.0183240013115,0.0
0.00642505112342,0.203596513221,-0.0164031149297,0.999075320196,-0.0386466852034,0.0188398062145,0.0
0.00630756442694,0.203188478254,-0.0155544599408,0.999054386588,-0.0395645401655,0.0180271961628,0.0
0.00643739870771,0.203873845661,-0.0169635029031,0.999100175282,-0.0377461531758,0.0193408291236,0.0
0.00630814043773,0.203021446975,-0.015097351559,0.999083411873,-0.0394568946869,0.0165978788511,0.0
