0.0206618862627,1.08249075676,-0.11205645172,0.994850950256,-0.0029560252958,0.101305718938,0.0
0.0208880178739,1.08324909638,-0.112845646364,0.994621023822,-0.00342403919688,0.103524368757,0.0
0.0208021728214,1.08201313203,-0.111738368103,0.995012871422,-0.0027078033565,0.0997098465854,0.0
0.0206409728076,1.0804630004,-0.110132680677,0.995238909053,-0.00494097669084,0.0973401287097,0.0
0.0203799853361,1.07733756166,-0.107299931412,0.995361526239,-0.00340755841859,0.0961447899215,0.0
0.0204758061725,1.07864150381,-0.108559992364,0.995605659867,-0.00652552286104,0.0934172767368,0.0
0.0205740780016,1.07947362839,-0.109236974403,0.99528903761,-0.00555802557224,0.0967927681447,0.0
0.01988843279,1.07436548213,-0.104614591219,0.995759057729,-0.003596832092,0.0919291126359,0.0
0.0203923529408,1.07882959078,-0.109030384371,0.995918666868,-0.0063151470257,0.0900340374677,0.0
0.0199488627732,1.07426599189,-0.104618849532,0.996188109709,-0.00826343079378,0.086838734364,0.0
0.019676181861,1.07054262422,-0.101099346441,0.996400370277,-0.00760782131086,0.0844299897327,0.0
0.0200009068985,1.07450538171,-0.104976660379,0.995946659346,-0.00855763493923,0.0895378055395,0.0
0.0201448237141,1.07587359521,-0.106478183171,0.995573946372,-0.00599128307964,0.0937903077688,0.0
0.0197786104544,1.0721666226,-0.103174254543,0.995588047755,-0.00509890324516,0.0936933314243,0.0
0.019581565659,1.06894771992,-0.10005074008,0.996192821592,-0.00452091110952,0.0870598849703,0.0
0.0195635987878,1.06934282915,-0.100405582042,0.996373644865,-0.00541223881266,0.0849132939462,0.0
0.0195255247004,1.06894408239,-0.100112129491,0.99614359088,-0.00444697349006,0.0876251720399,0.0
0.0195190385078,1.06799341827,-0.0993243086396,0.996256195502,-0.00549041907344,0.086275420726,0.0
0.0192493897835,1.06495715611,-0.0963597280991,0.99599193912,-0.00475997680831,0.0893162909489,0.0
0.0192586457106,1.06522460942,-0.0966773364905,0.99624816681,-0.00584055545551,0.0863451101111,0.0
0.0193201645586,1.06640351134,-0.0977067123322,0.996486074058,-0.00370889915038,0.0836764499482,0.0
0.0195115339641,1.06829743369,-0.0995712702547,0.996168096209,-0.0044757186661,0.0873446737797,0.0
0.0194612600341,1.06818547417,-0.0995527520522,0.996149877065,-0.00460741916287,0.0875453831614,0.0
0.0192238551589,1.0641624929,-0.0958165187489,0.995986543711,-0.00277018061167,0.089460219352,0.0
0.0193108093538,1.06493534643,-0.096662491775,0.996197215752,-0.00307351588377,0.0870727329821,0.0
0.0192032328236,1.06364459094,-0.0953877611949,0.996312633805,-0.00432153297096,0.0856881559722,0.0
0.0191328120504,1.06194539816,-0.0936929501127,0.996365119974,-0.00288681308403,0.0851364434803,0.0
0.0191701363001,1.06321665357,-0.0949761249865,0.996125818931,-0.00251648898337,0.0879034705983,0.0
0.019055722788,1.06221726639,-0.0938221314592,0.996209854129,-0.00234099877843,0.0869508266799,0.0
0.0192081328485,1.06354710443,-0.0951360596583,0.996431660724,-0.00342839546424,0.0843338106075,0.0
0.0192666609431,1.06424837823,-0.0958670919139,0.99636011349,-0.00128466503524,0.0852342295239,0.0
0.019105029775,1.0631544576,-0.0948111214544,0.996415053553,-0.00419130242117,0.0844954083775,0.0
0.0193612338842,1.06329855646,-0.0950138643407,0.996288250947,-0.00474234344282,0.0859490035,0.0
0.0189493727501,1.06102161841,-0.0925878194279,0.996483755725,-0.00293095539133,0.0837349035696,0.0
0.0191419041985,1.0643839296,-0.0959516464063,0.996317955717,-0.00264828159332,0.0856943272347,0.0
0.0190102297948,1.06197737968,-0.093556359714,0.996271151095,-0.00246335156956,0.086242248316,0.0
0.0192282493066,1.06410245568,-0.0957687296539,0.996015818484,-0.00235564660093,0.0891456126763,0.0
0.0191422388251,1.06409275483,-0.0956717304052,0.996016111268,-0.00369762352185,0.0890967657894,0.0
0.0192748972979,1.06446259754,-0.096080078097,0.995998153067,-0.00283000464905,0.0893289995483,0.0
0.01932933073,1.06488277525,-0.0966156374141,0.9961921328,-0.00444260436923,0.0870717968892,0.0
0.0197056393389,1.06812082492,-0.0996054870696,0.996137671113,-0.00457629611561,0.0876857896356,0.0
0.0192366622765,1.06461873773,-0.0962894983189,0.996239679204,-0.00178761234998,0.0866216255973,0.0
0.0195573772485,1.07117111853,-0.10242802451,0.99575997326,-0.00162076874873,0.0919752616831,0.0
0.0198303317422,1.07378652932,-0.104993330867,0.995311682547,-0.000379098345198,0.0967187203722,0.0
0.0193901322403,1.0688544538,-0.0999843852628,0.99570019861,-0.000901090496222,0.0926299224028,0.0
0.0194147546621,1.06965645787,-0.100822556433,0.995770225465,-0.00011797495763,0.0918784205264,0.0
0.01917557082,1.06667972967,-0.0978455194804,0.996463745296,-0.00131234095891,0.08401358266,0.0
0.0190483963304,1.06620181672,-0.0974781411498,0.995885954787,0.000751964432058,0.0906123590221,0.0
0.0192147963612,1.06910360851,-0.100243493536,0.995725330854,-0.000483481110613,0.0923625018175,0.0
0.0189203108884,1.0669492188,-0.0981773311012,0.99560995917,0.00249955407572,0.0935658133665,0.0
0.0191483544085,1.07003628835,-0.101203984846,0.995555169078,0.00159764025594,0.0941666228999,0.0
0.019152952174,1.06903532193,-0.100224901831,0.99584509065,0.00168760425356,0.0910478303969,0.0
0.0189038853498,1.06521328281,-0.0964556667149,0.996198856485,0.000793935986837,0.0871045808466,0.0
0.0189437391543,1.06639526835,-0.0976063967206,0.995917754117,0.00113419595429,0.0902581887353,0.0
0.0189203154646,1.065861278,-0.0968752033448,0.996028771375,-0.000509862277206,0.0890304814895,0.0
0.0190639893034,1.06960953428,-0.100459128739,0.995539870186,0.000218989603583,0.0943415015436,0.0
0.0190525837585,1.06783250605,-0.0987983400956,0.995930823879,-0.00350707899054,0.0900527314653,0.0
0.0191289392169,1.06775069391,-0.098650928286,0.996264957688,-0.00363834731846,0.0862722232964,0.0
0.0192337622174,1.06965079984,-0.10088793669,0.995520430336,0.00390691597039,0.0944659133792,0.0
0.020376052121,1.07859337488,-0.109745686301,0.994759515989,0.00240291890723,0.10221414447,0.0
0.0204320708732,1.07906627915,-0.110247415064,0.994514572125,0.00203039082754,0.104578407636,0.0
0.0202556287788,1.07874268586,-0.109770385809,0.994317980881,0.0048580427455,0.106339796491,0.0
0.0202490174745,1.07821321743,-0.109352377611,0.994430910969,0.00302246404271,0.105347178512,0.0
0.0198846084232,1.07376038436,-0.10498486741,0.995373936468,0.000162132810441,0.0960765336221,0.0
0.0200728986811,1.07659856207,-0.107676689975,0.995021357947,0.00214291389248,0.0996388736857,0.0
0.0199606147763,1.07625401259,-0.107498877248,0.994964134529,0.00135422342045,0.100222438009,0.0
0.0199933409839,1.07567401759,-0.107123553415,0.995071839309,0.00341410406804,0.0990978229233,0.0
0.0200373105937,1.07597360496,-0.107347103775,0.99511549392,0.000964454231678,0.0987128339577,0.0
0.0202489570168,1.0787683645,-0.109948002605,0.994932515814,0.00263333586715,0.100510469693,0.0
0.0203713824645,1.08071223206,-0.111823660573,0.994710982694,0.0027380634874,0.102676988254,0.0
0.0206070144846,1.08223240917,-0.113235469677,0.994517052797,0.00137973769841,0.104565424589,0.0
0.0203878359938,1.07988429629,-0.111105403547,0.994879009152,0.00151560666125,0.101061664769,0.0
0.0207713679139,1.08352980404,-0.114480174379,0.994375485436,0.00284618376644,0.105873949586,0.0
0.0204224215532,1.07852798422,-0.109794799807,0.995192555523,0.00183165886006,0.0979204904892,0.0
0.0205693912349,1.08079026252,-0.112031322724,0.994840955619,0.00206095649219,0.101425960586,0.0
0.0208601030981,1.0840221271,-0.11506462105,0.994912259302,0.000545138406257,0.100743729899,0.0
0.0206606883189,1.08186955014,-0.112739669625,0.994493852386,7.25925521372e-05,0.104794905868,0.0
0.0202315323323,1.0769473642,-0.108204665046,0.995188672076,-0.000140128641684,0.0979769735001,0.0
0.0204782107627,1.0815215989,-0.112398991266,0.994511362294,0.00236983851626,0.104601788385,0.0
0.0204164042483,1.07999092773,-0.111116911208,0.994897826881,0.00206613794517,0.100866471843,0.0
0.0202005914944,1.07733000181,-0.108508043534,0.994917095193,0.00134470256842,0.100688457466,0.0
0.0208103896016,1.08478245964,-0.115591859538,0.994273846522,0.001750538605,0.106847806423,0.0
0.0205643384403,1.08135740709,-0.112405714992,0.995019016234,0.00101895492031,0.0996800835846,0.0
0.0206074499471,1.08126592235,-0.112337446543,0.994971638108,0.000208623241732,0.100156856162,0.0
0.0206153915665,1.08148618031,-0.11254375381,0.994539194274,0.000927182056138,0.104359625273,0.0
0.0202929512904,1.07737732993,-0.108541651853,0.995012966985,0.00218664251882,0.0997216833301,0.0
0.020106299999,1.07544400265,-0.106745894568,0.995012696437,0.00116355116853,0.0997415664546,0.0
0.0207045615669,1.08238585565,-0.113441277994,0.994771613471,0.0012312952051,0.102117192203,0.0
0.0202118939143,1.0781763137,-0.109423662752,0.995316650451,0.00154891797432,0.0966559164661,0.0
0.0200552260435,1.0755526419,-0.106763329401,0.995101267841,0.00272985309839,0.0988231483133,0.0
0.0203778447326,1.07953073376,-0.110688518591,0.995163791595,0.00032767680164,0.0982289189883,0.0
0.0205640126619,1.08043614377,-0.111523176567,0.994695145166,0.00107602632459,0.102861121668,0.0
0.0205147090991,1.07962283654,-0.110716127109,0.994977033397,0.00039112349257,0.100102697438,0.0
0.0203025069192,1.07807804832,-0.109287351428,0.994988755777,0.00125606188824,0.0999789887198,0.0
0.0203908969088,1.07971058909,-0.110791388582,0.995040944559,0.00145792360799,0.0994554830545,0.0
0.0206972980889,1.08218971912,-0.113228539903,0.994511170397,0.000783298578745,0.104627522191,0.0
0.0204233566083,1.07942053388,-0.110457579855,0.99491668085,0.00118665832354,0.100694538129,0.0
0.0205941230324,1.08131824876,-0.112424156842,0.994905561848,7.25505718671e-05,0.100811297682,0.0
0.0202956885967,1.07767814684,-0.10888929988,0.9948493516,0.000222685495122,0.101364283807,0.0
0.0203939709888,1.07999762519,-0.111004218281,0.994648388438,0.00361064393938,0.103254765647,0.0
0.0201309239369,1.07598712398,-0.107330665796,0.99526858262,0.00120566918254,0.0971544894063,0.0
0.020788377023,1.08404533121,-0.114893325405,0.994154128739,0.00284076496574,0.107932841927,0.0
0.0203964935617,1.07882332835,-0.109862454489,0.994659143402,0.00290014885111,0.103173531409,0.0
0.0204944912357,1.0795671267,-0.110880218865,0.99461990586,0.00050680717221,0.103590472598,0.0
0.0201832498746,1.07669829038,-0.107964612518,0.995104437408,0.000955967738988,0.098824312683,0.0
0.023188766706,1.1056509844,-0.13462878221,0.994354711772,-0.0150564432035,0.105033378958,0.0
0.0270399869707,1.1410035817,-0.169118379906,0.988078878956,-0.0174808913987,0.152952761977,0.0
0.0273244603672,1.14300252361,-0.171165370131,0.987489962141,-0.0154790109911,0.156920281957,0.0
0.0273983198509,1.14372130797,-0.171849655294,0.987416042311,-0.0175680692983,0.157165270744,0.0
0.020464332323,1.05752926742,-0.0891707773333,0.929140004261,0.331116214332,-0.164501991135,0.0
0.0211832382956,1.06525516882,-0.096817042545,0.929024464063,0.330771773417,-0.165842030507,0.0
0.0210517285428,1.06369108864,-0.095177124129,0.929481685658,0.32950219775,-0.165807411488,0.0
0.019959542872,1.05315092796,-0.0847853478882,0.928646774531,0.328350394341,-0.172630202136,0.0
0.0198324158788,1.05232050412,-0.0840271104047,0.929137181623,0.328031145967,-0.170586239192,0.0
0.0200352201158,1.05355878975,-0.0853734908038,0.928845610847,0.329420490516,-0.169493279036,0.0
0.0202638144644,1.05676654541,-0.0883491916351,0.929052795967,0.330110043613,-0.166997788642,0.0
0.0207346703157,1.06267913414,-0.0940253272663,0.929541169712,0.328239063815,-0.167965266635,0.0
0.0202219106291,1.05570911287,-0.0873696528322,0.928604821619,0.329339765498,-0.170963165997,0.0
0.0199391127883,1.05227451038,-0.083966251061,0.928875706885,0.329996526382,-0.168202894548,0.0
0.020364655152,1.05570976231,-0.087331590918,0.928766240808,0.328537075814,-0.171629425656,0.0
0.0198584970926,1.05248465693,-0.0842041922186,0.928769787342,0.329966999186,-0.168844489303,0.0
0.020458692459,1.05758930313,-0.0890228263191,0.92917291661,0.329625020832,-0.167287287861,0.0
0.0202911093063,1.05501742503,-0.0866528735814,0.928602908672,0.32749092394,-0.174488775407,0.0
0.0202782943443,1.05591043592,-0.0874518748844,0.928917302958,0.327709695331,-0.172391994743,0.0
0.020420138561,1.05792034063,-0.089477542811,0.92936091989,0.329065635873,-0.167344219706,0.0
0.0199786412696,1.05236101099,-0.0840848031519,0.928777224493,0.328301691595,-0.172019959766,0.0
0.0195388207201,1.04813951969,-0.0800575699283,0.928284631713,0.329170188885,-0.173016268816,0.0
0.0197988826515,1.05165164927,-0.0831703867871,0.928642758076,0.329794411815,-0.16987723158,0.0
0.0207975599042,1.06109231947,-0.0924959028926,0.92926491691,0.32737505851,-0.171149891223,0.0
0.0205097306755,1.05970604327,-0.0911944661329,0.928873085811,0.328339018299,-0.17143010097,0.0
0.020344099258,1.05868285742,-0.0901585856136,0.92886095429,0.327593513614,-0.172915636751,0.0
0.0202478916534,1.05647760059,-0.0878774922391,0.92954881762,0.326181280316,-0.171885915746,0.0
0.0198250739063,1.05231255866,-0.083934951934,0.92881190822,0.327641313867,-0.173088441543,0.0
0.0206174281448,1.06012575211,-0.0912907643842,0.928769867842,0.329764664643,-0.169238880113,0.0
0.0199710895106,1.05190436996,-0.0836316316875,0.927930567295,0.328331270764,-0.176475037662,0.0
0.0207086249591,1.06088124244,-0.0922671795077,0.928813020913,0.328167230492,-0.172083238619,0.0
0.0200531010765,1.05433029067,-0.085890639368,0.928826837951,0.3274921875,-0.173290427399,0.0
0.0201835864369,1.05732363383,-0.0887823999373,0.928751433746,0.328275112175,-0.172209828527,0.0
0.0207082092875,1.0616081011,-0.0928720890784,0.929548086071,0.326814388526,-0.170683072197,0.0
0.0201402526663,1.05430281434,-0.0858940417277,0.929289379664,0.327526376145,-0.170727038785,0.0
0.0201052771353,1.05463966419,-0.0862175874346,0.929005817149,0.326687570744,-0.173848850513,0.0
0.0203438622728,1.05711545727,-0.0885112606805,0.928750241898,0.326687491537,-0.175209220782,0.0
0.0206031520012,1.05967534468,-0.0910553548326,0.929405484301,0.32677263943,-0.171537424112,0.0
0.0206908987997,1.0616600197,-0.0928457653427,0.929610255838,0.326842441768,-0.17029031241,0.0
0.0201248646949,1.05387511967,-0.0854287324814,0.929054690942,0.325298921657,-0.176176027904,0.0
0.0202797974198,1.05824619294,-0.0896318402744,0.928718310641,0.33018943373,-0.168692730527,0.0
0.0205768344727,1.05906760828,-0.0904684251945,0.928749335028,0.327159958451,-0.174330244856,0.0
0.019789947133,1.05194906535,-0.0835646789931,0.928686010959,0.326479297165,-0.175936242914,0.0
0.0205567384248,1.05919314964,-0.0906205340102,0.929252574165,0.325894736012,-0.174018029089,0.0
0.0201632579365,1.05499396432,-0.0865444951812,0.928509356865,0.328172876353,-0.173703590754,0.0
0.0200193242741,1.05513761175,-0.0866501591552,0.928809732019,0.327732659536,-0.172927110601,0.0
0.0202633616293,1.05778331472,-0.0891105337219,0.928221342047,0.329980628361,-0.171807814361,0.0
0.0207082959647,1.0610832558,-0.0923528163955,0.928904254294,0.327694595045,-0.1724909816,0.0
0.020507149331,1.05790589361,-0.089406517101,0.929162936863,0.327501769397,-0.171460863761,0.0
0.0200002529521,1.05326863709,-0.0848175232772,0.928962980408,0.327379234726,-0.172773313046,0.0
0.020134164254,1.05496813146,-0.0865340469666,0.927945951729,0.32857357274,-0.17594237115,0.0
0.0202840910506,1.05645718022,-0.0879130182386,0.929050393049,0.326619061511,-0.173739333003,0.0
0.0203557190375,1.05734738248,-0.088706778453,0.929095118601,0.327872423847,-0.171119648996,0.0
0.0202340330658,1.05598900642,-0.0874415534696,0.929336102293,0.326443310676,-0.172537456486,0.0
0.0202856878525,1.05670628717,-0.0880852686543,0.929574331678,0.325950382127,-0.17218568546,0.0
0.0205063643388,1.05921915887,-0.0905324063776,0.929596389046,0.326314934364,-0.171374201919,0.0
0.0201089946793,1.0552586148,-0.0868082264853,0.928291004323,0.328089345069,-0.175023406849,0.0
0.0202170631725,1.05495965235,-0.0865166298544,0.927992491083,0.327235268463,-0.178176922095,0.0
0.0204043412963,1.05857236783,-0.0898581666964,0.929230449429,0.328152564153,-0.169843064312,0.0
0.0203135125116,1.05784586393,-0.0892523712393,0.92861895536,0.328421387947,-0.17264480208,0.0
0.0199780118064,1.05241313649,-0.084018456486,0.928246970035,0.327301052452,-0.176724598415,0.0
0.0201663470359,1.05429127629,-0.0857721614822,0.928708262478,0.326907779534,-0.175020761299,0.0
0.0206169513188,1.06054752515,-0.0917340822715,0.92944480822,0.324740868994,-0.175144844282,0.0
0.0219123588787,1.07434897401,-0.105176216007,0.929984700058,0.326747317316,-0.168418075883,0.0
0.0231025390588,1.08568525123,-0.116030287717,0.931254918246,0.325661966567,-0.16342753983,0.0
0.0220606257629,1.07492428339,-0.105894011693,0.930849871426,0.326721685543,-0.163619855346,0.0
0.0212974675374,1.06542209021,-0.096767302225,0.929993974692,0.327451689774,-0.166992807929,0.0
0.0210125292855,1.06357789924,-0.0949487869246,0.929820600425,0.328777179021,-0.165345751625,0.0
0.020622224008,1.06100833779,-0.0924840724216,0.929479243724,0.32767561731,-0.169401963702,0.0
0.0191705318027,1.03470609812,-0.0664522486112,0.761164819575,0.559026976094,-0.328811431433,0.0
0.0191365687948,1.03603731558,-0.0676727144904,0.761554169261,0.560049730509,-0.326158775198,0.0
0.0191414157296,1.03483272307,-0.0664852735393,0.76244426219,0.55849086478,-0.32675174217,0.0
0.019253295844,1.03683272446,-0.0683710975718,0.760758656337,0.559489820191,-0.328964143806,0.0
0.0191838419136,1.03538330471,-0.0670454693585,0.761052953003,0.558472444873,-0.330010501412,0.0
0.0189750403379,1.03459879853,-0.0662890027837,0.763203910378,0.558852652745,-0.32435089595,0.0
0.0187352172592,1.03141155498,-0.0631813732118,0.762017306193,0.558445202044,-0.327824009762,0.0
0.0191010451961,1.03514139583,-0.0667718305774,0.76276460144,0.559190244976,-0.324802143949,0.0
0.0189956516197,1.03550703676,-0.0670939710928,0.761753563954,0.558261253153,-0.328748963546,0.0
0.019218596336,1.03781712764,-0.0694023334963,0.762731476495,0.559245467023,-0.324784855525,0.0
0.0189405433498,1.03360023347,-0.0651816060723,0.763213967341,0.559222823485,-0.32368854436,0.0
0.0192998220134,1.03832714234,-0.0699614320759,0.760480872147,0.560452299054,-0.327966558637,0.0
0.019117417087,1.03621558718,-0.0678443149061,0.760260997557,0.560281971451,-0.328766373068,0.0
0.0193163994954,1.03828146305,-0.0698328936452,0.762656827846,0.559098552907,-0.325212808908,0.0
0.0193763872583,1.03851817794,-0.0700047281953,0.762214983976,0.559529421498,-0.325507518625,0.0
0.0192494220944,1.03846474568,-0.0700255149114,0.762007896462,0.558971341361,-0.326948016154,0.0
0.019034530042,1.03513643452,-0.066810607411,0.760735172459,0.559945381617,-0.32824254293,0.0
0.0192702067919,1.03746426214,-0.0690281565884,0.760929088379,0.560960236916,-0.326052963578,0.0
0.0189194289834,1.03326671744,-0.0648710528165,0.763011540849,0.558893304533,-0.324733217703,0.0
0.0192744746842,1.03776907315,-0.069345956015,0.761641364511,0.559909544778,-0.326195851495,0.0
0.0189305765946,1.03503232655,-0.0665825782867,0.762672224853,0.559575639009,-0.324355024109,0.0
0.0189892710327,1.03416785963,-0.0658249542102,0.762629062916,0.559362289134,-0.32482417073,0.0
0.0191639868481,1.0358070974,-0.0674185718288,0.761457233138,0.557783564616,-0.330242906277,0.0
0.0192357101187,1.03663138701,-0.0681430981127,0.761747827808,0.560031310612,-0.325737897646,0.0
0.019087925137,1.03402706981,-0.0655887692565,0.762570891444,0.559051482011,-0.325495124364,0.0
0.0189957474515,1.03555439883,-0.0671604987596,0.761293180503,0.559130556631,-0.328337804648,0.0
0.0190681549245,1.03561709907,-0.0671853997207,0.762704904315,0.558720557321,-0.325749240616,0.0
0.019203963943,1.0362500289,-0.0678900755886,0.763004952924,0.558593298338,-0.325264459888,0.0
0.0191555414191,1.03614167737,-0.0677056280272,0.763621134034,0.558908789775,-0.323270364199,0.0
0.0189074681383,1.03145471189,-0.0631780321037,0.761687235596,0.558345343737,-0.328759839787,0.0
0.0190544366696,1.03514029537,-0.0667183272386,0.76323610362,0.558783543582,-0.324394207027,0.0
0.0191112843566,1.035349184,-0.0669208059607,0.762453435937,0.558896183194,-0.326036523167,0.0
0.0190010500948,1.03328344619,-0.0648820196741,0.763111115532,0.559199181037,-0.323971760003,0.0
0.0189915091931,1.03473299864,-0.0663377029582,0.760659777539,0.559273434121,-0.329560205001,0.0
0.0191735473217,1.03479014576,-0.0664088672976,0.762976202352,0.55936921241,-0.323995985859,0.0
0.0189361099133,1.03286200229,-0.0644836848681,0.761704462243,0.558723261944,-0.328077168912,0.0
0.0190803549941,1.03569068089,-0.0672900473735,0.760960739169,0.559467660242,-0.328534154369,0.0
0.0190074609593,1.03478100659,-0.0663384278312,0.762752304389,0.558586093885,-0.325868835374,0.0
0.0191695085074,1.03615039893,-0.0677302021122,0.761478499459,0.559330901622,-0.327565928252,0.0
0.0190283324887,1.03368438169,-0.0654040235853,0.762371159784,0.559258417909,-0.325607488747,0.0
0.0192502466636,1.03651798681,-0.0680000259049,0.762345025448,0.559324654048,-0.325554900975,0.0
0.0188736849974,1.03344541343,-0.065046260234,0.762522776005,0.558961265137,-0.32576267458,0.0
0.0188837447525,1.03360146862,-0.065173015787,0.760926880744,0.559218732635,-0.329036002942,0.0
0.0188563765154,1.03243823877,-0.0640648818083,0.762183853666,0.558776477899,-0.326870954594,0.0
0.019150194443,1.03642801043,-0.0679696461989,0.762441546196,0.559170465099,-0.325593733962,0.0
0.0192308466455,1.03525352214,-0.066873780346,0.763007116511,0.558694359608,-0.325085762062,0.0
0.0191404085974,1.03695876425,-0.06855164232,0.760858303583,0.559808608551,-0.328190438103,0.0
0.0190176188095,1.0346833909,-0.0662877552253,0.762606466368,0.559318520328,-0.324952566186,0.0
0.0195297360594,1.04050600064,-0.0720443321951,0.761768327141,0.560419332455,-0.325021826306,0.0
0.0194343531094,1.03935613109,-0.070879351342,0.761479299447,0.560355546447,-0.325808130775,0.0
0.0190824307372,1.03540328387,-0.0675958485505,0.760581366642,0.559397811286,-0.329530079729,0.0
0.0151967686314,1.02965949241,-0.0626689795478,0.693519773913,0.571712703382,-0.438377586087,0.0
0.0191077365897,1.02891932336,-0.060554390375,0.464891250909,0.761368167403,-0.451879008689,0.0
0.0193561379661,1.03114285292,-0.0627059435317,0.463152758441,0.761783468668,-0.452962988788,0.0
0.0194848052352,1.03189187356,-0.0637284859014,0.463640023654,0.76253277362,-0.451200285485,0.0
0.0195365230032,1.03039183471,-0.0626230493437,0.462305536398,0.763137297434,-0.451547402032,0.0
0.0199272520371,1.03324159897,-0.0656779705982,0.461583594002,0.764668790358,-0.449691257199,0.0
0.0200148942739,1.0325225387,-0.0649754624506,0.46008413128,0.764944181593,-0.450758240292,0.0
0.0201429417584,1.03355611953,-0.0659173800814,0.460207828241,0.766046033271,-0.448756314424,0.0
0.0200532330655,1.03180578136,-0.0642880202201,0.459863850695,0.7654771446,-0.450077748749,0.0
0.0200980152488,1.03103462852,-0.0636337519183,0.459334993685,0.764999602807,-0.451427703272,0.0
0.0202342799445,1.03682342693,-0.0692658383227,0.45834596851,0.76361938121,-0.454757532967,0.0
0.0200486268282,1.0320247334,-0.0644849688127,0.459661396688,0.766735779962,-0.448137974423,0.0
0.0200103202689,1.03041478097,-0.0630496377011,0.456856924671,0.766139520333,-0.452008833724,0.0
0.0202186348161,1.03277642345,-0.0653200179334,0.458786242194,0.767080717087,-0.448444374975,0.0
0.0199885391177,1.02974061912,-0.0624364551052,0.4578657842,0.765868113724,-0.451447622698,0.0
0.0199911970674,1.03131359255,-0.0638590890641,0.459375120903,0.765308602035,-0.450862775073,0.0
0.0202017145034,1.03373862805,-0.0660648102504,0.460778930552,0.766342334496,-0.447663046853,0.0
0.0198778071228,1.02863771626,-0.0612188640031,0.45948356268,0.766132095258,-0.449351163615,0.0
0.0200660755912,1.03255895229,-0.0650804221894,0.459739989187,0.765180886562,-0.450707613851,0.0
0.0201024346864,1.03231730579,-0.064767915431,0.458455684223,0.765205688521,-0.451971945877,0.0
0.0200037509104,1.03104157537,-0.0636250925259,0.459775763403,0.76791955168,-0.445988575565,0.0
0.0200632976421,1.03278471303,-0.0653442950987,0.457627468036,0.764600204748,-0.453832157739,0.0
0.0199430321093,1.03136706129,-0.0638599505317,0.458881720271,0.764956549064,-0.45196133114,0.0
0.0200539750282,1.03307694011,-0.0656194664119,0.458255772194,0.767291972364,-0.448625318496,0.0
0.020106847303,1.03327827708,-0.0658323366633,0.459185225916,0.765719462311,-0.450358338814,0.0
0.0202585405378,1.03506410147,-0.0674865779342,0.459097490581,0.767158492914,-0.447992567899,0.0
0.0202612407168,1.03545283544,-0.0679468120686,0.458468186355,0.765527671403,-0.451413675487,0.0
0.0202313962461,1.03474558348,-0.0671316893676,0.459333616817,0.766625298116,-0.448662769517,0.0
0.0201591846148,1.03371903733,-0.0661741550701,0.457637531338,0.764333064808,-0.454271786436,0.0
0.0201550329699,1.03442618806,-0.0669103868267,0.458008505632,0.76561806006,-0.451726902983,0.0
0.0204430984654,1.03630267941,-0.0687749894598,0.458174666285,0.766543787305,-0.449985107886,0.0
0.0201916345597,1.03377425433,-0.066246249664,0.458299625805,0.766642424033,-0.449689722653,0.0
0.019985073417,1.03214839944,-0.0646798425215,0.457759790203,0.765304169197,-0.452510224285,0.0
0.0202207886119,1.03427488098,-0.0667829378255,0.458066680585,0.766463332086,-0.45023202541,0.0
0.0199964910631,1.03309227142,-0.0654909253432,0.459943172615,0.766199867244,-0.448765018021,0.0
0.0200273083265,1.03257896905,-0.0650158728102,0.459353281402,0.767377130259,-0.447355454667,0.0
0.0199115299115,1.03122138677,-0.0637663985112,0.45807257462,0.766259560437,-0.450572749309,0.0
0.0201593533723,1.03421603677,-0.0666538529115,0.459618378351,0.765333883302,-0.450571851486,0.0
0.0201335174286,1.0330585891,-0.0656509288779,0.458967333833,0.765895573333,-0.450280975863,0.0
0.0202291649615,1.03484008995,-0.0671766010948,0.459780566364,0.766761558231,-0.447971587952,0.0
0.0200668702453,1.03236032198,-0.0648070770841,0.46067447162,0.765318969176,-0.449517415254,0.0
0.0203362203411,1.0356857225,-0.0680586466818,0.455438902433,0.765055441652,-0.455264293953,0.0
0.0200798405959,1.03200854752,-0.0644624567691,0.459712753273,0.766589590344,-0.44833534821,0.0
0.0199656021932,1.03186381164,-0.0644069562281,0.461613130154,0.765248388902,-0.448673847413,0.0
0.020098520392,1.03307848508,-0.0656772837759,0.4589467205,0.764919450468,-0.451958119783,0.0
0.0198745497884,1.02970254582,-0.0623381251481,0.456208331562,0.76543805366,-0.453848591738,0.0
0.0202548690393,1.0363985883,-0.0687348395611,0.458937551876,0.765257638595,-0.451394583542,0.0
0.0203450214757,1.03505903418,-0.067358477542,0.457478611314,0.767400052167,-0.449233213514,0.0
0.0193363054463,1.02902475064,-0.0615756100793,0.446476478745,0.765052554737,-0.464061787285,0.0
0.0199863522189,1.03341363163,-0.0655225116599,0.454096519445,0.763217382053,-0.459668988251,0.0
0.0224527641285,1.04767604534,-0.079762081425,0.487228775759,0.768050646645,-0.415579504139,0.0
0.0241618349794,1.05881043323,-0.0878459028402,0.0273184770622,0.83794764588,-0.545066457943,0.0
0.0230566115946,1.04895515348,-0.0797038608087,0.0201464869185,0.849321908233,-0.527490677889,0.0
0.0225387388682,1.04343976969,-0.0740190970535,0.0202040877242,0.846468251377,-0.532055724759,0.0
0.0242323957461,1.0599750226,-0.0901680504699,0.0284062980929,0.851192521491,-0.524084319157,0.0
0.0242883687215,1.06031268802,-0.0905394672707,0.028395026755,0.850970612385,-0.524445172838,0.0
0.0244939861955,1.06276691078,-0.0927755192065,0.0289272833616,0.85043092393,-0.525290829828,0.0
0.0243286702584,1.06018857394,-0.0902584850081,0.0276947287297,0.850615650221,-0.525058108783,0.0
0.0242883447073,1.06037126864,-0.0904750901742,0.0291704907382,0.851080666975,-0.524223979585,0.0
0.0244002311014,1.06192434775,-0.0920569179712,0.0289183481695,0.85047994428,-0.525211951042,0.0
0.0243030738084,1.05865197528,-0.0887590772932,0.0298970335641,0.852172464409,-0.522406219611,0.0
0.024495484007,1.06256952904,-0.0926629211599,0.0298219128572,0.852097544623,-0.522532705159,0.0
0.024446530406,1.06148107985,-0.0915469563971,0.028573116574,0.851284203147,-0.523926313982,0.0
0.0243242246825,1.06158508982,-0.0915587575883,0.0268387365222,0.850062051012,-0.525998281035,0.0
0.0243293539366,1.05991326996,-0.0899594744666,0.0290584275278,0.85154521737,-0.523475262609,0.0
0.0243562153966,1.06145610853,-0.0914086003393,0.0298553784001,0.851787933616,-0.52303534539,0.0
0.0243410875506,1.05999294863,-0.0900392013163,0.0291240617742,0.851174144405,-0.524074770354,0.0
0.0244265646689,1.06193482571,-0.0920033760675,0.0273149326517,0.850528177478,-0.525219681439,0.0
0.0243595963086,1.06006944785,-0.0902419341516,0.0288472491504,0.851117858283,-0.52418148339,0.0
0.0241296967763,1.05831298468,-0.0885825487255,0.0296642162609,0.849808781717,-0.526255706658,0.0
0.0243649428729,1.0615113115,-0.0916590437231,0.0272052943535,0.849738778755,-0.526501547804,0.0
0.0242183250041,1.06065879569,-0.0908475708668,0.0285561610661,0.850576559081,-0.525075292513,0.0
0.0242027631056,1.05901613278,-0.0892725079474,0.0279366472109,0.850330392385,-0.525507152691,0.0
0.0243724327417,1.06040030711,-0.0904228297642,0.0273649591096,0.851264438467,-0.524022914397,0.0
0.024392777667,1.0593462609,-0.0893749078949,0.0296388587167,0.851856235546,-0.522936412975,0.0
0.0244134271242,1.06130800743,-0.0912502512521,0.0278016319504,0.850712236463,-0.524895951587,0.0
0.0243848962352,1.06173155837,-0.0918389354678,0.0285877819301,0.850883104748,-0.524576668161,0.0
0.0242688709668,1.06128206058,-0.0913376562487,0.0292182795703,0.850765710362,-0.524732311004,0.0
0.0243889820969,1.06104623879,-0.0910047118637,0.0288104598247,0.851185835671,-0.52407311566,0.0
0.0243312178389,1.06081876201,-0.0908843147798,0.0276365360344,0.850272693744,-0.52561636975,0.0
0.0244356917208,1.061383303,-0.0914940400127,0.0286104054914,0.850082083607,-0.5258725091,0.0
0.0243948221755,1.06137922927,-0.0914872847424,0.0284062686114,0.850115732656,-0.525829178531,0.0
0.024298705931,1.06047288304,-0.0906983702187,0.0272285470282,0.85048913664,-0.525287382947,0.0
0.0242884929969,1.0613289645,-0.091465013834,0.0292606300581,0.850644689757,-0.524926116055,0.0
0.0244772591779,1.06132520988,-0.0913517079696,0.0267464237448,0.850370352621,-0.525504416918,0.0
0.0244845536909,1.06274652532,-0.0928022644935,0.0275957717747,0.850466828315,-0.525304337804,0.0
0.0244774912942,1.0625437617,-0.092552011685,0.0288415400235,0.850056589705,-0.525901093238,0.0
0.0241977262396,1.05854316,-0.0887472686188,0.028011366568,0.851146190436,-0.52418081408,0.0
0.024257887129,1.06003424733,-0.0900433277152,0.0284742561593,0.851005750172,-0.524383857409,0.0
0.0239174529174,1.05675390573,-0.0868237042611,0.0296586297033,0.850548263856,-0.525060012318,0.0
0.0244667505192,1.06190245625,-0.0920558862647,0.0296740280785,0.850613351225,-0.52495369203,0.0
0.0244640555517,1.06257455339,-0.0925791755075,0.0287238899966,0.850393960983,-0.525361826998,0.0
0.0242777328734,1.06064869916,-0.0906848707596,0.0269265234503,0.849001671895,-0.527703632216,0.0
0.0243586527712,1.06115879342,-0.0912802086825,0.0288145740006,0.8502853432,-0.525532639771,0.0
0.0241649864653,1.05856955502,-0.0887491240358,0.0279586030646,0.850620084527,-0.525036939953,0.0
0.0238295056686,1.05659429384,-0.0868001475477,0.0256615236196,0.847669244037,-0.52990408464,0.0
0.022982275391,1.04907237829,-0.0792804708629,0.0206053869539,0.843761286141,-0.536322953115,0.0
0.0225468370056,1.04465003659,-0.0744915383262,0.0148587142551,0.838186330497,-0.545181523879,0.0
0.0225508604836,1.04300776074,-0.0729809833547,0.0147907961621,0.836984976999,-0.547025941458,0.0
0.0232609324024,1.05084860365,-0.0809524205804,0.0218690004493,0.844522093215,-0.535073995716,0.0
0.0236099192988,1.0529546166,-0.0834753595404,0.0235411233085,0.850093876684,-0.526104757951,0.0
0.023229417123,1.05126755472,-0.0829896623992,0.0258977564539,0.860655168688,-0.508529238906,0.0
0.0251780895116,1.06813914526,-0.0962128931373,0.0324975604999,0.833700322976,-0.551260083836,0.0
0.0278100535065,1.09228430697,-0.119363581971,0.0473835125081,0.837552684189,-0.544297991866,0.0
0.0141414245892,1.05353478518,-0.0826438462645,0.177157307636,-0.810887201789,0.557742982319,0.0
0.0117967744472,1.02961759789,-0.0584179254021,0.187923992865,-0.828253806263,0.527901700429,0.0
0.0132328991247,1.04436988014,-0.0732672578274,0.18070780328,-0.818390891307,0.545509888874,0.0
0.0132571461024,1.04428839262,-0.072997301035,0.179285920581,-0.818361553466,0.54602282598,0.0
0.0136388282972,1.04945896712,-0.078202315139,0.181661367978,-0.818949232809,0.544354022182,0.0
0.0135163350785,1.04766624958,-0.0764710137382,0.180843744113,-0.819559087667,0.543708048531,0.0
0.0134836258491,1.04667660188,-0.0755417939961,0.179821931426,-0.819552788076,0.544056339486,0.0
0.0136213638742,1.04904816246,-0.077814031716,0.17980731455,-0.818685281859,0.545365692817,0.0
0.0136031875405,1.04943038761,-0.0782088391216,0.179899688046,-0.818345339298,0.545845223383,0.0
0.0132803403381,1.04603812528,-0.0748030405316,0.183681875415,-0.819200219013,0.54329731254,0.0
0.0134471651303,1.04738180076,-0.0762573923832,0.182256196431,-0.818600934162,0.544678978346,0.0
0.0137815778603,1.0513145255,-0.0799614820471,0.181085517611,-0.819049325659,0.544395295213,0.0
0.0135703253595,1.04869990352,-0.0773705941693,0.18050261087,-0.819871975924,0.543349565716,0.0
0.0132221834216,1.04511755659,-0.0739849056138,0.182930424859,-0.819054096805,0.543770950095,0.0
0.013681436226,1.04971838201,-0.0784110367587,0.178991382429,-0.819737821849,0.544051457535,0.0
0.0136585727125,1.04951237233,-0.078037628737,0.179090334009,-0.8177055811,0.547068766154,0.0
0.0132593324569,1.04542991763,-0.0744084175952,0.180328901896,-0.81906635021,0.544620786506,0.0
0.0135040223904,1.04783989251,-0.0766019732146,0.179612547823,-0.81915536912,0.544723612401,0.0
0.0134304811337,1.0469599848,-0.0755710495005,0.17803366741,-0.818022846861,0.546939334188,0.0
0.01347595081,1.048643137,-0.0773822909144,0.181236729733,-0.819006670785,0.544409148532,0.0
0.0132717609969,1.04592536104,-0.0747644377965,0.181433549249,-0.818472687457,0.545146152048,0.0
0.0130888326298,1.04338094281,-0.0724008911749,0.180512901256,-0.818487165663,0.545429969956,0.0
0.0134370530114,1.04653152066,-0.075404917954,0.180709374905,-0.819650446062,0.543614999878,0.0
0.0136881200187,1.049867647,-0.0785257583227,0.180652043531,-0.818543368219,0.545299544758,0.0
0.0135603376002,1.04859650901,-0.0773544582633,0.180197553981,-0.81883034182,0.545019002287,0.0
0.013406144386,1.04707684092,-0.0759988223424,0.180332144541,-0.817989843582,0.54623523636,0.0
0.0135590464451,1.0476814765,-0.0764312289426,0.179965577277,-0.818520275824,0.545561132285,0.0
0.013054548317,1.04238842659,-0.0712880162309,0.182481992901,-0.818397332139,0.544909285125,0.0
0.0133465297573,1.0468461709,-0.0755421983204,0.179822653476,-0.820105498444,0.543222592238,0.0
0.0130950844671,1.04322941236,-0.0721057176765,0.181113365731,-0.819104791498,0.544302571461,0.0
0.0131401855708,1.04395405411,-0.0730649810075,0.180773346333,-0.818490292031,0.545339013006,0.0
0.0131800529828,1.04483399279,-0.0736923046666,0.180556028941,-0.81859552347,0.545253050765,0.0
0.0138137193996,1.05161718324,-0.0802941834332,0.179312565597,-0.81820091316,0.546254766133,0.0
0.0133089988859,1.04564007143,-0.0745043954051,0.181739005413,-0.817500716269,0.546501155361,0.0
0.0135501001483,1.04792276877,-0.076617101747,0.181900191283,-0.8194141156,0.543574123342,0.0
0.0135302529501,1.04769367774,-0.0764294440813,0.179707188009,-0.81790033691,0.546575123346,0.0
0.0133564961591,1.04614697376,-0.0751224502362,0.181178874748,-0.819421700412,0.543803541952,0.0
0.0131664247464,1.04318586565,-0.0721909389519,0.180664614582,-0.819159810037,0.544368903095,0.0
0.0135009969136,1.04740711748,-0.0761701439567,0.179664134944,-0.820140820488,0.543221716415,0.0
0.0134737979655,1.04708279327,-0.0757939172358,0.181466032601,-0.819537030811,0.543533930994,0.0
0.0136801029143,1.04906764349,-0.0778006323532,0.178902721328,-0.819848761854,0.543913434278,0.0
0.0135929692797,1.04746606583,-0.0763205735795,0.178879774705,-0.82020194688,0.543388252115,0.0
0.0136558361651,1.04915938107,-0.0774735713875,0.17919571432,-0.823763883231,0.537867976973,0.0
0.01379554665,1.04928340106,-0.0781918028129,0.177968783519,-0.817849661283,0.547219374321,0.0
0.0143025457466,1.03975145854,-0.0721387832611,0.738388965922,-0.524784110857,0.423536742203,0.0
0.0143168409297,1.04152592858,-0.0738438141799,0.738921168731,-0.527394081197,0.419345906764,0.0
0.0142742371649,1.04308814451,-0.0754966220899,0.738463707747,-0.525594397375,0.422400144163,0.0
0.0141824092556,1.04151619858,-0.0738484405874,0.737898961771,-0.524958505853,0.424174126214,0.0
0.0141823847333,1.04270214767,-0.0751164213602,0.738705530686,-0.524033366767,0.423914106215,0.0
0.0141912981599,1.04074970937,-0.0731430714455,0.736250913598,-0.525810714231,0.425978503008,0.0
0.0142829218047,1.04120208117,-0.0735044196957,0.73699294892,-0.524844336706,0.425887092397,0.0
0.0142892066606,1.04103429762,-0.0734468094047,0.738063849321,-0.525272626459,0.423497842047,0.0
0.014393997899,1.04239450751,-0.0748315236447,0.734149973592,-0.527825644334,0.427111116055,0.0
0.0143533926035,1.0440477318,-0.0764623569692,0.738797069903,-0.523481379347,0.424436255497,0.0
0.0143703510362,1.04190524376,-0.0742158398436,0.736811958521,-0.525045237226,0.425952622538,0.0
0.0145773501301,1.04081207915,-0.0732156968722,0.732111998233,-0.526851523654,0.431786398658,0.0
0.0142560445973,1.04094731532,-0.0733786985257,0.73809872365,-0.526381680862,0.422057579246,0.0
0.0143595738468,1.04221148286,-0.0745455255872,0.736365961152,-0.524819669381,0.427000568954,0.0
0.0142226480177,1.04184526563,-0.0741549278327,0.737599172875,-0.524991755158,0.424654114769,0.0
0.0142934566253,1.04102327144,-0.0733951278147,0.737804611843,-0.524658808896,0.424708710755,0.0
0.0143082506673,1.04077993562,-0.0733855993462,0.737456299054,-0.524932213066,0.424975738921,0.0
0.0143367387976,1.04191049842,-0.0742133332647,0.739108802361,-0.523919441199,0.423351623838,0.0
0.0175818265489,1.03974958007,-0.0748466212624,0.664172596809,-0.543947256089,0.512831496928,0.0
0.0150405729861,1.03831601946,-0.0734118212651,0.717156235485,-0.532660463214,0.449399337821,0.0
0.015667610027,1.04975590479,-0.0855011577927,0.959315339384,-0.166023869126,0.228364083214,0.0
0.0148255810762,1.04093450248,-0.0782120261828,0.958614115222,-0.155809278707,0.238290677044,0.0
0.0189418596006,1.07727203167,-0.111317959503,0.948382268274,-0.178846674523,0.261887266274,0.0
0.0170927912744,1.06299059665,-0.096824981691,0.956692715187,-0.176258172935,0.231672409192,0.0
0.0168064286758,1.06117833294,-0.0950426731316,0.957665462167,-0.176777715059,0.227214660686,0.0
0.0173090631968,1.06483586159,-0.0985791539855,0.956177117669,-0.179119296529,0.231606557024,0.0
0.0179309546202,1.07024496173,-0.103818278652,0.953971450162,-0.180178208785,0.239737951429,0.0
0.0167295079598,1.05945257442,-0.0933238784812,0.957272680397,-0.177337646359,0.228430240006,0.0
0.0168220978009,1.06146628122,-0.0954564830657,0.957865927095,-0.175744848111,0.22717089178,0.0
0.0168445484053,1.06194182176,-0.095840589264,0.957244491609,-0.178430185718,0.227696403375,0.0
0.0163177496219,1.05778590791,-0.0921358170862,0.959066136341,-0.176372272549,0.221551275327,0.0
0.0162090601953,1.05615795344,-0.0905331917453,0.960561481155,-0.175646978658,0.215568503753,0.0
0.016207814367,1.05621949522,-0.0907446374792,0.960338774144,-0.174287039727,0.217654466204,0.0
0.0161855329478,1.05657904921,-0.090919122185,0.959446639452,-0.175012706441,0.220981217818,0.0
0.016142768825,1.05685730426,-0.0911800269782,0.959766705938,-0.175670527383,0.219061032551,0.0
0.0171499963162,1.06609886432,-0.100121904195,0.956428617647,-0.177762672013,0.231613323851,0.0
0.0164538615478,1.05890858965,-0.0932560738076,0.958337627092,-0.176058630133,0.224927435532,0.0
0.0161633863238,1.05633039413,-0.0908711436597,0.960621889564,-0.176130848835,0.214903488522,0.0
0.0161115045409,1.05579925724,-0.0901794148605,0.960199778865,-0.17439180173,0.218183143612,0.0
0.0160223541759,1.05530426032,-0.089747965277,0.960842410996,-0.175890606417,0.214112951044,0.0
0.016869034966,1.06220843278,-0.0964500322263,0.957609357401,-0.177506617726,0.226882611237,0.0
0.0161890368404,1.05549421281,-0.0899487661284,0.960384296286,-0.173794249798,0.217847566394,0.0
0.0161421063684,1.05581316287,-0.0902600215256,0.959621704786,-0.175922522848,0.219493620997,0.0
0.0166794372183,1.06081759991,-0.095143396635,0.958086168831,-0.175826879006,0.226176483557,0.0
0.0161208780768,1.05496149457,-0.0894764612974,0.961272268888,-0.17530786692,0.212656476185,0.0
0.0159493694655,1.05507976735,-0.0894668020662,0.960379912992,-0.173704207264,0.217938686561,0.0
0.0162515950291,1.05679355577,-0.0912235955687,0.95941259902,-0.174729411113,0.221352880563,0.0
0.0162291620291,1.05593853988,-0.0904400813821,0.960338654482,-0.17610876296,0.216183654137,0.0
0.0162529937378,1.05733729098,-0.091786777102,0.96012527298,-0.17483027683,0.218160112049,0.0
0.0162917429784,1.05715939229,-0.0913955615428,0.960564074491,-0.175977614474,0.215287105979,0.0
0.0164257282812,1.0583475833,-0.0927935229436,0.959395773661,-0.176514105184,0.220005727546,0.0
0.016126426086,1.05603640031,-0.0905633723893,0.960373443932,-0.177344621221,0.215015658765,0.0
0.0162122443604,1.05712997931,-0.091549328326,0.960067628281,-0.176080087497,0.217407340985,0.0
0.0161873566427,1.05582601596,-0.0902210082118,0.960272646827,-0.174922403021,0.217436419848,0.0
0.0160403954514,1.05536398904,-0.0897897769204,0.959749110761,-0.17589842986,0.218955216351,0.0
0.0164642620508,1.05963104896,-0.094097541569,0.959555374077,-0.176654174948,0.219195772208,0.0
0.0161583603552,1.05621888142,-0.0906140546697,0.959697614934,-0.17514323981,0.219784743415,0.0
0.0161163983432,1.05538080808,-0.0897689761982,0.959875538671,-0.176225812998,0.218136226001,0.0
0.0159878216357,1.05437614781,-0.0888918104158,0.960302264361,-0.175039991433,0.21721087096,0.0
0.0162128167126,1.05765984407,-0.0920807851396,0.959991655375,-0.177757120943,0.216375663061,0.0
0.0162846691483,1.05746256831,-0.0918768853437,0.959439111597,-0.176961780466,0.219456417978,0.0
0.0160930799812,1.05471681015,-0.0892663332588,0.959765685244,-0.175343202821,0.219327587532,0.0
0.0161306667186,1.05610044003,-0.0905660919618,0.960870309678,-0.176438733348,0.213535995451,0.0
0.01599642834,1.05558141144,-0.089952169892,0.95965678884,-0.174877070666,0.220174607504,0.0
0.0163954709311,1.05854430776,-0.0929154852262,0.95932601651,-0.176485781498,0.220332392025,0.0
0.0162565339902,1.05676555832,-0.0911994511198,0.959749213701,-0.173880116362,0.220560993684,0.0
0.0161562030839,1.05571177078,-0.0901199715866,0.959705041369,-0.174401793163,0.220341208383,0.0
0.0162041390671,1.0570221003,-0.0914229607048,0.960862813038,-0.175754341952,0.214133289811,0.0
0.0161527311618,1.05639802222,-0.0907710970141,0.960511243886,-0.175841053703,0.215634121143,0.0
0.0160681616304,1.05469216108,-0.0892372814096,0.960876837054,-0.176779609418,0.213224467891,0.0
0.0160988546116,1.05655570411,-0.0909907824345,0.960620264658,-0.176174531327,0.214874944187,0.0
0.0163724580826,1.05754490827,-0.0919007007767,0.959335613098,-0.174993519505,0.221477876037,0.0
0.0163942938681,1.05758052293,-0.0921456249385,0.95937228257,-0.175081228349,0.221249603202,0.0
0.0152085143542,1.04622118108,-0.0828349764395,0.960698872831,-0.163782056128,0.224127449975,0.0
0.0170306690355,1.06322588783,-0.0978013892808,0.956220261858,-0.176731621053,0.233256821835,0.0
0.0147127407493,1.04416687117,-0.0786432480877,0.965580698705,-0.171587309551,0.19547815604,0.0
0.0168114077481,1.03861987233,-0.0735052149035,0.980016795008,-0.0188868256478,0.198016083485,0.0
0.0165340738724,1.03754868251,-0.0726632275303,0.981527956463,-0.020185023171,0.190250980341,0.0
0.0167632498467,1.03970071574,-0.0746575806097,0.981408745157,-0.0197383448688,0.190911688149,0.0
0.0166039537524,1.03854268319,-0.0734343004107,0.981717735404,-0.0218328117092,0.189086266887,0.0
0.0175121298433,1.05260281612,-0.0876914127932,0.984721341676,-0.0248161703997,0.172360195329,0.0
0.0173878549788,1.04653887889,-0.0814335738658,0.982071648771,-0.0232946795511,0.187063183403,0.0
0.0177930568003,1.05211902592,-0.0866588424453,0.983406222131,-0.0268328863541,0.179421845056,0.0
0.0170522402017,1.04309111655,-0.0770718834152,0.982938330702,-0.0242474841208,0.18233018826,0.0
0.0173658609386,1.05214840909,-0.0862094448206,0.986448151394,-0.0317602553976,0.160969968591,0.0
0.0162633614845,1.03746785194,-0.0716912723192,0.986121040782,-0.0254190459128,0.164070609895,0.0
0.0157909460439,1.0354903581,-0.0702634703913,0.986982142209,-0.024636543226,0.158931720238,0.0
0.0156939501715,1.03060486496,-0.0658143397725,0.984217852476,-0.0179587619207,0.176047441725,0.0
0.0165216113253,1.04384110902,-0.0792242527434,0.986297135883,-0.0233632241096,0.163316011181,0.0
0.0158848280172,1.03546782246,-0.071022019351,0.985719896855,-0.0232037478036,0.166786903056,0.0
0.0156592073395,1.03233488982,-0.0678579621538,0.985894382396,-0.0226001545027,0.165835761452,0.0
0.0155574212267,1.02993414022,-0.0653978492607,0.984917984184,-0.0197421283069,0.171891863686,0.0
0.0159600816969,1.03457417305,-0.0698035043749,0.984530102194,-0.018764229656,0.17420786882,0.0
0.0158979985689,1.03730726039,-0.0727023855307,0.987141738291,-0.023168060024,0.158159506569,0.0
0.0159133137544,1.03750755129,-0.072929515282,0.986817719069,-0.0216957855406,0.160374817913,0.0
0.015681834777,1.0317660048,-0.0669250209221,0.985035535175,-0.0184221871799,0.171363991148,0.0
0.0156954698214,1.03137522021,-0.0663673814701,0.985003294159,-0.0176494133462,0.171630442244,0.0
0.0154289774519,1.02951906044,-0.0645846621573,0.986006532603,-0.0185951847084,0.165666341696,0.0
0.0162096742898,1.04207703216,-0.0774904123368,0.987229505152,-0.0235422142918,0.157555286497,0.0
0.0155555197929,1.03001787257,-0.0650956790137,0.984710987005,-0.0199247643852,0.173052812274,0.0
0.0153936556225,1.02537558505,-0.060509531227,0.98319857715,-0.0161095266454,0.181826953564,0.0
0.0150377665876,1.02123469647,-0.0563697364,0.983042970797,-0.0181464328372,0.182475271041,0.0
0.0154323408379,1.03055388871,-0.0662227471355,0.987728615392,-0.0292695497562,0.15341276281,0.0
0.0156967294764,1.0338646406,-0.0697923977611,0.988227012912,-0.0304916097286,0.149925423755,0.0
0.0159863556493,1.04140826702,-0.0774081137519,0.989626239877,-0.031181881788,0.140241205057,0.0
0.0163830824446,1.04838498599,-0.0842973970393,0.990180915024,-0.0289261476899,0.136766346376,0.0
0.0166910057786,1.05357130458,-0.0892849108601,0.991236454652,-0.0292806379371,0.128813567655,0.0
0.0167882944362,1.05743969087,-0.0937578978797,0.992817976503,-0.0384629639084,0.113283122929,0.0
0.0167418497495,1.05622870937,-0.0924048315808,0.992777123483,-0.0395769452645,0.113257443433,0.0
0.0169254302606,1.05836296989,-0.0946298966275,0.992614762761,-0.0386440713384,0.114989427776,0.0
0.0166803840262,1.05528522333,-0.091522157923,0.993122635955,-0.0391467184926,0.110340221066,0.0
0.0168462336134,1.05741856321,-0.0937395919553,0.99225696187,-0.0382716788157,0.118158369239,0.0
0.0170313476991,1.05849003418,-0.094977507894,0.992213275803,-0.0375448470936,0.118756893599,0.0
0.0166062639053,1.05440091885,-0.0908611372633,0.992363442854,-0.0387914270169,0.117089805182,0.0
0.0168896669569,1.05750312027,-0.0938848926126,0.991700650179,-0.0397812057187,0.122259053267,0.0
0.016700765638,1.05601087875,-0.0923659438954,0.992104915589,-0.0408061545558,0.118586231135,0.0
0.016898374125,1.0571225564,-0.0934877254564,0.991877857881,-0.0412622004272,0.120315193812,0.0
0.0171259691205,1.06024231996,-0.0965435179922,0.991644183375,-0.0394817861191,0.122812874499,0.0
0.0167741785294,1.05659894415,-0.0931649781338,0.991971763128,-0.0396259505513,0.120090820633,0.0
0.0168972586753,1.05754444733,-0.0939913454191,0.991931945984,-0.039016072717,0.120618243254,0.0
0.017108929117,1.0595322167,-0.0959098095568,0.991201246242,-0.0403055403523,0.126077566862,0.0
0.0173642445572,1.06173862097,-0.0980839755992,0.991649504481,-0.0396327506424,0.122721250559,0.0
0.0172676793373,1.06151927632,-0.0977464517471,0.991291344975,-0.0405163077979,0.125299234559,0.0
0.0170883232515,1.05925660243,-0.0956353637071,0.991570856003,-0.0407748794257,0.122982302517,0.0
0.0172827807431,1.06151595466,-0.0978097799219,0.991492205088,-0.0409598742897,0.123553615684,0.0
0.0168478783129,1.05651815981,-0.0930332755233,0.991799202331,-0.0388633653711,0.121753772378,0.0
0.0173585138111,1.06184410636,-0.098049525361,0.991360722121,-0.0401391310562,0.124871008622,0.0
0.0174005287003,1.06139864786,-0.0976093568568,0.991511650512,-0.0397909945533,0.123779334511,0.0
0.0175113638465,1.0629604014,-0.0993331297488,0.991322746547,-0.03949704604,0.12537621598,0.0
0.0175369990459,1.06327003018,-0.0995529905371,0.991646413829,-0.0389540679778,0.122963289351,0.0
0.0173399396209,1.06141838681,-0.097626943418,0.991257388956,-0.0419037526309,0.125111407772,0.0
0.0174311326767,1.06307575893,-0.0992107811448,0.991110084793,-0.0414159644345,0.126433847178,0.0
0.0174644568874,1.06229538336,-0.0984726621224,0.991421913848,-0.041519236737,0.123930390634,0.0
0.0177762272977,1.0661219859,-0.102305844977,0.991427778284,-0.039902517969,0.124413622671,0.0
0.0175089839231,1.06334155167,-0.0995387012911,0.991733855228,-0.0396693020231,0.1220258451,0.0
0.0171704621719,1.06002653079,-0.0962208123412,0.991756394914,-0.0404914856007,0.121571759637,0.0
0.016852255229,1.05642650431,-0.0928163454108,0.991881578305,-0.0399084462397,0.120740426278,0.0
0.016876694213,1.05668774052,-0.093199020198,0.992127387319,-0.0390767010964,0.11898007717,0.0
0.0167931818297,1.05652139791,-0.0928141094417,0.992270607932,-0.0405034530859,0.117296679078,0.0
0.0171009553286,1.05883563134,-0.095185923957,0.992050988961,-0.039898653469,0.119343758748,0.0
0.0168043579728,1.05626024564,-0.0925970553188,0.991913705193,-0.0405187278418,0.120272333248,0.0
0.0168545676696,1.05740585808,-0.0937868138321,0.991997027741,-0.0389025267269,0.120118651201,0.0
0.0165994993157,1.05508711333,-0.0914172130268,0.992406152806,-0.0399665046248,0.116330161099,0.0
0.0169149486605,1.05763565025,-0.0938177016927,0.991815189365,-0.0416383220741,0.120701616728,0.0
0.016395300015,1.05222404597,-0.088674082228,0.992688450893,-0.0398937132349,0.11392160071,0.0
0.016274566352,1.04990880498,-0.0864299303287,0.993053114052,-0.0395463156248,0.110822387594,0.0
0.0162622588568,1.05091935348,-0.0872730188198,0.992968535028,-0.0413445045387,0.110923939654,0.0
0.0164977738128,1.05380168012,-0.0901598267581,0.992503649532,-0.0394643756232,0.115667924342,0.0
0.0163037922729,1.05138182847,-0.0878146982087,0.992903454257,-0.0400758824695,0.111967201307,0.0
0.016250373915,1.05127270485,-0.0879542334948,0.992779868898,-0.0374153869983,0.113965875276,0.0
0.0159511789353,1.04838161839,-0.0850902095563,0.992335454888,-0.0370367489719,0.117892426379,0.0
0.0159879807945,1.04786249185,-0.0845046282147,0.992544185862,-0.0382415918913,0.115730807312,0.0
0.0159594359654,1.04732587826,-0.0840246294035,0.992522283885,-0.0381649055227,0.115943762135,0.0
0.0162423538365,1.05117092185,-0.0876954919324,0.99226764131,-0.0376444105353,0.118270141476,0.0
0.0157827864001,1.04650867853,-0.0831319067968,0.99214231642,-0.0382015553454,0.119139687499,0.0
0.0160046699947,1.04876369186,-0.0854597197135,0.991944522804,-0.0376131159511,0.120959981758,0.0
0.0160685500568,1.05021574499,-0.0867616199153,0.992185181398,-0.0376482481095,0.118958712288,0.0
0.0158952815396,1.04803866181,-0.0846115079043,0.992527497475,-0.039256453983,0.1155339672,0.0
0.0161980972105,1.05079166266,-0.0874346328518,0.991758973967,-0.0377135717976,0.122441104447,0.0
0.0161021079928,1.0501596482,-0.0867304392374,0.992046691762,-0.0381511933706,0.119949355185,0.0
0.0158832850691,1.04700633934,-0.0836175846526,0.992584572101,-0.0374808881308,0.115633257548,0.0
0.0157206934779,1.04585139629,-0.0826962193256,0.992177261147,-0.0359646511978,0.119544244226,0.0
0.0160587551052,1.0494319719,-0.086066013418,0.992076570409,-0.0374135350361,0.119934589846,0.0
0.0160389090856,1.04900743332,-0.0855174851654,0.992271501337,-0.0384939960864,0.117963892358,0.0
0.0161557157119,1.04956052044,-0.0861620064721,0.992076312698,-0.0381268522712,0.1197118746,0.0
0.0162212439851,1.05048578329,-0.0868244665992,0.992306294891,-0.0395329257199,0.117325891871,0.0
0.016062070307,1.04814055701,-0.0847344561338,0.992648912539,-0.040271723567,0.114132925641,0.0
0.0162017446601,1.04959458885,-0.0861130608372,0.992341548807,-0.0392003177786,0.11713917192,0.0
0.0162865611695,1.05074593627,-0.0872197755117,0.992280284226,-0.039301670053,0.117623196128,0.0
0.0163727481651,1.051916154,-0.088371648508,0.992241763404,-0.038584708214,0.118184192043,0.0
0.0159503319301,1.04862994864,-0.085068275846,0.992387399051,-0.0394296661422,0.116672840168,0.0
0.0161422747755,1.04916056064,-0.0855527791593,0.992597320205,-0.0407870282273,0.114398331504,0.0
0.0162878533311,1.05126085287,-0.0876214814655,0.992443436963,-0.039801716168,0.116068289461,0.0
0.0160917133222,1.04936185497,-0.0857117689524,0.992239671952,-0.0406087664575,0.117521749017,0.0
0.0159559265133,1.04825566791,-0.0846429540663,0.992715128629,-0.041579098898,0.113083384835,0.0
0.0160817080713,1.04868546262,-0.0851029596175,0.992741087543,-0.0415301626779,0.112873285994,0.0
0.0159046000512,1.04841631677,-0.0848276498953,0.992584215977,-0.0417259065025,0.114173214551,0.0
0.0156797836941,1.04538944723,-0.0818417490647,0.992920521947,-0.0419873207846,0.111112114502,0.0
0.0159220663534,1.04781956098,-0.0842396859216,0.992408045495,-0.0407030495354,0.116058317214,0.0
0.0159422341143,1.04798602257,-0.0843495063333,0.992739034918,-0.0408341624799,0.113144950061,0.0
0.0158475735394,1.04660285807,-0.0829643348025,0.992712457717,-0.0405118201684,0.113493474348,0.0
0.0160156424265,1.04885788066,-0.0852547968285,0.992749181114,-0.0407694251742,0.113079252598,0.0
0.0157912852374,1.04687041242,-0.0833137953322,0.99275307468,-0.0422849568243,0.112486955423,0.0
0.0160972272201,1.04899547527,-0.0854483864626,0.992809232819,-0.0397938485795,0.112899410297,0.0
0.0157899516363,1.04661374105,-0.0830146469966,0.992698885662,-0.0395814628837,0.113939590143,0.0
0.0160637630576,1.04952691545,-0.0858782838448,0.992771401311,-0.0414749555915,0.11262669665,0.0
0.0159021957122,1.04715737169,-0.0835367827894,0.992555473848,-0.0402320984582,0.114956555219,0.0
0.0160851757825,1.04886596946,-0.085407504363,0.992473381334,-0.0398753530701,0.115786629457,0.0
0.0160317967471,1.04905860096,-0.0853257217039,0.992719458615,-0.0419731123939,0.112899664849,0.0
0.0159766222494,1.04824568262,-0.0847453593821,0.992452368067,-0.0403790755835,0.115792173194,0.0
0.0157863129685,1.04642510854,-0.0829151295845,0.992473396314,-0.0401294051726,0.115698696834,0.0
0.0158921190246,1.04826336007,-0.0846521332619,0.992386738069,-0.039559014517,0.116634670981,0.0
0.0157807173737,1.04673088236,-0.0831738888865,0.992482867153,-0.0399491975517,0.115679816836,0.0
0.0155724498779,1.04442001979,-0.0808835759494,0.992673913772,-0.0407115844139,0.113758814215,0.0
0.0158563225968,1.04661323624,-0.0831868996969,0.992092812825,-0.039048193206,0.119277363099,0.0
0.0156677392298,1.04600946275,-0.0825186559224,0.992736265822,-0.0386544731714,0.113932165015,0.0
0.0158561960207,1.04660049141,-0.0832345561215,0.992379166802,-0.0388080343819,0.11695095453,0.0
0.0157518970993,1.04602916307,-0.082802501075,0.992552093552,-0.0374895197383,0.115908918964,0.0
0.0157248229306,1.0454370386,-0.0820515450097,0.992588426181,-0.0388834032951,0.115135994194,0.0
0.0157060576628,1.04548927424,-0.0821469722323,0.992771236378,-0.0395299528941,0.113325438652,0.0
0.015733387227,1.0456494587,-0.0823421801894,0.992198387879,-0.0363803830911,0.11924272228,0.0
0.0157009182795,1.04546640389,-0.0820618979587,0.992494258999,-0.0386858076693,0.1160110087,0.0
0.0158065657804,1.0457996593,-0.0825372016875,0.992509572817,-0.0360377578285,0.116730578155,0.0
0.0157505461508,1.04599629088,-0.0825395257661,0.992766450197,-0.0388331511155,0.113607929904,0.0
0.0157869906456,1.04566354227,-0.0823187979101,0.992608382259,-0.0384515571235,0.115108979775,0.0
0.0158557670985,1.04748995608,-0.084049146512,0.992231211379,-0.0384477701901,0.118317336567,0.0
0.0159119160128,1.04806475538,-0.0846635501251,0.992184366267,-0.0366015120723,0.11929171241,0.0
0.0158506855968,1.04673082838,-0.0832172991825,0.992518662793,-0.0399495022749,0.115372185882,0.0
0.0157441809418,1.04540046467,-0.0820181848632,0.992281100995,-0.0386020906965,0.117847762823,0.0
0.0157873291726,1.04643682161,-0.0830896911374,0.992764331583,-0.0371437291815,0.114189865225,0.0
0.0156122796562,1.04400821854,-0.080584222377,0.992485425018,-0.0395764847023,0.115785936039,0.0
0.0155912961638,1.04416394403,-0.0807545822654,0.992830756812,-0.0391365394663,0.11293989378,0.0
0.0156970289753,1.04505963895,-0.0816726164287,0.992428229535,-0.0381870363079,0.116738851634,0.0
0.0156691961575,1.0449148861,-0.0816216807383,0.99250625123,-0.0386617993832,0.115916377349,0.0
0.0156957620684,1.0441658292,-0.0808099031268,0.992606165923,-0.0396447585797,0.11472267644,0.0
0.0156292461931,1.04466299695,-0.0811183771566,0.992795533722,-0.0402403911443,0.112861592861,0.0
0.0156613128087,1.04436091784,-0.0809313335792,0.992730571665,-0.0405824052815,0.113309666241,0.0
0.0156562181007,1.0442866715,-0.080794152342,0.99261112924,-0.0402441060769,0.114470773711,0.0
0.0156246299328,1.04483187271,-0.0813222654347,0.992591390991,-0.0404255611897,0.114577940867,0.0
0.0157192284741,1.04615262055,-0.0825521827596,0.992429608304,-0.0396896017361,0.116224816956,0.0
0.0157280721962,1.04546909922,-0.081955964496,0.992386832323,-0.0391802419971,0.116761653249,0.0
0.0156124841903,1.04476733155,-0.0812038855598,0.992660167842,-0.0398056098381,0.114198531541,0.0
0.0157096244236,1.04477619716,-0.0814445551658,0.992476249587,-0.0380939819157,0.116360399399,0.0
0.0156415410813,1.04479813305,-0.081302530336,0.992800972661,-0.0401015480518,0.112863167278,0.0
0.0155805799872,1.04397299651,-0.0803762123656,0.992992128572,-0.0394132896947,0.111414654288,0.0
0.0156923900842,1.04596120206,-0.0824415366015,0.992157955873,-0.0393626675197,0.118630396626,0.0
0.0155833916477,1.04518322729,-0.0815386985386,0.992339099974,-0.0406584119866,0.116661922657,0.0
0.0158123760588,1.0474621699,-0.0837623310821,0.992538124347,-0.0397861971837,0.115261139298,0.0
0.0157534369632,1.04666743211,-0.0830642814584,0.992568728881,-0.0400375027245,0.11491003796,0.0
0.0158576671345,1.04758304452,-0.0840649160162,0.99199986963,-0.0368987537146,0.120725890467,0.0
0.0157298695402,1.04627542868,-0.0827088189975,0.99183594476,-0.0389594466895,0.121423309932,0.0
0.0158973747357,1.0473810842,-0.0837219001173,0.99247886668,-0.0406106664822,0.115483648026,0.0
0.0158953912463,1.04721554813,-0.0837035656554,0.992347761027,-0.0399215332599,0.116842596545,0.0
0.0158618112417,1.04739721005,-0.0840363278285,0.99249363007,-0.0406820323391,0.115331550389,0.0
0.0158121668315,1.04525163983,-0.0820537788049,0.992274811428,-0.0408112185842,0.11715435563,0.0
0.0158886475087,1.04645649461,-0.0830801028968,0.992378366786,-0.0412208310312,0.116129325427,0.0
0.0159739728017,1.04698397046,-0.0836482062648,0.992108747383,-0.0394919241762,0.118998408776,0.0
0.0156617573261,1.04374554612,-0.0803408961884,0.992448271262,-0.0414394868484,0.11545214506,0.0
0.0159421363107,1.0465517624,-0.0831589449892,0.992207316585,-0.0406474387603,0.117781266074,0.0
0.0156349229974,1.04251960993,-0.0793497525345,0.992327736472,-0.0398307943681,0.117043458806,0.0
0.0159021782657,1.04650498573,-0.0829618956268,0.992563102416,-0.0420324495336,0.114244303612,0.0
0.0158661156632,1.0448684002,-0.0815980290187,0.992330852737,-0.039968118077,0.116970202379,0.0
0.0156084999363,1.0414401284,-0.0783088270008,0.992867029283,-0.0435384829892,0.110993074838,0.0
0.0157814994541,1.04330324675,-0.0801897503489,0.992628531953,-0.0431050331631,0.113272033926,0.0
0.0155430804339,1.04012279468,-0.0770950357694,0.992823051788,-0.0433023215342,0.111477786073,0.0
0.0156828686005,1.04180934543,-0.0788389929376,0.992614833852,-0.0434219305424,0.113271035863,0.0
0.0158159780798,1.04338478915,-0.080121306811,0.992396625972,-0.0427186626916,0.115429860161,0.0
0.0159200778359,1.0443291432,-0.0812736480414,0.992316074382,-0.0410426381584,0.116723221237,0.0
0.0159322463172,1.04390073546,-0.0808257378253,0.992352415975,-0.0440374684433,0.115314283079,0.0
0.0160030472066,1.04578051359,-0.0826773140814,0.992411483438,-0.0423277865933,0.115446117398,0.0
0.0159643523611,1.04485274542,-0.0816866995614,0.992781261713,-0.0427163986668,0.112074420256,0.0
0.0157586851609,1.04294954507,-0.0798587022423,0.992423210768,-0.0430783338547,0.11506705819,0.0
0.015620675762,1.04110119263,-0.0780578831975,0.992670583849,-0.0429564762313,0.112959519792,0.0
0.0159101729048,1.04419142336,-0.0809492164901,0.992758377711,-0.0422665315273,0.112447071092,0.0
0.015751112599,1.04263397233,-0.0797301490182,0.992784526078,-0.0425770893207,0.11209851134,0.0
0.0157361511412,1.04272559914,-0.079552932317,0.992632135727,-0.0416864114874,0.113770322229,0.0
0.0159082371067,1.04455359147,-0.0814121623342,0.992596133849,-0.0435606586065,0.113381586202,0.0
0.0158326024303,1.04338603305,-0.0802164208305,0.992638893409,-0.0435325484348,0.113017452278,0.0
0.0156611804059,1.04163418628,-0.0785466838975,0.992842786446,-0.0446071142774,0.110785408594,0.0
0.0159716028266,1.04535784593,-0.0821844919432,0.992864687403,-0.0426052714652,0.111375506071,0.0
0.0156912387932,1.04104359507,-0.0779278967522,0.992847171242,-0.0426562603652,0.111512053199,0.0
0.0158104255605,1.04413942546,-0.0810723867403,0.992488627757,-0.0433972096714,0.114380968548,0.0
0.0157051246501,1.04302107266,-0.0798119495021,0.992691068954,-0.0433073103586,0.112645099711,0.0
0.0159292889599,1.04565070889,-0.0824736628767,0.992690851626,-0.0427759392392,0.112849865395,0.0
0.0158241712871,1.04542317535,-0.082224992282,0.992184210802,-0.0403860025876,0.118065501441,0.0
0.0160203891472,1.04755940636,-0.0841704722628,0.992429870529,-0.0400746479107,0.116090372882,0.0
0.0158492914019,1.04634278097,-0.083057322012,0.992653432666,-0.0405676991637,0.11398870295,0.0
0.0159566979546,1.04720606764,-0.0840172025901,0.992598864343,-0.0410672978392,0.11428460768,0.0
0.0158060113414,1.04569823185,-0.0822958590845,0.992572588386,-0.0401834024459,0.114825741679,0.0
0.0158620539142,1.04594484187,-0.0826648232574,0.992139902677,-0.0417237298025,0.117972640421,0.0
0.0158560741303,1.04686715409,-0.0835914060203,0.992336924476,-0.041054977146,0.116541482626,0.0
0.01579533314,1.04528642941,-0.0819039230458,0.992703174427,-0.0426523851861,0.112788215344,0.0
0.0157900854685,1.04492222586,-0.0815465666854,0.992492349339,-0.0402644211315,0.115489016337,0.0
0.0160018452235,1.04781634484,-0.0843707523547,0.992272839168,-0.040369506132,0.11732397719,0.0
0.0158900219899,1.04657706516,-0.0830357374959,0.992166437744,-0.0402398357731,0.118264599228,0.0
0.0159245115299,1.04699616723,-0.0833888620528,0.992290201653,-0.0397079016134,0.117402888605,0.0
0.0158188761536,1.04585710757,-0.0823423050413,0.992249326058,-0.0419266222022,0.116976208212,0.0
0.015900483993,1.04756673944,-0.0840216800129,0.992509649092,-0.0394173009221,0.115632490448,0.0
0.0159166216101,1.0466328546,-0.0829936814087,0.992443355606,-0.0414093517813,0.115505201176,0.0
0.0162306020291,1.05112339352,-0.0873968236671,0.992191304985,-0.0398797210506,0.118177925864,0.0
0.0158839707783,1.04664658611,-0.0830693712748,0.992064319954,-0.0400941814433,0.119167284475,0.0
0.0158080293376,1.04626552249,-0.0826814977582,0.992284124139,-0.0412585843555,0.116918545141,0.0
0.0160038198874,1.04839540391,-0.0847515237075,0.992193524984,-0.0399081231913,0.118149696081,0.0
0.0158719700747,1.04797720738,-0.0843109091791,0.992336179376,-0.0396310084115,0.117039695292,0.0
0.0159654451939,1.05014480134,-0.0865056826889,0.991836906337,-0.0406685838159,0.120853702952,0.0
0.0159851446078,1.04992469536,-0.0863481711499,0.99233003924,-0.0398714392373,0.117010091683,0.0
0.0161344852738,1.05189740726,-0.0882287215683,0.992124144302,-0.0403076430364,0.118595852393,0.0
0.0158739292105,1.04820257497,-0.0844769027857,0.992452338526,-0.0415304304375,0.115384483801,0.0
0.0158329035853,1.04715142115,-0.0836153074003,0.992335971293,-0.0384997567073,0.11741843472,0.0
0.0155916719882,1.04494031261,-0.0814769908025,0.992992702903,-0.0392145035271,0.111479660452,0.0
0.0157263600063,1.04629020556,-0.0826792126923,0.992938879794,-0.0390077952312,0.112030232098,0.0
0.0158516068513,1.04729233607,-0.083805484262,0.99251035048,-0.0378439234085,0.116150943395,0.0
0.0160541542178,1.04886095775,-0.0851702149655,0.993010247723,-0.0398934260494,0.111081782827,0.0
0.0159115242722,1.04874114362,-0.085116965705,0.992878659864,-0.0391661531057,0.11250768524,0.0
0.0156569290056,1.04519305004,-0.0817427210256,0.993016599884,-0.0405016197476,0.110804562871,0.0
0.0157113019909,1.04502200181,-0.081702238883,0.992690995575,-0.0382511034923,0.114461523605,0.0
0.0156657475152,1.04566449822,-0.0823187047575,0.99272465369,-0.037538814922,0.114405416528,0.0
0.0155660467409,1.04409443697,-0.0807208321459,0.993010547439,-0.0383651813941,0.111616152642,0.0
0.0156111326582,1.04409592373,-0.0807467422664,0.99249233988,-0.0383230724491,0.116147739524,0.0
0.015741450178,1.04585349178,-0.0825085910168,0.992633968141,-0.0366557944163,0.115473624815,0.0
0.0157845394184,1.04573054664,-0.0824131972098,0.992310750372,-0.0373201705107,0.118010929874,0.0
0.0155995601656,1.04400701226,-0.08062032113,0.992851431929,-0.0376419962303,0.113265679866,0.0
0.0155921247334,1.04403473301,-0.0807322840298,0.992770726914,-0.0378150810751,0.113913578756,0.0
0.0157938076316,1.04612131271,-0.0828135101873,0.992513480844,-0.0372727605105,0.116308777253,0.0
0.0157352671612,1.04592143926,-0.082699468019,0.992663451703,-0.0362641494262,0.115343760644,0.0
0.0158326344725,1.04619463653,-0.0829294372953,0.992697439842,-0.0375440738742,0.114639589359,0.0
0.0156450121008,1.0450930033,-0.081855454005,0.992627315301,-0.0369083248215,0.115450372356,0.0
0.0158926377272,1.04658919637,-0.0832223128969,0.992784128983,-0.0381880250605,0.113672107317,0.0
0.0159750136928,1.04893759754,-0.085572676932,0.992380866485,-0.0381245502444,0.117161147586,0.0
0.0157848084443,1.04609935582,-0.0827257345331,0.992772782294,-0.0378797482346,0.113874173584,0.0
0.0156298248739,1.04373697693,-0.080422007426,0.992610663477,-0.0383614699881,0.115119365756,0.0
0.0159270179314,1.04773866871,-0.0844539086995,0.992499270695,-0.0370676486368,0.11649543808,0.0
0.0158178264244,1.04621349718,-0.0827873143028,0.992844873719,-0.0391136390001,0.112823667615,0.0
0.0157458833675,1.04567980801,-0.0823265086497,0.992732569252,-0.0392909641972,0.113746499194,0.0
0.0157462276967,1.04626086183,-0.0829803761016,0.992684004456,-0.0376087205406,0.114734700228,0.0
0.0156740940998,1.04454887663,-0.0812022183056,0.992837777308,-0.0381887565821,0.113202326925,0.0
0.0157371927372,1.04504575371,-0.0818212368056,0.992681544915,-0.0364047509674,0.11514358207,0.0
0.0156276660098,1.04447056325,-0.081047385681,0.992736445768,-0.0386074473659,0.113946541202,0.0
0.0156221926723,1.04453170842,-0.0812188876761,0.992824980507,-0.0367000365563,0.113805383872,0.0
0.0157790938981,1.04582651672,-0.0824140811041,0.992805051194,-0.0392683990927,0.113119950298,0.0
0.0156689690647,1.04512216189,-0.0818373504003,0.992578380096,-0.0389915000701,0.115186033387,0.0
0.0156209556635,1.04434899385,-0.0810984759655,0.992340627142,-0.0361327208769,0.118129192859,0.0
0.0158158168079,1.04661642688,-0.083225460545,0.992668343752,-0.0372290087476,0.114993739916,0.0
0.0158110305665,1.0463514135,-0.0831542489153,0.992269471064,-0.0357164778179,0.118851293669,0.0
0.0158173892192,1.04663328549,-0.0832241749198,0.992783954967,-0.0381288368659,0.113693493919,0.0
0.0156809573489,1.04548804033,-0.0820576702108,0.992929442488,-0.0381168201698,0.11241988374,0.0
0.0156909669638,1.04541869631,-0.0820148724538,0.992838376647,-0.0393069262604,0.112813666745,0.0
0.0156595690505,1.04460063694,-0.0811844710556,0.993086978345,-0.0397861383429,0.110432407549,0.0
0.0157533327902,1.0467497769,-0.0830791254021,0.993010764042,-0.0392790838293,0.111295894222,0.0
0.0156653569415,1.04569305593,-0.082145622662,0.993046396718,-0.0402549317398,0.11062727709,0.0
0.0157067077362,1.04675692878,-0.0832392929047,0.992204725148,-0.0381902787477,0.118622451517,0.0
0.0158638475647,1.04813251545,-0.0844987174712,0.992261938813,-0.0413211268499,0.117084624347,0.0
0.0159102014923,1.04930339825,-0.0857251650803,0.992316174303,-0.0383277903407,0.117641789787,0.0
0.0160094677824,1.04825201226,-0.0846630267499,0.991980448459,-0.0397853670042,0.11996630547,0.0
0.0159905946813,1.04701023587,-0.083668510492,0.992650554682,-0.040826550692,0.113921328325,0.0
0.0159742113323,1.04700236704,-0.0836059280681,0.992285519003,-0.0422207486696,0.116562674812,0.0
0.0158525820454,1.04468299479,-0.0813920784966,0.992902618692,-0.0423028669115,0.111152405487,0.0
0.0156075720659,1.04167260042,-0.0786401207953,0.992914392336,-0.0432297465641,0.110689649492,0.0
0.0158474112321,1.04357731275,-0.0804011114382,0.99295991878,-0.041898188895,0.110793237443,0.0
0.0156085761227,1.04193476946,-0.0787648889766,0.992786487132,-0.0419406399516,0.11232085153,0.0
0.0155432807693,1.04059651929,-0.077609716817,0.992705249345,-0.0417526418745,0.113106166139,0.0
0.0156171901044,1.04160141532,-0.0784817223922,0.992498300135,-0.04290061866,0.114484327082,0.0
0.0157619465644,1.04305772669,-0.0799394055861,0.99269045654,-0.0439199228618,0.11241306806,0.0
0.0157102234225,1.04205517771,-0.0791067068856,0.992594656708,-0.042732571701,0.113709167571,0.0
0.0158285217837,1.0433463382,-0.0804160675304,0.992868477448,-0.0436843289189,0.110922792509,0.0
0.0157550138114,1.04208413835,-0.0789676068209,0.99270418665,-0.0427480165169,0.112743092433,0.0
0.0157965631838,1.04346855494,-0.0803522369752,0.992657271186,-0.0416631885945,0.113559326684,0.0
0.0156627949587,1.04225576048,-0.0791807694209,0.992508765504,-0.0420452035189,0.114710728616,0.0
0.0156290975204,1.04234492769,-0.079113259561,0.993000232887,-0.0433344099362,0.10987568613,0.0
0.0155668985382,1.04138177837,-0.0783174057485,0.992614597272,-0.0394982164522,0.114700271057,0.0
0.0156135020573,1.04266028693,-0.0792980715995,0.992852338674,-0.0423722222596,0.111574317703,0.0
0.0158023750765,1.0449333663,-0.0815902713771,0.99268133792,-0.0403944336857,0.113807078307,0.0
0.0158318815845,1.04558805759,-0.0822550786189,0.992660866433,-0.0425633310113,0.113193494097,0.0
0.0158024599332,1.04430407018,-0.0811580609505,0.992445878909,-0.039231255709,0.116241498669,0.0
0.0158682768411,1.04494877719,-0.0817355590608,0.992602815245,-0.0424059258992,0.113760224227,0.0
0.0157603773537,1.04294690798,-0.0795189074542,0.992547397133,-0.0429773017959,0.114029013746,0.0
0.0156201605113,1.04110421766,-0.0779933614278,0.992695461899,-0.0411295666521,0.113419921847,0.0
0.0157406292371,1.04292220724,-0.0798064485566,0.99250745023,-0.041853525499,0.114792175867,0.0
0.0159228682037,1.04582336968,-0.0825489397741,0.992614250715,-0.0415970177267,0.11395892854,0.0
0.0161688263733,1.04884160945,-0.0854885790532,0.992203049484,-0.0407081995277,0.117796226958,0.0
0.0157402181059,1.04249810011,-0.0793271404042,0.993109790049,-0.0428592513337,0.109068920798,0.0
0.0159738072104,1.0456727939,-0.0825559943633,0.992893505525,-0.0424968248884,0.1111598244,0.0
0.0155871784572,1.04088753907,-0.0779332811601,0.992896007488,-0.0437469764993,0.110651345951,0.0
0.0158415429082,1.0440113984,-0.0809908692847,0.993199316219,-0.0422837611765,0.108476733923,0.0
0.0157963915241,1.04229492045,-0.0791194326871,0.992692086275,-0.0419483925654,0.113149256333,0.0
0.0158148589829,1.04279020132,-0.0798944431644,0.992477776632,-0.0407425035944,0.115446573326,0.0
0.0158779246898,1.04346543462,-0.0803430090946,0.992383384781,-0.0422238189208,0.115725393611,0.0
0.0158797586458,1.04364762155,-0.0806495538636,0.992939054829,-0.0427115988704,0.110669565456,0.0
0.0154542126608,1.03993919972,-0.0768161891128,0.993158399895,-0.043746592554,0.108271087358,0.0
0.0157294957341,1.04239991228,-0.0792982775692,0.992970300533,-0.0440612676519,0.109857120628,0.0
0.0154776242394,1.0399434294,-0.0769559496548,0.992988061639,-0.0422829623235,0.110394114606,0.0
0.0156537951258,1.04260091048,-0.0797371074537,0.992753178264,-0.0416392964099,0.112726642999,0.0
0.0155073897156,1.04086847073,-0.0780708066075,0.992944039604,-0.0423026751182,0.110781848205,0.0
0.0156306689133,1.04152970286,-0.0785750938042,0.993225585871,-0.0439126218709,0.107585394978,0.0
0.0155741525098,1.04242485956,-0.079544862123,0.992687696802,-0.0413677924279,0.113401244997,0.0
0.0156367142648,1.04352046176,-0.0804947626342,0.99309351081,-0.0414356564427,0.109765045265,0.0
0.0153710173072,1.03990597138,-0.0769126729841,0.992998069863,-0.0425822772545,0.110188851123,0.0
0.0153242016397,1.03941496473,-0.0766217192321,0.992780592334,-0.0408412181254,0.112777171395,0.0
0.0154713853013,1.04099300091,-0.0780077535896,0.992939003729,-0.0421082954049,0.11090097534,0.0
0.0155907935226,1.04194567476,-0.078680711937,0.992730667819,-0.0426141151488,0.112560465362,0.0
0.015682458636,1.04391244137,-0.0806059897019,0.992789840253,-0.0415619659829,0.11243191751,0.0
0.0157679568655,1.04313991254,-0.0800997663391,0.992455610729,-0.0392291371931,0.116159095756,0.0
0.0157031989512,1.04304434524,-0.0800016155955,0.992744300802,-0.0394591306523,0.11358578359,0.0
0.0154790422677,1.04003925658,-0.0770129078129,0.992740135513,-0.0399129513772,0.113463560909,0.0
0.0156339012411,1.04116147956,-0.0779976990745,0.992653651796,-0.0393049040162,0.114428371029,0.0
0.0155929000306,1.04093451831,-0.0777058187615,0.992382156405,-0.0404197822782,0.116378249042,0.0
0.015820412759,1.04403805294,-0.0808814796352,0.992544778192,-0.0402437341908,0.115044796237,0.0
0.0156741862426,1.0433643329,-0.0801612540603,0.992514255612,-0.0412852212059,0.114939040003,0.0
0.0158230596532,1.04343777856,-0.080381513122,0.99222761632,-0.0378229271031,0.118548654977,0.0
0.0156302844933,1.04175276911,-0.0785500933672,0.992550676815,-0.0406963944125,0.114834478429,0.0
0.0155527302155,1.04125411231,-0.0781643328226,0.992465317562,-0.0404711836692,0.115648937428,0.0
0.0157119604285,1.04261675372,-0.0795444371338,0.992732903239,-0.0416150797972,0.112913984787,0.0
0.0157935195741,1.04221269378,-0.0792783580336,0.992671143235,-0.0414036341343,0.11353299287,0.0
0.0160199359443,1.04559978299,-0.0825565099431,0.992715377617,-0.041523641871,0.113101574739,0.0
0.0159066470934,1.04418495672,-0.0810829147574,0.992516413981,-0.0425198943901,0.114469325843,0.0
0.015903157179,1.04437443539,-0.0813773142164,0.992717968201,-0.0433152445762,0.112404738327,0.0
0.015921822916,1.04422433864,-0.0811695523429,0.992659504906,-0.0416844135157,0.113532008656,0.0
0.0158754000692,1.04454788414,-0.0813702331707,0.992980872899,-0.0437401193006,0.109889890434,0.0
0.0158614972784,1.04423492852,-0.0812694976217,0.992617233866,-0.0416702064752,0.11390619353,0.0
0.0159866045413,1.04478682107,-0.0815961637105,0.99263372401,-0.0425420918031,0.113439236527,0.0
0.0160079845588,1.04512567443,-0.0818197766439,0.992685411313,-0.0437671917123,0.112517141342,0.0
0.0159689493215,1.04435790963,-0.0812578945856,0.992773887583,-0.0418487282113,0.112466404233,0.0
0.0160977046374,1.04583845101,-0.0825689551937,0.992497757139,-0.0439594139523,0.114086686333,0.0
0.0161211655376,1.04628344845,-0.0828597849003,0.992598389912,-0.0433881224676,0.113427982314,0.0
0.0163043939836,1.04939936978,-0.085864629282,0.992585216734,-0.0433437742996,0.113560137157,0.0
0.016043151672,1.0462649828,-0.0827072889037,0.992630306536,-0.0425838700618,0.113453464274,0.0
0.0165069767768,1.05094200599,-0.0872305561485,0.992563199851,-0.0428782855223,0.113928692317,0.0
0.0162608394845,1.04875080351,-0.0850675828481,0.99242149466,-0.0437245162095,0.114837901493,0.0
0.0159806502212,1.04653674851,-0.0826905286344,0.992512134411,-0.0410241103353,0.115050794946,0.0
0.0163666451904,1.04896990352,-0.0851061308903,0.992667352121,-0.0431796946481,0.112902798913,0.0
0.0162880683225,1.04935568758,-0.0855051376056,0.992396423733,-0.0429393837557,0.115349674834,0.0
0.0163615948278,1.05028524387,-0.0864265186071,0.991967781073,-0.0405290261307,0.11982203201,0.0
0.0160983234567,1.04743765428,-0.0835742375347,0.992493680779,-0.0411602171271,0.115161322235,0.0
0.0162358685135,1.04871270267,-0.0847275885166,0.992547973392,-0.0422616333907,0.114291184516,0.0
0.0163966259271,1.04976184524,-0.0858567343605,0.99239883218,-0.0428194310121,0.115373542093,0.0
0.0162673345383,1.04896155045,-0.0849594273177,0.992736686496,-0.0418277668752,0.112802079779,0.0
0.0161081923843,1.04701437025,-0.0830968181007,0.992789257494,-0.04314268818,0.111840058396,0.0
0.0162103695504,1.04819607363,-0.0843951498097,0.992345653007,-0.0415979233637,0.116274321026,0.0
0.0159977922081,1.03862150238,-0.0755531649462,0.994428701755,-0.0464111148424,0.0946444163463,0.0
-0.000227931963159,0.893443991083,0.0684390462484,0.995024797742,-0.059206592794,0.0801263455308,0.0
0.0182242298962,1.0698954175,-0.104742018188,0.990943125329,-0.0437134866799,0.126967922899,0.0
0.017474117229,1.06384471441,-0.0988211527219,0.991166079186,-0.0451628048841,0.124700138439,0.0
0.0176014398043,1.06386313644,-0.098774556937,0.991907754924,-0.0439812417774,0.119099353875,0.0
0.0173935611684,1.06137692279,-0.0963528671407,0.991599061574,-0.0451057687696,0.121230238431,0.0
0.0169622371404,1.05757763769,-0.0929327827763,0.992241887704,-0.0408255018663,0.117427912707,0.0
0.0166817752031,1.0546598967,-0.0902293537519,0.992195950551,-0.0418316561091,0.117461943872,0.0
0.0163636418249,1.05112108487,-0.087077368343,0.992532350188,-0.0426769741886,0.114272523835,0.0
0.0161769604644,1.04702754619,-0.0832946917097,0.992773975437,-0.0426916851611,0.112148355819,0.0
