ID,xp,yp,zp,xo,yo,zo,wo,xori,yori,zori,xoori,yoori,zoori,woori
15,0.194123470623,-0.0329986104474,0.0160735688916,0.999450129343,-0.00021294788733,-0.0331571049711,0.0,0.0824892884639,-0.59712461445,1.78081712562,0.924247457676,-0.000225687099533,0.00396493510896,0.381773316686
15,0.194296796664,-0.0270987193148,0.0126832142969,0.999373124741,-0.00109941850849,-0.0353857149654,0.0,0.082831191835,-0.599309937807,1.78725457274,0.925042948146,-0.000179138912928,0.00516302372363,0.37982740183
15,0.194247906204,-0.0275797783315,0.0129664421282,0.999409611636,-0.000182930409325,-0.0343568727555,0.0,0.082768446191,-0.599136308194,1.78672547748,0.924769011625,-0.000440900873749,0.00452719529523,0.380501754591
15,0.193987860616,-0.0290801782333,0.0140197564208,0.999571953322,-0.000451196847661,-0.0292524623516,0.0,0.0826778933356,-0.597849310417,1.78269384145,0.924554116273,0.00062275718325,0.00287282075449,0.3810394273
15,0.194019631266,-0.0257616143535,0.012105642583,0.999433323839,0.000314999067776,-0.0336590548801,0.0,0.082800842326,-0.599067208147,1.78632417422,0.924967666947,-0.000465529791913,0.00483018372925,0.380014825644
15,0.193953578557,-0.0282413852501,0.0134814403413,0.999451498895,-0.00384143143689,-0.0328929287359,0.0,0.0826675653183,-0.598121144927,1.78365328528,0.924711721689,0.00162682293897,0.00514895057201,0.380629837935
15,0.194023808117,-0.0241757365209,0.0112994539133,0.99946960891,0.000208044993529,-0.0325646677086,0.0,0.0828468119699,-0.599721141104,1.78797802567,0.925343403924,-0.00023965058435,0.00433031003961,0.379105230505
15,0.194131316479,-0.0307747336274,0.0150454984287,0.99954559981,-0.00211300043717,-0.0300687400614,0.0,0.0826045053432,-0.597728083087,1.78252822301,0.924447616171,0.0016571823882,0.0033546953475,0.381290708936
15,0.194163854249,-0.0277887754742,0.0134090829517,0.999580881072,0.00172210385612,-0.0288980372005,0.0,0.0827202249601,-0.598881268554,1.78573004009,0.924428838895,3.62025783866e-05,0.00217488536746,0.381348384529
15,0.194203555822,-0.0298511277597,0.0143672221724,0.999432247817,-0.00226711412085,-0.0336161005581,0.0,0.0827052881916,-0.597970593267,1.78364596924,0.924329375261,0.00115187331085,0.00505677506591,0.381560359895
15,0.194063246042,-0.0347431093493,0.0172215830637,0.999348963214,0.000865523666532,-0.0360679995488,0.0,0.0824258720873,-0.596196404727,1.77827263429,0.924135877828,-0.000726187536213,0.00570545890026,0.382020679678
15,0.194294993574,-0.0256238504257,0.0121329217946,0.99947709548,0.000873203495217,-0.0323229504638,0.0,0.0829131172015,-0.599657611799,1.78811599253,0.925149826591,-0.000129618863433,0.00393256095253,0.379581765264
15,0.194010291252,-0.0329884994732,0.0162929138261,0.999424762065,0.00277463167869,-0.0338000945194,0.0,0.0824212771994,-0.596896076261,1.78013121579,0.924371470794,-0.00126149540858,0.00432098951798,0.381467064975
15,0.194049951505,-0.0334728349087,0.0165739573401,0.999532733579,-0.000388708048212,-0.0305640869476,0.0,0.082447173937,-0.596719218931,1.77959905975,0.923828699787,0.000766760347514,0.00330603015466,0.382791086225
15,0.194245220937,-0.0285212668906,0.0137146556407,0.999476195232,-0.000808691081501,-0.0323524525047,0.0,0.082782736354,-0.598534601575,1.78501418172,0.924871706515,0.000662933110812,0.00422216003609,0.380255256863
15,0.194132292764,-0.0267040249462,0.0129217017369,0.999580220859,-0.000725224301471,-0.0289630129077,0.0,0.0827171324112,-0.599371277529,1.78681406128,0.925188426708,0.00117695805304,0.002607553088,0.379497286582
15,0.194461526837,-0.0197452616037,0.00870484311393,0.999496166255,0.00156624484748,-0.0317011122767,0.0,0.0832467801602,-0.601790910975,1.79457160768,0.925461936255,-0.000357667999925,0.00352466671974,0.378824040078
15,0.194021371585,-0.0307561254378,0.0149693603567,0.999414655447,0.000981989397307,-0.0341962304185,0.0,0.0824961989086,-0.597691949839,1.78260030112,0.924667199205,-0.000482692537432,0.00480049398289,0.38074570645
15,0.194224799801,-0.028436081349,0.0135626248625,0.999474939253,-0.00106085087288,-0.0323839528326,0.0,0.0827664293268,-0.598497796256,1.78518496347,0.924556699036,0.000780424873075,0.00427772146721,0.381019687555
15,0.194295094559,-0.0260856567453,0.0124311017829,0.999445526972,0.00109295230387,-0.0332782822783,0.0,0.0828996093437,-0.599509110457,1.78758689776,0.925034291916,-0.00038903864685,0.00434801759406,0.379858529156
15,0.19414107864,-0.0328176010042,0.0162074574044,0.999471645453,-0.00150726850489,-0.0324678006159,0.0,0.0825566500282,-0.596967096274,1.78030512606,0.924168851494,0.000982112779967,0.00438934209468,0.381957724178
15,0.194321266243,-0.0300956096667,0.0145326868774,0.999508434553,-0.00218759637937,-0.0312746491639,0.0,0.0828156319743,-0.597896636707,1.78335724724,0.924459282828,0.00149526235786,0.00393708466347,0.381257521825
15,0.194058808599,-0.0327326445057,0.0160882762181,0.999466295885,-0.000437208342257,-0.0326639287045,0.0,0.0824779683248,-0.596952074904,1.7804526851,0.924470856772,0.000440919462388,0.00430804764435,0.381228122382
15,0.194019347698,-0.0348426367062,0.0173813552949,0.999470606311,0.00274288716236,-0.0324188785993,0.0,0.0823774821374,-0.596227798813,1.77808815461,0.924020459858,-0.00101751330342,0.00367399064824,0.382324019939
15,0.193920550706,-0.0318338584108,0.0155770731582,0.999461452169,-7.14679665981e-05,-0.0328146388063,0.0,0.0823651016606,-0.597287321657,1.78143407747,0.924638377361,0.00024155181189,0.00431966970343,0.380821681655
15,0.194270203227,-0.0311757661177,0.0151784799422,0.999486581574,-0.00127404544414,-0.0320148412672,0.0,0.0827336044287,-0.597515254382,1.78215966088,0.924402843009,0.000943203282708,0.00413768448633,0.381393987593
15,0.194109045873,-0.0321801988482,0.0158629742111,0.99935256241,0.00153006894632,-0.0359459997002,0.0,0.0825423063734,-0.597216591429,1.78098595108,0.924696349745,-0.00102857025614,0.00553797810983,0.38066380654
15,0.194259587909,-0.0276195722393,0.0131952836231,0.999500714371,0.000610788989889,-0.0315903293654,0.0,0.082822636062,-0.598866126911,1.78599983171,0.924376739218,0.000122047857514,0.00362923014921,0.381463573339
15,0.194130773035,-0.0284664980963,0.0137822249421,0.999508599366,0.00165625372288,-0.0313020225625,0.0,0.0826682436156,-0.598620755134,1.78500266951,0.924772508252,-0.000328415151372,0.00332193998379,0.380505801321
15,0.194312638415,-0.0254786314805,0.011886289053,0.999426005659,-0.00157535435541,-0.0338404709156,0.0,0.0829375526506,-0.5996030053,1.78839643616,0.925090160954,0.000778210134784,0.00505154824295,0.379713142194
15,0.194345439954,-0.0251427573677,0.0117617130706,0.99956579743,0.000501944885517,-0.0294612399453,0.0,0.0829787222397,-0.599772032305,1.78871130355,0.924997656276,0.000516886283691,0.00264115006995,0.379963278539
15,0.194076843914,-0.0289237252875,0.0139016311583,0.999493196971,0.000145305029892,-0.0318328147582,0.0,0.0826720319926,-0.598366916207,1.78425758528,0.924688618365,-0.000142441871757,0.00411022175861,0.380702042094
15,0.194160630336,-0.0269678997756,0.0127583577822,0.999530019514,-0.00210604446138,-0.0305827511341,0.0,0.0828092076615,-0.59907437873,1.78640701014,0.924892161463,0.00112385355806,0.00388855177287,0.380207977011
15,0.193776966255,-0.0363496045099,0.0179858800562,0.999362736153,-0.00109967162263,-0.0356778966882,0.0,0.0821736116427,-0.595510829175,1.77628832923,0.924005358007,-0.000173279857943,0.00613194061261,0.382330312233
15,0.193918920362,-0.0291685089512,0.0140356393294,0.999530949843,-0.00211260561371,-0.0305518772477,0.0,0.0825076169366,-0.598272736473,1.78399890604,0.924980494577,0.00113111704668,0.00387530044653,0.379993141086
15,0.194052977212,-0.0320102592982,0.0157632976537,0.999578994732,0.00103320801123,-0.0289959613065,0.0,0.0825007232556,-0.597635698284,1.78211123251,0.924325600803,-5.02119140753e-05,0.0027622754888,0.381594747098
15,0.19401862823,-0.0319581258414,0.0155411368701,0.999444865594,0.00181162833073,-0.0332667798264,0.0,0.0824708635044,-0.597527941153,1.7823130987,0.924002091766,-0.00110925453478,0.00465691017977,0.38235744684
15,0.193949570089,-0.0340415677143,0.0166247531337,0.999382705029,0.00287746400423,-0.0350132701862,0.0,0.0823475008914,-0.596682362183,1.78012460581,0.923855058134,-0.00189487378839,0.00531121956785,0.382700969375
15,0.194144991487,-0.0302493173766,0.0145930955935,0.999526263437,-0.00314998494294,-0.0306157850589,0.0,0.0826426947843,-0.598182073948,1.78415085837,0.924739969905,0.00165950545648,0.00421061618358,0.380572601239
15,0.193841958488,-0.0355721653043,0.0178427646485,0.999511944332,0.00176952654766,-0.0311888107088,0.0,0.0821932612899,-0.596340406154,1.77820181161,0.924268734829,-0.000754596304056,0.0036799421152,0.381723976754
15,0.193776277552,-0.0297130615151,0.0143185576061,0.999581896928,-0.00162895220653,-0.0288682844893,0.0,0.082521788369,-0.597653328343,1.78242364372,0.924313110577,0.000830465577005,0.0038089231311,0.381615088862
15,0.193834976461,-0.028448025224,0.0137699148152,0.999657863473,-0.00192909609816,-0.0260851410761,0.0,0.0826096387156,-0.598237066738,1.78367116249,0.924917920189,0.00142306632881,0.0025444925199,0.380155680417
15,0.193868457528,-0.0293838305224,0.0140538345288,0.999649601144,-0.00296390594447,-0.0263038057062,0.0,0.0826233682482,-0.597724262222,1.78283791225,0.924101989,0.0018819312469,0.00281361804622,0.382130940667
15,0.193995339934,-0.0268619732306,0.0126533754343,0.999517810014,-0.0022175563011,-0.0309714369784,0.0,0.0828129710385,-0.598684669215,1.78555431027,0.924945425094,0.000756732560706,0.00490067060816,0.380067587912
15,0.19393705208,-0.0296025868924,0.0141479336576,0.999521146547,-0.00266195609999,-0.0308284218625,0.0,0.082686913771,-0.597622614478,1.78262101617,0.924708791966,0.000993151181613,0.00490543154011,0.380642352417
15,0.193767683281,-0.0325757502015,0.0159008812699,0.99954215356,-0.000904873325308,-0.0302434201415,0.0,0.0824420745083,-0.596557883049,1.7793426611,0.923700651122,0.000270504751739,0.00434033436681,0.383090322824
15,0.193779364177,-0.0352490669693,0.0173662639394,0.99963664228,-0.00118781254102,-0.0269290273127,0.0,0.0823875199218,-0.595526726631,1.77647423896,0.923518183558,0.000944769267758,0.00281811331525,0.383543127022
15,0.19391194507,-0.0293537674767,0.0140895023546,0.999641768754,0.000224820056101,-0.0267634754593,0.0,0.0826668061519,-0.597770306712,1.78283015336,0.924026744769,0.000300289322343,0.00251083696479,0.38231947436
15,0.193867262028,-0.0263059446498,0.0124769386926,0.999595265505,-0.000729849193592,-0.0284389257739,0.0,0.0826967722443,-0.598984497046,1.7860576022,0.92489709967,0.000470453178381,0.00345978931859,0.380201477579
15,0.193817262839,-0.0301103820594,0.0144291246876,0.999546837669,-0.000929445757462,-0.0300874631211,0.0,0.0825545308869,-0.597428926692,1.7820767427,0.924255933948,0.00030129370399,0.00427099808265,0.38174944186
15,0.193898056769,-0.0260062164032,0.0120827579963,0.999587510607,-0.000707627570889,-0.0287107628224,0.0,0.0827384396279,-0.598947700948,1.78655062719,0.924327795633,0.000420693262692,0.00358396363882,0.381582369145
15,0.193770746429,-0.0292658811907,0.0141593723645,0.999582691758,-0.00171704979157,-0.0288356390315,0.0,0.082526046343,-0.597882769479,1.78283919084,0.924251229549,0.000878048861232,0.0038077392637,0.381764842318
15,0.193557631504,-0.0361604247255,0.0179659655577,0.999542413631,-0.00238270474634,-0.0301543706874,0.0,0.0821417585553,-0.595242100627,1.77542639844,0.923749434161,0.000983151022984,0.00453864658878,0.382969211542
15,0.194077334226,-0.0248007793327,0.0114673858092,0.999520604617,-0.00223697263678,-0.0308797166244,0.0,0.08294685547,-0.599442292981,1.78780595321,0.924908085236,0.000781443938207,0.00486044173621,0.380158913241
15,0.193593127036,-0.0337555502299,0.0164780806382,0.999476441216,0.000678183344341,-0.0323478518919,0.0,0.0822393763127,-0.596057185341,1.77813279651,0.923858513427,-0.000822484848349,0.00507810257997,0.382699599637
15,0.193682749448,-0.0299710838527,0.0145925821259,0.999622212044,-0.00172222081957,-0.027431134571,0.0,0.0825259268434,-0.597338029851,1.78154660039,0.92420908988,0.00120392810954,0.00336901935227,0.38187008059
15,0.193729035675,-0.0292931567383,0.0142345952976,0.999630370197,-0.000402627540234,-0.0271838347308,0.0,0.082588616736,-0.597608686056,1.78226262926,0.924321030448,0.000619649010724,0.00303711199014,0.38160322936
15,0.19385527009,-0.0263012297073,0.0125357532882,0.999686063742,-0.00188014470643,-0.0249847756634,0.0,0.0827889950666,-0.598724632185,1.78551349675,0.924786778836,0.00167416844279,0.00224057214913,0.380475479743
15,0.193728125509,-0.0263804474491,0.0125495753364,0.999550892179,-0.000684897495135,-0.0299590530636,0.0,0.0826603706397,-0.598674787881,1.78545346721,0.924880997029,0.000293520058363,0.00439578003609,0.380231156403
15,0.193730318644,-0.0286241889472,0.0138119963607,0.999466227309,-0.00125687131578,-0.0326447659293,0.0,0.0826071060678,-0.597829958022,1.7830221069,0.924640536581,0.00012692161617,0.00575873301539,0.380797451404
15,0.19398704572,-0.0268982129498,0.0127824376265,0.999511418961,-0.0030524319061,-0.0311063663199,0.0,0.0829072810893,-0.598440407259,1.784930546,0.924596396843,0.00122771221123,0.0053251200906,0.380908963881
15,0.193734883741,-0.0270057569109,0.0129062513718,0.999543446876,-0.000947266698262,-0.0301993459105,0.0,0.0826516012735,-0.598442538148,1.784772102,0.924761848498,0.000379481704524,0.00455221987358,0.380518931001
15,0.193764292114,-0.0293672650062,0.0142051669756,0.999582290088,-0.00265912956305,-0.0287780189042,0.0,0.0826230675715,-0.597533576068,1.78223483164,0.924674846396,0.00142198579964,0.00416042648985,0.380732317055
15,0.19363933685,-0.0301105860149,0.0146714962555,0.999608753657,-0.0020856066321,-0.027892469561,0.0,0.0824790706076,-0.597285904449,1.78139606673,0.924279947935,0.00129976050471,0.00364665912783,0.381695677662
15,0.193849700672,-0.0266826883532,0.0126622790714,0.999664949311,-0.00141209073621,-0.0258456015178,0.0,0.0827752802679,-0.59852266693,1.78516626134,0.924361741229,0.00131491266365,0.00256926718451,0.381506279401
15,0.193619604986,-0.0308925583493,0.0150682839321,0.999566244586,-0.000869638424616,-0.0294375001093,0.0,0.0824406441592,-0.596962925314,1.78058150032,0.924554051971,0.000469893491371,0.00417917242384,0.381027713824
15,0.193552131059,-0.0337403782834,0.0166859785146,0.99954529168,-0.00206116121018,-0.0300825779332,0.0,0.0823025748476,-0.595901033109,1.77748555319,0.923984282123,0.000934374452752,0.00467752709826,0.382400698317
15,0.19376652773,-0.0270534763567,0.0128810574534,0.999548977562,0.000266369029231,-0.0300294938754,0.0,0.0826828151922,-0.598390012989,1.78475868484,0.924935614631,-0.000168002298679,0.00427315889553,0.380099750954
15,0.193864980365,-0.0250829044921,0.0116840695914,0.999601094707,-0.00240127573073,-0.028140457283,0.0,0.0828312333075,-0.599073249721,1.78695795426,0.925098123396,0.00140027861307,0.00381843559052,0.379706361361
15,0.193704791127,-0.0265033487642,0.0127322378256,0.9996082551,0.000691682742702,-0.0279795981237,0.0,0.0826323529916,-0.598703762127,1.78523577404,0.924987025319,-3.31100686464e-05,0.00323474304646,0.37998491856
15,0.19366689803,-0.0288558995343,0.0139616769208,0.999559489803,-0.00216390590454,-0.0295997273009,0.0,0.0825376928764,-0.597755678187,1.7827579468,0.924571239135,0.00105471361635,0.0044675013109,0.380981564875
15,0.193659881613,-0.0272879842633,0.0131994362591,0.999567126312,-0.000985412882402,-0.0294038935693,0.0,0.0825676867236,-0.598425493588,1.78436725288,0.924821108805,0.000527161320642,0.00418258273378,0.380378948959
15,0.19374353704,-0.0253572156324,0.0120200171345,0.999658227316,-0.00184201393975,-0.026077491151,0.0,0.0827003976328,-0.599090587503,1.78652732999,0.925027813709,0.0014754176244,0.0027516642185,0.379886555897
15,0.193946511516,-0.0252952525985,0.011945198576,0.999590454744,-0.00119826846794,-0.0285917284677,0.0,0.0829054356177,-0.599086895121,1.78661996725,0.924611892236,0.000762920878187,0.00383319505104,0.38089050041
15,0.193361699884,-0.0336310377713,0.0166412936289,0.999506377882,0.00353556936334,-0.0312169877264,0.0,0.0821146474618,-0.595953876764,1.77759558484,0.924029733105,-0.00189685927049,0.00430297174092,0.382291693209
15,0.193801061373,-0.0262589766851,0.0125207948979,0.99953404103,-0.000241388667518,-0.0305228202028,0.0,0.082735715608,-0.598746529161,1.78555386354,0.924833253739,-7.84901710688e-06,0.00458953403908,0.38034509185
15,0.193741523812,-0.0269431921461,0.0128472953566,0.999503569481,0.00054367883477,-0.0315010953619,0.0,0.0826601316604,-0.598450343257,1.78485754534,0.924994202214,-0.000541161800058,0.00492305728918,0.37994893936
15,0.19378562011,-0.0270793494363,0.0129256866461,0.999625023419,0.00023059013977,-0.0273817344749,0.0,0.0827008260049,-0.598400136754,1.78470770621,0.924037914023,0.000290314423544,0.00302714252715,0.382288746333
15,0.19388120661,-0.0245589306365,0.0115300197927,0.999651450043,0.000331360782091,-0.0263982694015,0.0,0.0828583587653,-0.599363726064,1.78741994012,0.925207385647,0.000395051350293,0.00254686254182,0.379453094558
15,0.19366263866,-0.0322698139701,0.0157890933104,0.999565050832,-0.0032651524059,-0.0293095195186,0.0,0.0824504134705,-0.596408409077,1.77912868671,0.924298520004,0.00162574461988,0.00450922960205,0.381640235984
15,0.193849532913,-0.0262565540484,0.0123828768825,0.999594457897,-0.00327294754135,-0.0282879401271,0.0,0.0827862217042,-0.598656860864,1.78565771666,0.924629906439,0.00179268471387,0.00402902205054,0.380841291592
15,0.193289827282,-0.0359606294953,0.0181175296143,0.999516943587,0.00158925773581,-0.0310379403552,0.0,0.0819828055422,-0.595186552843,1.77494883822,0.923970079905,-0.000946832990888,0.00453527520549,0.382436695712
15,0.193833188451,-0.0271173714705,0.0129838765884,0.999521410939,-0.00156016060447,-0.0308952257348,0.0,0.0827469077647,-0.598410062266,1.7846379033,0.925137965765,0.000550091113595,0.00498203175813,0.379597972938
15,0.193672548227,-0.0290127944332,0.0141112148182,0.999622019763,-0.00263284344184,-0.0273657768235,0.0,0.0825385726605,-0.597737164986,1.78254192364,0.92438921299,0.00164335466428,0.0034873776515,0.381431147772
15,0.193994059493,-0.0269010865464,0.0128608803605,0.999543980224,-0.00347694176745,-0.0299957075941,0.0,0.0829131045688,-0.59849019162,1.7848697322,0.924623512608,0.00160967008975,0.00486962832751,0.380847811618
15,0.193706087671,-0.030428670106,0.0147973815645,0.999550823606,-0.00042401767643,-0.029966168222,0.0,0.0825387155227,-0.597130795583,1.78108969441,0.924205711263,0.000176839874896,0.00435608377385,0.381870130451
15,0.193343379097,-0.031950212665,0.0158042670819,0.999432830817,0.0023968319131,-0.033589758579,0.0,0.0821803784891,-0.596662852749,1.77947768619,0.924934120176,-0.0015323704385,0.00538099117174,0.380086266667
15,0.19368821161,-0.0295644616124,0.0144582480281,0.999551691745,-0.000704030712826,-0.0299319206034,0.0,0.0825858878116,-0.597556788097,1.7820581758,0.924277912931,0.000540022368286,0.00416042910858,0.381697182165
15,0.193564295769,-0.0316019356763,0.015346561593,0.999537212677,-0.0005479006996,-0.0304148036003,0.0,0.0824139709492,-0.596619755845,1.78004616889,0.924141350241,0.00038890690961,0.00436310408645,0.382025623289
15,0.19380197213,-0.0273761487848,0.0132432735287,0.999542028099,-0.00226010953083,-0.0301765798089,0.0,0.0827550650171,-0.598390379497,1.78441493671,0.924778856855,0.00122945623438,0.00453183198893,0.380476039784
15,0.193380267105,-0.033770989637,0.0168752704963,0.99951746019,0.00213588803706,-0.0309884616772,0.0,0.0821702352383,-0.596008681954,1.77746880703,0.924108642844,-0.000972851024869,0.00419671795941,0.382105557851
15,0.193718772047,-0.0288552675152,0.0139842165136,0.999507560685,-0.000827154715192,-0.0313680083609,0.0,0.0826355962946,-0.597773766647,1.78288221795,0.92478965703,0.000357048972078,0.00486001139574,0.380447556248
15,0.193663011848,-0.0282523104444,0.0135604342669,0.999495949723,-0.00231430529612,-0.0316621300372,0.0,0.0825964436205,-0.597944734025,1.78360019779,0.924672901333,0.00101286945259,0.00524250600309,0.380724987053
15,0.193712616576,-0.0281448130146,0.0136949462623,0.999576335403,1.2121882723e-06,-0.0291058361839,0.0,0.0826458883551,-0.598114223183,1.78356956371,0.924946751365,0.000335275225121,0.00365530247502,0.380078983231
15,0.193704275634,-0.0346024573912,0.0169837693582,0.99950789768,0.00126146435674,-0.0313428011229,0.0,0.0822776509735,-0.596227442629,1.77873059454,0.923743746379,-0.00046777833364,0.0036557300157,0.382993352223
15,0.193997641387,-0.0291184124729,0.0140140252376,0.999443757733,0.000720784484805,-0.0333414996397,0.0,0.0827180356355,-0.598378473325,1.7845751921,0.924823674595,-0.000548491042509,0.00468775310494,0.380366790134
15,0.193934635958,-0.031833135314,0.015502441148,0.999550321523,-0.00452168435624,-0.0296430280977,0.0,0.0825819298048,-0.597325555572,1.78166625567,0.924267325305,0.00253817006687,0.00378944648385,0.381718625641
15,0.193761549567,-0.0313221991427,0.0153951299801,0.99952739681,-0.00243476636875,-0.0306440032959,0.0,0.0824198406272,-0.597638473302,1.78208855882,0.924949440091,0.00138169577111,0.00392677341488,0.380067368559
15,0.194084315544,-0.0279266401323,0.0132481191139,0.999527296265,-0.00195626310832,-0.0306815426019,0.0,0.0828386162536,-0.598766188252,1.78593518598,0.924359146864,0.00115540936203,0.00386466713568,0.38150215856
15,0.194017419286,-0.0292475464494,0.0140742461703,0.999450902467,-0.00127455887526,-0.0331099540635,0.0,0.082734501941,-0.598321331915,1.78444420725,0.924469687875,0.000437006626489,0.00490303739296,0.381223773458
15,0.193967188079,-0.0289403125159,0.0138565997393,0.999515622162,-0.0010231720038,-0.0311042468807,0.0,0.0826933621388,-0.598408129733,1.78481171166,0.924764385353,0.000641322437524,0.00391379540886,0.380519516573
15,0.193898530203,-0.0307397243958,0.0149869085645,0.999580906024,-0.00202815583201,-0.0288773076273,0.0,0.0825739171058,-0.597805307662,1.78277639019,0.92486597427,0.00147852782661,0.00302471640453,0.38027831214
15,0.194038695447,-0.0251282635922,0.0116162372445,0.99957533478,0.000560352788063,-0.0291347919997,0.0,0.0828699717586,-0.599787336743,1.78900964585,0.925011342972,0.000211978218578,0.00272455851459,0.379929660883
15,0.194245438483,-0.0235478209048,0.0109398823778,0.999488147429,-0.00120262491667,-0.0319686853327,0.0,0.0830625110572,-0.600550217638,1.79065318247,0.92551582779,0.000483982210494,0.00448687135448,0.378682038467
15,0.194148865114,-0.0274661339138,0.0129096368909,0.999647886577,-0.000900496773943,-0.0265196524779,0.0,0.0828647362815,-0.598913867879,1.78658800343,0.92423755064,0.00124158283857,0.00185824290736,0.381811413386
15,0.193944710563,-0.0293812210026,0.014044995106,0.999395305397,-0.00234513917526,-0.0346918415888,0.0,0.0826083837418,-0.598228676866,1.78447540489,0.924988274659,0.000584965006332,0.00596042617921,0.379948447659
15,0.193940257417,-0.0314124009249,0.0152269245187,0.999449308695,-0.00193698124294,-0.0331259332226,0.0,0.0825488659199,-0.597486669625,1.78224638005,0.924237462536,0.000658240223073,0.00515203877018,0.381782838878
15,0.194195267865,-0.0265789817125,0.012484872281,0.99961318612,-0.00179196402017,-0.0277536844347,0.0,0.0829337035416,-0.599298318371,1.78749191634,0.924612733055,0.00146010781887,0.00258825268181,0.380896919002
15,0.194161200428,-0.0263980346766,0.0124238390364,0.999479501003,-0.00154661541582,-0.032223206777,0.0,0.0829038385641,-0.599393779457,1.78765811724,0.92507230538,0.000610142717114,0.00466286341719,0.379761919166
15,0.19379157879,-0.0328284677189,0.016240782056,0.999524527528,0.00138436703763,-0.03080263622,0.0,0.0823587819726,-0.597095307712,1.78055346495,0.924547988205,-0.000537657050221,0.00351296096639,0.38104906185
15,0.193950939301,-0.0298951134642,0.0143471996973,0.999447674132,-1.64324458701e-05,-0.0332317077936,0.0,0.0826006277737,-0.598043027127,1.78390890168,0.924518510066,-0.000270737660915,0.00488994044363,0.381105680525
15,0.193816056846,-0.0314745563906,0.0154264164772,0.999466194312,4.69568717187e-05,-0.0326699284233,0.0,0.0824203853548,-0.59757229899,1.78205863959,0.92450031685,-0.000208984541748,0.00461390193364,0.381153292493
15,0.194186018043,-0.0277858107966,0.0131368630988,0.999454901761,-0.00343007264775,-0.0328349500843,0.0,0.0828925482719,-0.59882423776,1.78620538307,0.924894977634,0.00140248829449,0.00525934449486,0.380183709105
15,0.193946570434,-0.0316769202078,0.0153817617097,0.999488151346,-0.00114369856612,-0.031970725246,0.0,0.0825479911776,-0.597390625451,1.78195524501,0.924091336326,0.000472580535106,0.00447643240777,0.382145182289
15,0.193892476816,-0.0316303006178,0.0154194019611,0.999540955473,-0.00114046401674,-0.0302750338332,0.0,0.0824941337728,-0.597450630723,1.78195912334,0.924132080844,0.000745911869665,0.00367362039541,0.382054767388
15,0.193874595355,-0.0345468296794,0.0169527143537,0.999549652992,0.00278831118727,-0.0298783621323,0.0,0.0823998275693,-0.596276910843,1.77888162495,0.92314083256,-0.00104037817881,0.00285114224226,0.384449986163
15,0.194230583309,-0.0262094119566,0.0122472499105,0.999542756732,-0.000400350800549,-0.0302343709,0.0,0.0829793915676,-0.599418306701,1.78791359012,0.924868346871,0.000395667584955,0.00353504271965,0.380270808603
15,0.19388256687,-0.0338776598756,0.0165186777137,0.999561045302,-0.00261681005253,-0.0295104899904,0.0,0.0824266573903,-0.596491819101,1.77964930598,0.923434323282,0.00157470588852,0.00354862513847,0.383736860552
15,0.194222839064,-0.0248865337977,0.0115299581312,0.999503949994,-0.00280003993968,-0.0313689930029,0.0,0.0830066679057,-0.599936299652,1.78932621654,0.925388636443,0.00133838712258,0.00446503819659,0.378990954636
15,0.193884296089,-0.031623148638,0.0154510037989,0.999609326571,-0.000512396596659,-0.0279451548924,0.0,0.0824855732583,-0.597476915502,1.78194034625,0.924049551817,0.000827676679562,0.00246916557656,0.38226384077
15,0.193975780802,-0.0287921166515,0.0138762205871,0.999514788559,-0.00167560789816,-0.0311027296273,0.0,0.0826526129883,-0.59855888243,1.78499067394,0.925101681308,0.000854026577348,0.00415428957805,0.379695788438
15,0.193933828199,-0.0303182541629,0.0146306412576,0.999433732836,-0.000261018409107,-0.0336473704467,0.0,0.082571450631,-0.597913106015,1.7834170184,0.924427116624,-0.000221582297123,0.00512642152032,0.381324240973
15,0.193957105979,-0.0317383685007,0.0154730480431,0.999489068094,-0.00142286619346,-0.0319308348344,0.0,0.0825559634166,-0.597404871402,1.78184591258,0.924389695273,0.000607566000031,0.00450332655335,0.381422393401
15,0.193887027886,-0.0304909558306,0.014877330526,0.999419713021,-8.28349152117e-05,-0.0340621544239,0.0,0.0825176270462,-0.597946818558,1.78311896099,0.924760975321,-0.00037798471437,0.00529333145701,0.380511466704
15,0.194185738164,-0.0272836574689,0.0128188722884,0.9994571654,-0.00108211712115,-0.0329272463543,0.0,0.0829062974246,-0.598990626568,1.78677582319,0.925058256734,0.000275687111189,0.00491977896661,0.379793287749
15,0.193659990664,-0.0374553831487,0.0187786791947,0.999417439922,0.00143280456327,-0.0340987954595,0.0,0.0821042824505,-0.595303226334,1.77559460842,0.924037479226,-0.00109074835477,0.00506560514809,0.382266774515
15,0.194219761836,-0.0265414158894,0.0125851640346,0.999513551409,-0.000547387694243,-0.0311827022074,0.0,0.0829572414677,-0.599392754877,1.78744095268,0.925391088502,0.000304794055996,0.00400787189497,0.378992318372
15,0.19366207093,-0.0356560821501,0.0177414161534,0.999474367156,0.00339636504579,-0.032240566104,0.0,0.0821549849201,-0.595966970672,1.77756191006,0.92411724183,-0.00171873807418,0.00386753917827,0.382085607467
15,0.193918086187,-0.0298392620382,0.0144557509918,0.999503897986,0.000503713854596,-0.0314913350535,0.0,0.0825670263952,-0.598156794288,1.7838651973,0.924742723933,-0.000235537047334,0.00398193370984,0.380571916015
15,0.194021719374,-0.0293808612883,0.0141523606243,0.999454980375,-0.00064123017721,-0.033005015174,0.0,0.0826836475355,-0.598299742799,1.78439329012,0.924642568906,5.99761963036e-05,0.00488442498167,0.380804751235
15,0.194057784648,-0.0275290076612,0.0131059325859,0.999461428186,-0.000618380394263,-0.0328096201343,0.0,0.0827694050535,-0.598996756827,1.78640139652,0.92488859254,7.79344804421e-05,0.00478833851882,0.380208044535
15,0.193969271239,-0.0325412731232,0.0159470177537,0.999525360735,-0.0027208176426,-0.0306863226695,0.0,0.0825462492133,-0.59711600032,1.78095939679,0.924520635043,0.00142230781101,0.0041261697272,0.381107002223
15,0.193772599972,-0.0350694385616,0.0174399867273,0.999531902592,-7.32122679404e-05,-0.0305936323425,0.0,0.0822807431271,-0.596207395008,1.77817314494,0.923985927582,0.000190845956963,0.00365109708864,0.382408994009
15,0.193776081263,-0.0358820980047,0.0178267057278,0.999508203809,-0.00332962336024,-0.0311811501946,0.0,0.0822635797268,-0.595853531012,1.77734582109,0.92397449558,0.00163590830649,0.00445700191509,0.38242462062
15,0.194142281087,-0.0274541088177,0.0130083598665,0.999479603519,-0.00196295266334,-0.0321973440808,0.0,0.0828567773561,-0.598988190892,1.78652207222,0.924356441616,0.000819971314217,0.00471716133979,0.381499993288
15,0.194230575231,-0.0237507150992,0.0108521429271,0.999590439703,-0.00165530481248,-0.0285694385887,0.0,0.0830454663137,-0.600340040447,1.79058521037,0.924668186199,0.00126215779226,0.00295196373026,0.38076034234
15,0.194091904413,-0.0276985416823,0.0132705374916,0.99951445392,-0.00185260676793,-0.0311034444077,0.0,0.0827978566033,-0.598978348424,1.78616506548,0.92499717973,0.000938693198362,0.00418330949863,0.379949781244
15,0.19381940681,-0.0329910738487,0.0161728616707,0.999449649448,0.00119071971078,-0.0331508733554,0.0,0.0823848116581,-0.596928344308,1.780496246,0.92449726228,-0.000828016607575,0.00465528339352,0.381159356124
15,0.19367461366,-0.0352868443488,0.0175028301709,0.999508692493,0.00133253846258,-0.0313145009893,0.0,0.0821779164018,-0.596086133227,1.77798462933,0.92415260523,-0.000592630690145,0.00376411436834,0.382004505836
15,0.193964271633,-0.0295459355964,0.0142367279955,0.999566017994,-0.000354683412114,-0.0294558970485,0.0,0.0826219293248,-0.598231861936,1.78422226184,0.924601099903,0.000503406903531,0.00315915140096,0.380923315645
15,0.19398595316,-0.0314142386552,0.0152962093674,0.999575324946,-0.000406556162278,-0.0291376812897,0.0,0.0825934000049,-0.597530987693,1.78219211688,0.923973963944,0.000584733834311,0.0030161462119,0.382443034847
15,0.194052344262,-0.0279097290696,0.0132833828409,0.999534096596,-0.000607193532769,-0.0305159148444,0.0,0.0827543548683,-0.598828532426,1.78601676549,0.924810206743,0.000448019810357,0.00370185422688,0.380410537522
15,0.193980639722,-0.0301817274942,0.0144570054469,0.99943912409,-0.00179687301509,-0.0334396244886,0.0,0.0826234671076,-0.597900567981,1.78363637502,0.924313665888,0.000539947701076,0.00527780969405,0.381596777024
15,0.19407499876,-0.0283990899486,0.0135902207498,0.99951076958,-0.00272509625986,-0.0311575888577,0.0,0.0827633804594,-0.598664304679,1.78546261336,0.924677635819,0.00134578871608,0.00435032936477,0.380723696798
15,0.193961116116,-0.0327063151104,0.016034550824,0.999517503376,-0.00511384997669,-0.0306367260663,0.0,0.0825337590551,-0.597050106292,1.780784842,0.924539099574,0.00256144434052,0.00449246111979,0.381052109499
15,0.19406721583,-0.0297707808926,0.0142916668134,0.999515698962,0.00029310404977,-0.0311172238328,0.0,0.0827199707824,-0.59809925883,1.78402997175,0.92455394303,-7.30539287492e-05,0.00383938842145,0.381031836186
15,0.193978819555,-0.0295002972306,0.0142352060474,0.999489232334,0.000830653336665,-0.0319465876707,0.0,0.0826373071177,-0.598265051046,1.78425322674,0.924788568568,-0.000464841819914,0.0041438692491,0.380458559787
15,0.194020712917,-0.0310709742773,0.01509265287,0.999491154847,-0.00381655395646,-0.0316680485496,0.0,0.0826375172137,-0.597653773024,1.7825708666,0.924381519119,0.0017821631754,0.00476827247412,0.381435308517
15,0.193982257847,-0.0319639151894,0.0157630136953,0.999508677594,-0.00357199277923,-0.0311391117717,0.0,0.0825724369573,-0.59742737143,1.7814787527,0.924308886801,0.00175344140568,0.00447794058525,0.381614930619
15,0.194112838872,-0.0258954241412,0.0121217511248,0.999485774759,0.000298645467966,-0.0320639496143,0.0,0.0828692718108,-0.59957115544,1.78821807813,0.924880866043,-0.000233579451933,0.00428607406875,0.380232769021
15,0.193906564437,-0.0339355127077,0.0167370152118,0.999471819881,-0.00387279084759,-0.0322658140242,0.0,0.0824461052034,-0.596592744978,1.77944674773,0.924371055844,0.00171163457587,0.00506015973164,0.381457227232
15,0.194065317576,-0.030196292656,0.0145770356151,0.999413976024,-0.0025672524719,-0.0341337625035,0.0,0.0827059290201,-0.597968793225,1.78353471346,0.924717369853,0.000785244534629,0.00573227459087,0.3806104443
15,0.193811466439,-0.0320733833372,0.0155800624399,0.999339172793,0.00301428435079,-0.0362233600201,0.0,0.0824026995495,-0.597224725536,1.7815476584,0.924200736146,-0.00218610017157,0.00581367622563,0.381856545632
15,0.194177097345,-0.0272477107927,0.0127869833803,0.999531403222,-0.000791469311416,-0.0305997965568,0.0,0.0828988103301,-0.598996525726,1.78682370714,0.924746346941,0.000522058054081,0.00377149136169,0.380564970967
15,0.194271763599,-0.0267849832467,0.0124995054491,0.999591447266,-0.00275815654626,-0.0284487455985,0.0,0.0830062875658,-0.599153266515,1.78734294024,0.924327267119,0.00180588855113,0.00307300245251,0.381584065027
15,0.194054434715,-0.0259001803485,0.0121011864913,0.999539332536,0.00164719318985,-0.0303052713075,0.0,0.0828111312798,-0.599554143445,1.78823174715,0.924951534883,-0.000584330143721,0.0032343231746,0.380070856326
15,0.193899024278,-0.0344732238708,0.0169604482113,0.999483827401,-0.00183074094107,-0.032073776689,0.0,0.0824254305351,-0.596337173466,1.77892390147,0.924296890094,0.000778282991002,0.00463708697331,0.381645320503
15,0.194008262225,-0.0329974670483,0.01609698931,0.999524411294,-0.00516734150348,-0.0304014771043,0.0,0.0825747214996,-0.596872872991,1.78054442318,0.923853022738,0.00263293072969,0.00438517912376,0.382713248081
15,0.194035495361,-0.0272609244525,0.0128017360863,0.999513580986,0.000594962978595,-0.0311808826486,0.0,0.0827567769964,-0.598996745816,1.78680728007,0.925036457846,-0.000230974056845,0.00382006743264,0.379859059904
15,0.194140989583,-0.0288213905943,0.0136716911157,0.999515535183,-0.00108202054095,-0.0311050503823,0.0,0.0828205493507,-0.598401229966,1.78512077501,0.924566111801,0.000578887292592,0.00405752483345,0.380999614554
15,0.193829852006,-0.0334434948345,0.0165203621783,0.999448562564,-0.000584477342631,-0.0331998369804,0.0,0.0823816317575,-0.596818748372,1.77993630933,0.924571890536,2.30789430113e-06,0.00496732278791,0.380975255009
15,0.194071462929,-0.0287134858506,0.0136424241781,0.999499989945,-0.00236072167089,-0.031530891102,0.0,0.082753428063,-0.59846300179,1.7852157114,0.924658980069,0.00111290590924,0.00446743339993,0.380768399499
15,0.193919064689,-0.0320445600558,0.0156159337141,0.999427674008,-0.000478402089523,-0.0338244816359,0.0,0.0825102004154,-0.597269782326,1.78153724866,0.924494479003,-0.000148559415278,0.00524553911279,0.381159311236
15,0.1942471146,-0.024994760844,0.0114879381473,0.999545884094,-0.00159899579512,-0.0300910086623,0.0,0.0830296935371,-0.599827264332,1.78928560628,0.924699842489,0.000987189382807,0.00366243892732,0.380678096689
15,0.194128952574,-0.0281206694765,0.0134708934759,0.99954209342,-0.00197043103249,-0.0301947161448,0.0,0.0828241793669,-0.598794099007,1.78573487224,0.924605155086,0.00114678473506,0.00377174321449,0.380906505624
15,0.193842980471,-0.03274087071,0.0159426548611,0.999412955798,-0.00156335972836,-0.0342242558756,0.0,0.0824165245049,-0.596963728561,1.78083372897,0.923980059466,0.000306823367181,0.00561081598856,0.382399364949
15,0.194211040033,-0.0280451429891,0.0131624403542,0.999596334396,-0.00241689930571,-0.02830771731,0.0,0.0829125510765,-0.598646555543,1.7860141701,0.924319911872,0.00166751727551,0.00295078579233,0.38160347583
15,0.193901325387,-0.0319340186027,0.0155500586521,0.999446019864,-0.00316918459417,-0.0331301923822,0.0,0.0824954880149,-0.597309185623,1.78166014921,0.924800041537,0.00123230778561,0.00535605009563,0.380413823775
15,0.193524785258,-0.0390197695621,0.0195169338922,0.999514967981,0.0022614044212,-0.0310598588432,0.0,0.0819294759793,-0.594618315775,1.77401001208,0.923240178259,-0.00098224890429,0.00349524550238,0.384206183832
15,0.193951972709,-0.0319941146478,0.015564442552,0.999446251165,-0.00163460470918,-0.0332343060701,0.0,0.0825448231368,-0.597273484012,1.78160842858,0.924534459268,0.000493627575813,0.00515458345274,0.381063275883
15,0.193865271547,-0.0323416768294,0.0157366394416,0.999579030041,-0.000620777239006,-0.0290065050898,0.0,0.0824492082953,-0.597126874692,1.78125159271,0.923899185467,0.000707914788076,0.00298865648599,0.382623655676
15,0.193880462356,-0.0345003604239,0.0169703825804,0.9994517493,-0.00189405265386,-0.0330547029369,0.0,0.0824062325841,-0.596323436687,1.77889895415,0.924065398802,0.000651820136106,0.00511107014921,0.382199674031
15,0.193789688663,-0.0335868660022,0.0164648410233,0.999521172387,-0.000319972813812,-0.0309406458728,0.0,0.0823398310791,-0.596674593585,1.77988412614,0.924204439054,0.000249075341417,0.00385545217959,0.381878551745
15,0.193910263463,-0.0314093339847,0.0152448874639,0.999480212973,-0.00316561096643,-0.0320824373083,0.0,0.0825186456564,-0.597500928687,1.78223565039,0.9246029888,0.00140415555855,0.00485925549842,0.380898581101
15,0.193964982622,-0.0302001854486,0.0145609874808,0.99956363555,-0.00147865324781,-0.0295017299627,0.0,0.0826058122997,-0.597955526977,1.78354656455,0.924346129331,0.00102951832165,0.0033631966899,0.381538808238
15,0.193843754443,-0.0317510988281,0.015278838236,0.999474024925,0.00356621029613,-0.0322328348853,0.0,0.0824455466662,-0.597267192603,1.78198584388,0.923875213203,-0.00179538479781,0.00383746607689,0.382670407632
15,0.194374609158,-0.0249326073967,0.011446570829,0.99948267535,-0.00168338066547,-0.0321177194844,0.0,0.0830520811285,-0.600033342625,1.78977748913,0.925075679361,0.000574333479264,0.00456888445696,0.379754898442
15,0.194039017779,-0.0307984659225,0.0149628428878,0.999495708017,-0.00248776755096,-0.0316566054471,0.0,0.0826322815088,-0.597758578574,1.78304240432,0.924246444932,0.00100972283089,0.00490995487036,0.381763515586
15,0.194477342944,-0.0218437758394,0.00996922271764,0.999639859081,-0.00175413824477,-0.0267782586508,0.0,0.0833020305088,-0.601172677104,1.79269694798,0.924966360565,0.00145075029795,0.00248560516945,0.380038088767
15,0.193805298334,-0.0344199913834,0.017067917877,0.999535608071,-0.00114427462472,-0.0304509250122,0.0,0.0823036533785,-0.596434518552,1.77907500205,0.924386733404,0.000568827283257,0.00412151764526,0.381433947931
15,0.194139974873,-0.028680049802,0.0137277865452,0.999579758891,-0.00422394633534,-0.0286786312879,0.0,0.0827888225401,-0.598530742604,1.78536673239,0.924517924306,0.00231191074444,0.00378471845748,0.381112763644
15,0.194095242714,-0.0259924416776,0.0123521858682,0.999553138577,-0.000107603726874,-0.0298916641047,0.0,0.0828116810889,-0.599637328642,1.78817608471,0.9252073397,0.000161677624284,0.00368877864132,0.379443994994
15,0.194164560741,-0.0306933684276,0.014853402958,0.999531758857,-0.00269596967916,-0.0304794157282,0.0,0.0827612985994,-0.597764720682,1.78319106663,0.924623104155,0.00129513793864,0.00438810098272,0.380855855214
15,0.194143724343,-0.0294501482196,0.0142845032573,0.999653169076,-0.000257382673267,-0.0263339194047,0.0,0.0827706797724,-0.598321181644,1.78444004249,0.924067711659,0.000820783623027,0.00202919664838,0.382222543742
15,0.193956289595,-0.0304222296858,0.014835695355,0.99950836846,-0.00167571780824,-0.0313083590843,0.0,0.0825580186486,-0.597956949513,1.78338837853,0.924787975104,0.000675763003118,0.00461425505591,0.380454272019
15,0.193918590883,-0.0318950675326,0.0157003041784,0.999598330721,-0.00252680695536,-0.0282275125867,0.0,0.0824815740298,-0.597423936031,1.78176718336,0.924458591668,0.00158354219915,0.0032948460031,0.381264932397
15,0.194081557453,-0.0304143412367,0.0146482486625,0.999506387335,-0.00135014854938,-0.0313872390481,0.0,0.0826863028825,-0.597838588037,1.78353129194,0.92417935563,0.000516353830739,0.00459764055307,0.38193077083
15,0.193874007931,-0.0337743243668,0.0165956061071,0.999456283763,0.00113692917417,-0.0329521507497,0.0,0.0823907848663,-0.596606362234,1.77985446543,0.923716694226,-0.000908047242978,0.00493548997804,0.383043450794
15,0.193984891395,-0.0283713067163,0.0136365466452,0.999516498902,0.000130442368396,-0.031092626264,0.0,0.0826405055499,-0.598702417074,1.7856428263,0.925079169719,-0.000145951278068,0.00421757720916,0.37975086635
15,0.193919466536,-0.0331404261436,0.0163407845771,0.999560930757,-0.00375757952332,-0.0293909220615,0.0,0.082451087774,-0.596913256846,1.78046356864,0.924678239231,0.0019737600646,0.00404653170527,0.38072284374
15,0.193919932556,-0.0330831553027,0.0162926365494,0.999515185711,-0.00417462252725,-0.0308539472187,0.0,0.0824532865679,-0.596924378683,1.7805375272,0.924298552059,0.00193715764833,0.00480448647914,0.381635101887
15,0.193874827221,-0.0323505587867,0.0157868561375,0.99955517653,-0.00323539326268,-0.02964761885,0.0,0.0824286480861,-0.597139598022,1.78140217716,0.924252062622,0.00168964795222,0.00408093582554,0.381757273397
15,0.193945504087,-0.0333139474325,0.0163844768386,0.999515689253,-0.00280812568262,-0.0309919564913,0.0,0.0824734567688,-0.596811914262,1.78031549462,0.924645703962,0.00126435245061,0.00464885687422,0.380797993281
15,0.194012142337,-0.0292640523461,0.0141799281049,0.99943297325,-3.66826570179e-05,-0.0336709167482,0.0,0.0826439574012,-0.598391972998,1.78464452106,0.924854468233,-0.000485433472755,0.00546412857956,0.380281632798
15,0.193855333213,-0.033684735007,0.0166176156896,0.999477958114,0.000240554612243,-0.0323071722217,0.0,0.0823881094764,-0.59661322807,1.77972069178,0.924601963246,-0.000286213208536,0.00480529758679,0.38090423568
15,0.194018995288,-0.0297633303294,0.0143666816455,0.999488954281,0.000521977206645,-0.0319618179895,0.0,0.0826545152759,-0.598062344259,1.78399854103,0.924791069001,-0.000365082778653,0.00459588230803,0.38044739883
15,0.193930794464,-0.0303961388229,0.0147549691473,0.999571188757,-0.000896561982284,-0.0292683238977,0.0,0.0825493654843,-0.597845250375,1.7832908639,0.924521393722,0.000748288707634,0.00355391954742,0.381112847159
15,0.194032093068,-0.0265653524175,0.0127380530165,0.999570194663,0.000339707360255,-0.0293139990354,0.0,0.0827482477448,-0.599381511462,1.78733480805,0.925374356947,0.0001489589958,0.00337418023683,0.379039433601
15,0.193998584885,-0.034124290991,0.0169241951882,0.999528449046,-0.00282050496826,-0.0305765318396,0.0,0.0825189655357,-0.596486256315,1.77919678687,0.924208369113,0.00144773348395,0.00448523233748,0.381859499319
15,0.193804469357,-0.0326550588684,0.0159607685229,0.999586908985,-0.00182134126622,-0.0286826446161,0.0,0.0823652620692,-0.596950448005,1.78089543813,0.924282660291,0.00128310114703,0.00342706228878,0.381691200816
15,0.194098934414,-0.0314041591678,0.0152686953463,0.999541373011,-0.000577052324426,-0.0302772299034,0.0,0.0826920367636,-0.597429199993,1.78223500517,0.923690353354,0.000441254378931,0.00397790289046,0.383118927625
15,0.194045629569,-0.0289787167875,0.0139180792693,0.999503108338,-0.00181622681624,-0.0314680432135,0.0,0.0827016813345,-0.598353482843,1.78485328402,0.92469351597,0.000821738868602,0.00474448983462,0.380681909322
15,0.193636295911,-0.0378549150464,0.0189939178451,0.999445410069,-1.01006668672e-05,-0.0332997325947,0.0,0.0820600908084,-0.595060768963,1.77518555503,0.923737704671,-0.000317871720433,0.00531627687648,0.382988627935
15,0.193888910285,-0.0316519596013,0.0153623786172,0.999512689807,0.000813765268144,-0.0312044980713,0.0,0.0824763213376,-0.597306054666,1.78200567173,0.924475334722,-0.000375603405162,0.00419047543295,0.381218643731
15,0.194048895723,-0.0271122342794,0.0129884226135,0.999477978405,-0.00189920490815,-0.0322515690084,0.0,0.082751689203,-0.599137242794,1.78678492805,0.925385881663,0.000723521573841,0.00512982716715,0.378990938426
15,0.19413761735,-0.0295573642389,0.014200655976,0.999564797059,-0.00287030026298,-0.029359459394,0.0,0.0827792399264,-0.598106507255,1.7842565161,0.924383017542,0.00166766957485,0.00391843985106,0.381441871834
15,0.194084504134,-0.0311348734797,0.0153255475256,0.999525401175,-0.00297234787778,-0.030661662607,0.0,0.0826814143764,-0.59766872567,1.78237090881,0.924483030042,0.00150237733048,0.00455130016535,0.38119306879
15,0.19385947288,-0.0330149781963,0.016275056128,0.999531824931,-0.00124956478388,-0.0305707300883,0.0,0.0824091588833,-0.596888523649,1.78042048292,0.924121642363,0.000706970226761,0.00422661647796,0.38207437237
15,0.194327221689,-0.0307114319519,0.0147843307082,0.999466147811,-0.00223305293485,-0.0325949820553,0.0,0.0827285754083,-0.598092676382,1.78375455718,0.924761747745,0.00141381576089,0.00388349982709,0.380524150958
15,0.194310229871,-0.0260250492265,0.0120666274022,0.999330706878,0.000228603458865,-0.0365798582746,0.0,0.0828512742968,-0.599804307126,1.78889300522,0.925270323587,-0.000409036634069,0.00536383221846,0.37927020748
15,0.194438908526,-0.0276581502952,0.01289898169,0.999314109484,-0.00155998266914,-0.0369983383538,0.0,0.0829332552392,-0.599131511609,1.78718507774,0.924792548676,0.000374122031709,0.00585500392602,0.380426498651
15,0.194204477051,-0.0335101430442,0.016359118664,0.99951768311,-0.00166116621598,-0.0310103478995,0.0,0.0825233045229,-0.597038947385,1.78072547709,0.924054368757,0.00140876155863,0.00303822446431,0.38224639719
15,0.193988475704,-0.0373982037175,0.0185044539739,0.999322241564,-0.000643894770768,-0.0368054739939,0.0,0.0821934191962,-0.595547121195,1.77655034042,0.923925888173,-1.43057988049e-05,0.00561388638327,0.382530308914
15,0.194312345521,-0.0286109608895,0.0135757316122,0.999446669589,-0.000904608509009,-0.0332496064736,0.0,0.0827761446061,-0.598866151838,1.78605072457,0.924933101787,0.000677206902294,0.00397581229221,0.380108525984
15,0.194237200296,-0.034503368182,0.0169075284547,0.999384615574,-0.00347184432606,-0.0349046766393,0.0,0.0825268984103,-0.596657837559,1.77965633601,0.923921809969,0.00163217356183,0.00517457982091,0.382542871841
15,0.194177238042,-0.0321539280942,0.0156048413095,0.999320934184,-0.000434355039786,-0.0368440203671,0.0,0.0825359306335,-0.597555683474,1.7821889728,0.924818667385,-0.000132753370633,0.0055977481367,0.380367033337
15,0.194128774908,-0.0318314654511,0.0153566345537,0.99948907213,-0.00378347438415,-0.0317376750114,0.0,0.0824981758416,-0.597633065335,1.78258962732,0.924631911482,0.00228794937239,0.00373127774894,0.380836803792
15,0.194101072949,-0.0338354252703,0.0165601350442,0.999407860114,-0.000485496534137,-0.0344048461189,0.0,0.0824100223392,-0.596928653652,1.78036228161,0.924574895232,0.000293973468593,0.00445287748535,0.380974209846
15,0.194315426083,-0.0300738239483,0.0143030349436,0.99951539995,-0.00200902139893,-0.0310633078846,0.0,0.0827377569323,-0.598251715438,1.78453746905,0.92427481985,0.00156278191831,0.00312080988737,0.381711770385
15,0.194171225058,-0.0325860419684,0.0156991905442,0.999430003683,-0.00198615115376,-0.0337004887403,0.0,0.0825197968834,-0.597294412558,1.78183240928,0.92418228994,0.00112275573927,0.00436397681375,0.381925110575
15,0.194406016961,-0.0259514465882,0.0120037609532,0.999470692483,-0.000643558475868,-0.0325256929114,0.0,0.0829495781037,-0.599817536666,1.78898631142,0.92487739434,0.000673125970157,0.00359078228053,0.380247891017
15,0.19425524865,-0.0295239796459,0.0140916316648,0.999418819157,9.61307729862e-05,-0.0340883363344,0.0,0.0826920931525,-0.598523876701,1.78506138173,0.924702334829,6.94935853222e-05,0.00420819507388,0.38066767426
15,0.193936536505,-0.0339124141042,0.0168246369874,0.999451323309,0.000238946209258,-0.033120918461,0.0,0.0823012616691,-0.596507696415,1.77907737698,0.924565910029,0.000455439506941,0.00415733225251,0.380999195768
15,0.194121956261,-0.0316438363219,0.0153757218268,0.999332320751,0.000321997997664,-0.0365350382351,0.0,0.0825556192007,-0.597245574124,1.78166020867,0.924229176272,-0.000138145274835,0.00575776515373,0.381794786218
15,0.194193699525,-0.0278388238357,0.0132774614932,0.999363987758,0.000881500562575,-0.0356488839913,0.0,0.0827375546801,-0.598704105499,1.78574989683,0.924555463006,-0.000262190884856,0.00524713350636,0.38101127893
15,0.194210665873,-0.026594176549,0.0126472784563,0.999502375115,-0.000288540493251,-0.0315423347764,0.0,0.0827896346668,-0.599218454168,1.78704577433,0.92497748334,0.00095946599197,0.0034985621447,0.380004598397
15,0.194228292143,-0.027734013381,0.0131886289852,0.999420852918,0.00048626890107,-0.0340253184409,0.0,0.0827756872727,-0.598723588718,1.78588495017,0.924741111105,0.000188328828099,0.00454443695424,0.380569560078
15,0.194215584094,-0.0271845807025,0.0129508687528,0.999402592418,0.00066795794916,-0.0345544801685,0.0,0.0827778148208,-0.598977509326,1.78642724851,0.925238161067,9.45550239128e-06,0.00476476720668,0.379356879744
15,0.194159148657,-0.0293805848603,0.014227309771,0.999343680868,-0.000933486209273,-0.036212375122,0.0,0.082656701139,-0.598179181799,1.78401832229,0.924875364515,0.00049804488293,0.00581108067579,0.380225648011
15,0.193929447715,-0.0361952396527,0.0180569241072,0.99936484544,-0.00131941661971,-0.0356113021095,0.0,0.0822284921933,-0.595614902039,1.77664273181,0.924493290435,0.000784656118921,0.00558957168481,0.381156525517
15,0.19434396622,-0.0238227367562,0.0108674415555,0.999493930682,-0.00022175373151,-0.0318093281098,0.0,0.0830073469317,-0.600113787879,1.79021080921,0.924444616972,0.000889109533219,0.00361250617568,0.381298189655
15,0.194158515243,-0.0309986406094,0.0150055988663,0.999421453005,0.000637886444089,-0.0340051815937,0.0,0.082611092839,-0.597483297977,1.78236378177,0.924144163508,0.000127075585352,0.00450987127154,0.382017290141
15,0.194170862741,-0.0294878992428,0.0142614774097,0.999504071631,-0.00151173559805,-0.0314535442807,0.0,0.0826657183358,-0.598121418545,1.7839213526,0.924227730309,0.00155890248431,0.00365444828235,0.381821054107
15,0.194150556188,-0.0301695741314,0.0145842185811,0.999502819003,-0.00163571756119,-0.0314871280446,0.0,0.0826265563888,-0.597824913876,1.78322867215,0.924586535674,0.0016085316465,0.00369209148266,0.38095080934
15,0.193972554961,-0.0310308759398,0.0151307126577,0.999394797275,0.000182472863915,-0.034785138831,0.0,0.0824224777594,-0.597542785826,1.78225351232,0.924439629341,0.00021108559991,0.00495319174485,0.381296201185
15,0.194298404364,-0.0285630351224,0.0137935137405,0.999449638654,-0.000834513779528,-0.0331620774565,0.0,0.0828193084324,-0.59850338244,1.78488111516,0.924846511225,0.000952618623165,0.00435324437502,0.380314438926
15,0.194023577436,-0.0360409233099,0.0180489364517,0.999423682696,-0.00276970188705,-0.0338323989345,0.0,0.0823257793677,-0.595724808377,1.77674853136,0.923944684886,0.00176832233822,0.00498342299022,0.382489552541
15,0.194087912191,-0.0300534665111,0.0145321340442,0.999455466814,-0.000447091647574,-0.0329934836838,0.0,0.0825670981011,-0.597877582565,1.78334618288,0.92439485776,0.000802310049724,0.00420905501417,0.381412882715
15,0.194183776509,-0.0289077390984,0.0138414242224,0.99946533086,0.00308880628333,-0.0325501410936,0.0,0.0826970961375,-0.598277440706,1.78461982934,0.924302225469,-0.000795081584895,0.00342157240944,0.381645197377
15,0.194180727959,-0.0280114252108,0.0134356248133,0.999553101575,-0.000464173963373,-0.0298894910233,0.0,0.0827185415278,-0.59867972194,1.78551747679,0.924636431494,0.00131646027316,0.00274528357846,0.380838810921
15,0.194229540078,-0.0284111280826,0.0135402571916,0.999580226417,-0.00357993527555,-0.028749869897,0.0,0.0827576830214,-0.598449560827,1.78517311252,0.924465134715,0.00297629591486,0.00271581184864,0.38124530256
15,0.19389721793,-0.0336548854458,0.0165965532683,0.999522785687,-0.000382114634642,-0.0308877788383,0.0,0.0822708457166,-0.596549539361,1.77941974109,0.923887610388,0.00112036906244,0.00320146882087,0.382648897479
15,0.194114072141,-0.0313199425065,0.0152280377824,0.999501727388,-0.00103575866616,-0.0315471734421,0.0,0.0825566058639,-0.59739027763,1.78198553905,0.924173653532,0.00131918595928,0.00362079528331,0.381953148577
15,0.194065116914,-0.029413860068,0.0142122961805,0.999479834538,-0.00230207661109,-0.0321676979939,0.0,0.0825622912304,-0.598144673133,1.78400992365,0.924367856042,0.00181418006888,0.0041218711711,0.381475799553
15,0.19423780917,-0.0267387816006,0.012610498637,0.999465057669,-0.000875113902721,-0.0326930064995,0.0,0.0828145160405,-0.599085687913,1.78697682382,0.924795973918,0.00104935642715,0.00413809688475,0.38043945856
15,0.194232227825,-0.031397989359,0.0150771343242,0.99948321966,-0.000781435589873,-0.0321353851168,0.0,0.082616293137,-0.597553375943,1.78262448814,0.924125296271,0.0010472289908,0.00360987081302,0.382071078383
15,0.194242659937,-0.0279426268449,0.0131273865784,0.999511282929,-0.000261233889829,-0.0312590315711,0.0,0.0827288282901,-0.598847613614,1.78637327993,0.924560718018,0.000941050982874,0.0031116332591,0.381020879822
15,0.194367286755,-0.0269667097361,0.0127266275123,0.999499122803,-0.00206512529662,-0.0315790876007,0.0,0.0828796860796,-0.599312108796,1.78731669926,0.924614653131,0.00174019237577,0.00355874840707,0.380883250165
15,0.193489841634,-0.0362938737421,0.0181114184328,0.999381613672,-0.00254023135956,-0.035070464473,0.0,0.0820518280277,-0.595049497252,1.7749802551,0.924089359668,0.00056085832111,0.00687580395948,0.382114202962
15,0.193959861726,-0.0261363825566,0.0122800983228,0.999534825505,-0.00281781290471,-0.0303676230954,0.0,0.082782075907,-0.598788785002,1.78606557447,0.924810473578,0.00145119866808,0.00470001494065,0.380396361499
15,0.194002412419,-0.0240618625257,0.0111613253764,0.999565128736,0.00122348123091,-0.0294627987296,0.0,0.0828767187974,-0.599600488824,1.7882767453,0.925114230931,-0.00031186310402,0.00360910811218,0.379671617071
15,0.19393841409,-0.0293690541273,0.0140689699037,0.999552937332,-0.0034165162959,-0.0297027420858,0.0,0.0826787686534,-0.597553961308,1.78258488128,0.924428062913,0.00184761464476,0.00448224248722,0.381325651277
15,0.193781078216,-0.0301316844715,0.0145929076569,0.999462533589,-0.00441057309744,-0.0324837004647,0.0,0.0825006504499,-0.597330660921,1.78169085599,0.924850307424,0.0018553622219,0.00596158310574,0.380280062606
15,0.194140975949,-0.0242027098694,0.0112929438653,0.999598416701,-0.000232445551867,-0.0283363952956,0.0,0.0830108848831,-0.599581845822,1.78808177569,0.924930904714,0.000562529915784,0.00331616139246,0.380120386377
15,0.193874767086,-0.026707479301,0.0126274496717,0.999596011047,-0.00162175940533,-0.0283757747864,0.0,0.0826820765309,-0.598591641267,1.78542903695,0.924912100609,0.00121234373389,0.00356287360967,0.380162389383
15,0.193992191397,-0.029693463941,0.0143307585203,0.999482246822,-0.00143252313404,-0.0321432133589,0.0,0.0827230981734,-0.597484402919,1.78217273625,0.924624440869,0.000508005391176,0.00531147827368,0.380842714879
15,0.193398820406,-0.0334484271218,0.0164155254609,0.999473298315,0.00209515246808,-0.0323841981672,0.0,0.0820346857371,-0.596056339055,1.7781372917,0.924381193031,-0.00119485616139,0.00484815165898,0.381437383741
15,0.193738799558,-0.0293652922797,0.0141018292872,0.999558281959,-0.00184725136071,-0.0296619053496,0.0,0.0824787830324,-0.597579158142,1.78256725395,0.924329103302,0.00111398233975,0.00420586426187,0.381571459282
15,0.193629778475,-0.0373771659148,0.0185977409377,0.999376940346,0.00101773477274,-0.035280239792,0.0,0.0821162574371,-0.594933271882,1.77480136156,0.923614799014,-0.00142366093447,0.00640915830157,0.383265702772
15,0.193839520795,-0.0274945998123,0.0132138951652,0.999534416524,-0.000311584813802,-0.0305098852637,0.0,0.0826847725347,-0.597966649819,1.78387355937,0.924508632996,0.000316429355908,0.00503055560246,0.38112777503
15,0.193837422539,-0.0285932714831,0.0139688781789,0.999639070017,-2.59374994436e-05,-0.0268650148431,0.0,0.082654086016,-0.59764372939,1.7825805536,0.92433306517,0.000779050362026,0.00326049813632,0.381571941927
15,0.193732132513,-0.0278731572706,0.0135448461315,0.999571287128,-0.00155309740901,-0.0292374731907,0.0,0.0825666010165,-0.597902674919,1.78337726386,0.924666541985,0.00110925637948,0.00463244868519,0.380748074325
15,0.193695244702,-0.030148051347,0.0148347549805,0.999587663288,-0.00184275868256,-0.0286549758798,0.0,0.0824742225437,-0.597053085755,1.78090541575,0.924166855937,0.00134725506335,0.00440277353767,0.381961284527
15,0.193993224434,-0.0267114682023,0.0127610148698,0.999598200937,-0.00157132809624,-0.0283013711844,0.0,0.0828576655863,-0.59825276759,1.78472811488,0.924303015978,0.00127514630682,0.00419176221046,0.381634298491
15,0.193938974048,-0.0314034417935,0.0154863976803,0.999538532696,0.00180583157775,-0.0303226091846,0.0,0.0825538175343,-0.596872921302,1.78056206273,0.923602833506,-0.000311953180536,0.00420556811153,0.383327564653
15,0.193751087875,-0.0261454787841,0.0127155184695,0.999561578151,0.000169232587377,-0.0296078173,0.0,0.0827231687023,-0.598346498914,1.78453895869,0.924275470505,0.000497064346384,0.00463803728479,0.381697650189
15,0.193617977453,-0.0290847322066,0.0139715893338,0.999536398313,0.000917041081423,-0.0304326713079,0.0,0.0824506723362,-0.597490608816,1.78198576402,0.9245566467,-0.000210931385646,0.00362267413106,0.381027346504
15,0.193699902478,-0.0293501803415,0.0140900433165,0.999568079987,-0.00290385702174,-0.0292441632638,0.0,0.082526019179,-0.597370244289,1.78171922884,0.924295697083,0.0017913356936,0.00368639127336,0.381655166334
15,0.194040955148,-0.0247730078766,0.0112707711225,0.999568496578,-0.000200050169104,-0.0293731276603,0.0,0.0829921549619,-0.598925530117,1.78685527049,0.924503886491,0.000491012734844,0.00330508006735,0.381157971469
15,0.193603790176,-0.0316431570274,0.0154311489354,0.999445462087,-0.00115322320215,-0.0332781969122,0.0,0.0823683381812,-0.59654365332,1.77919783478,0.924170779307,0.000305391162569,0.00530659321949,0.381942557826
15,0.193699697986,-0.0296553923147,0.0141528487674,0.999562738061,-0.000991506418898,-0.0295524888148,0.0,0.0825194249125,-0.597183451538,1.78146990195,0.924106493005,0.000839117820912,0.00351870208403,0.382117919239
15,0.193923611585,-0.0235618792545,0.010766773813,0.999469550055,-0.00208299722089,-0.0325004559215,0.0,0.0829041832701,-0.599498138506,1.78803806209,0.925349432549,0.000856188983129,0.00509362495646,0.379080136127
15,0.193635604905,-0.0296680418859,0.0142855079863,0.999490000886,-0.0025168740318,-0.0318339987222,0.0,0.0824530515515,-0.597262143168,1.78136374825,0.924525402814,0.00118150271412,0.00484793066795,0.381087760458
15,0.193718046056,-0.0238298124042,0.010920515122,0.999548442306,-0.00281604798831,-0.0299162390322,0.0,0.0828532069989,-0.59871834171,1.78603349792,0.924981931307,0.0015591651217,0.00450904091095,0.379981136781
15,0.19360978176,-0.0240594840685,0.0111861868349,0.999580350715,-0.000276798428553,-0.028966288108,0.0,0.0827371071405,-0.598723155067,1.78568485864,0.924789716209,0.000518952776884,0.0036416898859,0.380460838426
15,0.193562380659,-0.0278759425162,0.0131552696604,0.999423392718,-4.76812561359e-05,-0.0339540839077,0.0,0.0824892324775,-0.597388959834,1.78188170591,0.924359299003,-0.000402036201617,0.00542203337879,0.381484372245
15,0.193658195446,-0.0295177760897,0.0141568247883,0.999529117065,-0.00287641832489,-0.0305494739195,0.0,0.0825403546923,-0.596824718572,1.78004134482,0.924271423837,0.00149357357114,0.00427636511108,0.381709073794
15,0.19360898997,-0.0272451266496,0.0127408063394,0.999444556089,0.000766799067508,-0.0333165322761,0.0,0.0825534562783,-0.597585847984,1.78260902378,0.924586814295,-0.000685156971225,0.00498679810576,0.380938164584
15,0.193873106976,-0.0234740532277,0.0107169593296,0.99951208776,-0.00284570648554,-0.0311044751961,0.0,0.0829157422568,-0.599064007994,1.78661782673,0.924867146665,0.00138100786271,0.00453581130003,0.380260805571
15,0.193904962785,-0.0228033562823,0.0102086145625,0.999522636393,-0.00248798046457,-0.0307946308909,0.0,0.0829673952336,-0.599228491434,1.78744216935,0.925156990916,0.00125982558361,0.00433153465781,0.379557891244
15,0.193695221416,-0.0268396881074,0.012574592448,0.999539830397,-0.00142843327155,-0.0302999509597,0.0,0.0826494182246,-0.597778694915,1.78300023306,0.924328321785,0.00084987371467,0.00392133212074,0.381577062224
15,0.193517435562,-0.0291840952793,0.0138442086707,0.999504367317,-0.00106493663349,-0.0314624478311,0.0,0.0824104266292,-0.596867368908,1.78049980388,0.924086028656,0.000490348871358,0.00441085285158,0.382158757035
15,0.193550686745,-0.0263336742094,0.0121738537682,0.99946520401,0.000334584127605,-0.032698532473,0.0,0.0825201373586,-0.59789183441,1.78363899572,0.924540446196,-0.000378904049413,0.00476579528501,0.381053942342
15,0.193775973993,-0.025887139175,0.0121215859099,0.999526974372,-0.00389593275038,-0.0305065437398,0.0,0.082754048576,-0.59819064532,1.78396896146,0.924664895111,0.00197764160283,0.00442516931237,0.380751019118
15,0.193625184183,-0.0265132540909,0.0125008391841,0.999532384705,-0.00138285855642,-0.0305466794971,0.0,0.0825863097364,-0.597974200888,1.78327354361,0.924658314332,0.000784400450355,0.00403114783123,0.380775703401
15,0.193502017468,-0.0286492583385,0.0135855976165,0.999507036222,-0.000606542389692,-0.0313897538946,0.0,0.082408499294,-0.597096013357,1.7810483346,0.924253682816,0.000283778766705,0.00430162695717,0.381754561565
15,0.193899417324,-0.0228971690342,0.0101818240551,0.999470627011,-0.00218208808186,-0.0324608107375,0.0,0.0829606202054,-0.59914054002,1.78740012219,0.924483518899,0.000849473398938,0.00506645817315,0.381187398376
15,0.193678006565,-0.0264652743662,0.0123913885858,0.999480666717,-0.000574034732364,-0.0322190524788,0.0,0.0826416834027,-0.597937340803,1.78338600152,0.924519249868,0.000129242208459,0.0046883609277,0.381106493243
15,0.193683849078,-0.026252566667,0.0120349235723,0.999529714729,0.000573220156256,-0.0306597585215,0.0,0.0826568755868,-0.597859982416,1.78379359309,0.924144711514,-0.000152847570318,0.00376342344979,0.382024037808
15,0.193749064395,-0.0245685539084,0.0111821234868,0.999496292212,0.000607362205198,-0.0317300010294,0.0,0.0827651425752,-0.598554031204,1.78554687417,0.924336209378,-0.000346367554182,0.0042635513716,0.381555073602
15,0.193616762919,-0.0304832674075,0.0144852784069,0.999441761832,-0.002476643483,-0.0333171268726,0.0,0.0824767638601,-0.59632034245,1.77915628388,0.92412960037,0.000853106280407,0.00551867610599,0.382038346431
15,0.193726444213,-0.0259062994185,0.0119614803441,0.99946492688,-0.00113789087378,-0.0326889146547,0.0,0.0827067125227,-0.598070224221,1.78407718421,0.924647085864,0.000316700948611,0.00500304146236,0.380792116358
15,0.193716040454,-0.0256882255355,0.0119357885022,0.999479255473,-0.00312473926904,-0.0321162557559,0.0,0.0827005566217,-0.598216375105,1.78424127733,0.92451373252,0.00135084912258,0.0050584388461,0.381112773054
15,0.193522509105,-0.0288072021349,0.0137131457844,0.999494215528,-0.00393101852471,-0.0315572530367,0.0,0.0824241978277,-0.597062401319,1.78084768946,0.924435156781,0.0018244465419,0.00492626658979,0.381303087058
15,0.193589852651,-0.0270292425376,0.0127161532466,0.999499608803,-0.000677463026494,-0.0316239315533,0.0,0.0825385143494,-0.597731073586,1.78277109236,0.924672405319,0.00027404416589,0.00442422987839,0.380737828343
15,0.19325142817,-0.035685482159,0.017649748983,0.999393344518,0.000792592167111,-0.0348183102698,0.0,0.081970146853,-0.594528391041,1.77334744311,0.923609809909,-0.000929578503394,0.00569459182136,0.383290524991
15,0.193993000286,-0.0213216831545,0.00933702525817,0.999568315904,-0.00232269865639,-0.0292879994338,0.0,0.0830952096085,-0.599758617207,1.78907477584,0.924860145115,0.00143320332089,0.0035916610416,0.380287730379
15,0.193645997863,-0.0247350096356,0.0114172558982,0.999455555549,-0.000854294617454,-0.0329827631297,0.0,0.082655475877,-0.59858576602,1.78526300168,0.924847344169,0.000131789110935,0.00509536167713,0.380304364825
15,0.193627343424,-0.0278340191435,0.0130397329014,0.999519249991,-0.0027599292169,-0.0308812513942,0.0,0.0825567321646,-0.597343497073,1.78199441528,0.924216724668,0.00138479909418,0.0044138899117,0.381840340654
15,0.193803671938,-0.0267768373749,0.0124423480064,0.999455922564,-0.00154786891787,-0.0329463647935,0.0,0.0827610248464,-0.597737686326,1.78313830036,0.924616526719,0.000468398077761,0.00519200415982,0.380863626794
15,0.19398712137,-0.0259966929682,0.0122404695473,0.999367283552,-2.14259027229e-05,-0.0355672898529,0.0,0.0827213328272,-0.598955257882,1.78642429745,0.925141232293,-0.000119987128952,0.00589589513372,0.379577296917
15,0.193902540398,-0.0306195842938,0.0147555323917,0.99951140752,-0.00161516342438,-0.0312143794366,0.0,0.0825096712274,-0.597167562517,1.78147827239,0.924385299449,0.00135956759146,0.00410086792053,0.381435646762
15,0.193943945457,-0.0302121494869,0.0146541821262,0.999525129429,-0.000110383145526,-0.0308140139315,0.0,0.0825603649969,-0.59740485878,1.78182339556,0.924514856402,0.000713428172194,0.00366487911314,0.38112772134
15,0.194176346662,-0.0248433056069,0.0115311543672,0.999553507396,-0.000335412839659,-0.0298776396326,0.0,0.0829435059454,-0.599346353869,1.78771538989,0.924717240237,0.000971915173397,0.00325999069887,0.380639532169
15,0.193913701266,-0.031070647492,0.0151783733553,0.999477743959,-0.0012718397302,-0.0322896539755,0.0,0.0825056228642,-0.597110848411,1.78086252555,0.924425206586,0.00102031106357,0.00455269324753,0.381334852036
15,0.193896177828,-0.0282314257577,0.0134321571019,0.999509676676,0.0013971440001,-0.0312802528629,0.0,0.0825693539087,-0.598075254824,1.78405260657,0.92429600285,-7.3036579324e-05,0.00363748203829,0.381659091999
15,0.194118699544,-0.0279017700541,0.0133661138795,0.999443265819,0.000325941296839,-0.0333624365322,0.0,0.0827419324565,-0.59849191362,1.78480236065,0.924894722491,0.000104206637678,0.00461731613582,0.380195241739
15,0.19399464746,-0.0301125502246,0.0145373470371,0.999388335728,0.000830234990455,-0.0349609084704,0.0,0.0825568503808,-0.597618275008,1.78246201341,0.924743069373,-0.000395933946078,0.00528895782706,0.380555023365
15,0.193925563593,-0.0310378967062,0.0149599372561,0.999393126981,-0.00108567176737,-0.0348166491774,0.0,0.0824633161632,-0.597207723244,1.78153340166,0.924402907663,0.00053710610158,0.00553649139273,0.381376878014
15,0.194189304533,-0.0271380314898,0.0127378395657,0.999451825656,-0.000440550577251,-0.0331036872366,0.0,0.082837213289,-0.598645022382,1.78577729118,0.924518852456,0.000513264850739,0.00462125167036,0.38110795327
15,0.194027500344,-0.0285241614139,0.0134643014407,0.999471759977,-0.000189230752294,-0.0324986953728,0.0,0.0826372972787,-0.59809232341,1.78431789369,0.92434914791,0.000496257603116,0.00429387061434,0.38152322231
15,0.194210394312,-0.0252304688632,0.0116176388091,0.999492316522,-2.07003585115e-05,-0.0318607718724,0.0,0.0829127540817,-0.599326321477,1.78788067294,0.924661002383,0.000518454369788,0.00396521306885,0.380770323112
15,0.194005754741,-0.0297456555119,0.0142077229675,0.999475405897,-0.000399503618967,-0.0323844623872,0.0,0.0825802665622,-0.597673434811,1.78295170332,0.924466359504,0.000613030027298,0.00427468766874,0.381239165596
15,0.193766292049,-0.0336381322542,0.0164561761412,0.999364137305,0.00346428948398,-0.0354868957045,0.0,0.0822303568459,-0.596259081526,1.77869242789,0.92392442837,-0.00171512632071,0.00510649388924,0.382537099798
15,0.194217042866,-0.0271044529952,0.0127658941866,0.999419279562,-2.38450066654e-05,-0.0340749625386,0.0,0.082865132404,-0.59868865825,1.78577794402,0.924959318671,0.000150634535137,0.00501156787187,0.38003305159
15,0.194166232168,-0.0284915921809,0.0134707072561,0.999522326169,0.00047319548797,-0.0309013846987,0.0,0.0827765045475,-0.598120424756,1.78433130857,0.924180472529,0.000447939106901,0.00343013340816,0.381940424323
15,0.193990874303,-0.028959181903,0.0138825438163,0.999472549475,0.00117699708713,-0.0324536211188,0.0,0.082585642749,-0.598045218615,1.78371737397,0.924615502655,-0.000144227917253,0.00404772796323,0.380880253292
15,0.194131054577,-0.0278584537122,0.013263383604,0.999431827343,-4.0142559153e-05,-0.0337049088906,0.0,0.0827567646963,-0.598455987915,1.78490758332,0.924877488841,0.000220573121906,0.00483948890868,0.380234350539
15,0.194297289299,-0.0266251598421,0.0125049267879,0.999423923222,-0.00160856710373,-0.0339003569903,0.0,0.0829587068334,-0.598873189355,1.78628927317,0.924803943556,0.00092943843932,0.00519067492172,0.380407490753
15,0.194149992959,-0.0269984857205,0.0126770950325,0.999510493092,-0.00103620093108,-0.0312682024956,0.0,0.0828015563951,-0.598709095236,1.78591632922,0.92474002653,0.00109476057643,0.00385305080952,0.380578295272
15,0.194139865736,-0.0257686046517,0.0120741057588,0.999515309331,-0.00125469888338,-0.0311058216864,0.0,0.0828246233387,-0.599227669869,1.7871839468,0.924897157948,0.00122311966003,0.00381293032441,0.380196281887
15,0.194046724695,-0.0318094708785,0.0155149241357,0.999438195089,-0.00248171361664,-0.0334235739316,0.0,0.082560771955,-0.596999380542,1.78060328724,0.924653720889,0.00142229481775,0.00510912669207,0.380772071388
15,0.194185994004,-0.0264162232855,0.0124684241599,0.999486949316,8.68172070805e-05,-0.0320285904924,0.0,0.0828520232715,-0.599005486047,1.7864580623,0.924698338751,0.000439618668964,0.00402678213956,0.380679095923
15,0.194172935774,-0.0251097674294,0.0117290497304,0.999453048291,-2.45834841417e-05,-0.0330696788308,0.0,0.0828758180602,-0.599490685243,1.78787851558,0.925285691671,0.000313349822946,0.00453730872477,0.379243593789
15,0.194155764768,-0.0274235547182,0.0128815439028,0.999489109729,-0.00150151651161,-0.0319259296214,0.0,0.0827959186727,-0.598527230643,1.78548111687,0.924436144825,0.00120917310036,0.00423946929026,0.381311393668
15,0.194072728671,-0.029752996199,0.0141232910988,0.999486830901,0.000364662377771,-0.0320303274406,0.0,0.0826484388349,-0.597611612282,1.78300825993,0.924206115696,0.000313327350076,0.00398137376101,0.381873154593
15,0.194091747289,-0.026378997855,0.0123819830878,0.999552933907,0.000571501347619,-0.0298932384236,0.0,0.0827599084576,-0.598976211809,1.78654970353,0.924820384467,0.000562308721015,0.0029386288661,0.380392303739
15,0.194169779499,-0.0255742070933,0.0119032016998,0.999444455733,0.000848053004193,-0.033317573603,0.0,0.0828609911142,-0.599259298921,1.78744001404,0.925119233781,-0.000137438850046,0.00450980944018,0.379649899274
15,0.194113104092,-0.0283533930002,0.0135396604809,0.999557765938,-0.00363891603102,-0.0295132316587,0.0,0.0827249215551,-0.59826971255,1.78437288384,0.924519647886,0.00261488337185,0.00345233128528,0.381109780071
15,0.194180933862,-0.0262196920096,0.0122161649577,0.999455985599,-0.000268670367999,-0.032979700821,0.0,0.0828547786474,-0.598984781906,1.78677719958,0.924784109001,0.000449402984913,0.00453468830835,0.380464960775
15,0.194044668079,-0.0294469026591,0.0141923264057,0.999447422284,-0.00174146535535,-0.0331936347536,0.0,0.0826251198579,-0.597886343127,1.78316065978,0.924494358472,0.00111287722897,0.00487797850611,0.381162889042
15,0.193955325979,-0.0310464409419,0.0151496735504,0.999385073622,6.15563193991e-05,-0.035063810867,0.0,0.0824898512829,-0.597327293151,1.78138522073,0.924632390198,-4.85332114777e-05,0.00546440167171,0.380821586778
15,0.19413867523,-0.0259934303778,0.0122286886689,0.999412311654,-0.0006878684939,-0.03427182737,0.0,0.0828166516617,-0.599162353406,1.78691915611,0.924917724626,0.000431986819569,0.00521422161233,0.380131329876
15,0.193755793703,-0.0308475840446,0.0148735323435,0.999510205508,-0.000366184106911,-0.0312924111422,0.0,0.0823649519464,-0.597011417407,1.78087932921,0.924129706393,0.000510582990049,0.00403491277904,0.382057252969
15,0.193915496889,-0.0280606264183,0.0134094578337,0.99957919387,-0.000615526866534,-0.0290009708225,0.0,0.0825989644036,-0.598119065101,1.78382118353,0.92482610602,0.00100010079202,0.00299538473162,0.380377051216
15,0.193810911621,-0.0242113142432,0.0112156727865,0.999557549157,0.000174801140879,-0.0297434928613,0.0,0.0828086607235,-0.59878555344,1.78599226139,0.924754906893,-3.9452728397e-05,0.00395184466952,0.380542696085
15,0.193872737905,-0.0223902823185,0.0101357853426,0.99958163657,-0.00331447862757,-0.0287326654557,0.0,0.0829170894621,-0.599431114193,1.78800661765,0.924635591341,0.00177565761968,0.00404781370192,0.380827369643
15,0.193791554071,-0.0291399348886,0.0142670222988,0.999507446279,-0.00202068682546,-0.0313174337797,0.0,0.0825593742116,-0.597861365422,1.78296144263,0.925105817766,0.00105095529861,0.00485885473321,0.379676853337
15,0.193751053629,-0.0326945526478,0.0162957889949,0.99953574633,-0.00272311285162,-0.0303459464332,0.0,0.0824262359479,-0.596544499355,1.77908833277,0.924300453709,0.0015520151878,0.00451216404657,0.381635824967
15,0.193837615103,-0.0267440766524,0.0127677431445,0.99953209423,0.00127774558564,-0.0305607586741,0.0,0.0826698478902,-0.598661491216,1.78567025982,0.924996705632,-0.000380858629146,0.00395910649538,0.379954306453
15,0.193565703242,-0.03517885969,0.0174200057598,0.999516418211,0.00347317729639,-0.0309009185416,0.0,0.0821805896097,-0.595429992777,1.77660488103,0.923166242854,-0.00145554855689,0.00376618620077,0.384379740978
15,0.193840455568,-0.0290798326992,0.0141934785949,0.999508644029,-0.00119479795636,-0.03132160548,0.0,0.0826104180209,-0.59785747,1.78305520649,0.92481587256,0.000663913599856,0.0047244953183,0.380385120929
15,0.194180625309,-0.0301496957851,0.0146607974123,0.999475421725,-0.00318207550309,-0.0322297341456,0.0,0.0827307170079,-0.598248819349,1.78433310586,0.924551980376,0.00168162006126,0.00474318424774,0.381022715779
15,0.19417721918,-0.0309691795784,0.0150566878561,0.999485207989,-3.17747604214e-05,-0.0320829861737,0.0,0.0827057780991,-0.597896552539,1.7834943087,0.924151640048,0.000221064113483,0.00415949997047,0.382003135965
15,0.194101399729,-0.0315194612505,0.0153665636011,0.999550068121,-0.00182645001152,-0.0299386940127,0.0,0.0826148074711,-0.597689379301,1.78289984669,0.924432258405,0.00141603356649,0.00343816200343,0.381328170362
15,0.194291074199,-0.026713044964,0.012709006875,0.99956615925,-0.00211366804026,-0.0293772988911,0.0,0.0829361665847,-0.599532847433,1.78806691309,0.925047727832,0.00163813897588,0.00322215864558,0.379833694433
15,0.194184154096,-0.0290911831542,0.014041517827,0.999426110535,-0.000799704726947,-0.0338645840414,0.0,0.0827638096335,-0.598632414136,1.78549746343,0.924680017412,0.000287030611266,0.00512761305016,0.3807105076
15,0.193980059167,-0.0339358463564,0.0168477565197,0.999517385305,-0.00369351673507,-0.0308440335723,0.0,0.0824814154683,-0.59690410742,1.78038383519,0.92431004455,0.00209243559231,0.00459234446958,0.381609058632
15,0.194263532725,-0.0290042110125,0.0140077625027,0.999454531032,-0.00185476756497,-0.0329727195723,0.0,0.0828976911303,-0.598713751538,1.78577075019,0.924931215715,0.000866825859586,0.00529956966152,0.380096579004
15,0.194026575255,-0.0322943845468,0.0157513532591,0.999475932521,0.00171509843426,-0.0323252029979,0.0,0.0825744839085,-0.597406425715,1.78229110427,0.924039764958,-0.000702371497645,0.00440906114938,0.382270296558
15,0.194020749568,-0.032149050534,0.0157599070877,0.999463674542,-0.00108124250077,-0.0327291030371,0.0,0.0825711496672,-0.597520941456,1.7823811271,0.924527674976,0.000546924454925,0.00505684337332,0.381080972251
15,0.193848305826,-0.0327380158368,0.015892998095,0.999548683336,-0.00321796126639,-0.0298676139932,0.0,0.0824886062686,-0.596594201983,1.7797022137,0.924211159026,0.00144287854697,0.00420001014418,0.381856008919
15,0.193928411738,-0.0269037416371,0.0125085044359,0.999406361256,0.00160006290552,-0.0344146027082,0.0,0.0827198610451,-0.598722284662,1.78609891247,0.924573292159,-0.00158179325153,0.00556275123279,0.380960340658
15,0.193854203909,-0.0295670876655,0.0142083451043,0.999503242245,-0.00206027368669,-0.0314487521747,0.0,0.0827191910984,-0.597136219393,1.78134110168,0.924340370634,0.000549048203087,0.00547411574875,0.381529306631
15,0.193979703088,-0.021032449085,0.00928722571005,0.999500413713,-5.3102514211e-05,-0.0316056983549,0.0,0.0830531574788,-0.600266585389,1.79067718743,0.924999225709,-0.000434109329945,0.00521957099554,0.379932888897
15,0.193831008319,-0.0245999676654,0.0113108094592,0.999627566076,-0.00372584546713,-0.0270341860724,0.0,0.0828394214793,-0.598801582133,1.78641477807,0.92450245299,0.0019929442006,0.00378313274247,0.381152109395
15,0.193695998097,-0.0269782789352,0.0127303701725,0.999600967502,-0.00126250830769,-0.0282189978766,0.0,0.0826464058358,-0.597961228338,1.78377919553,0.92427255293,0.000637579541175,0.00393981880654,0.381712351412
15,0.193660070373,-0.029151842875,0.0140880728636,0.999577752483,-0.00169826097763,-0.0290074585513,0.0,0.0825565891941,-0.597232988457,1.78132346198,0.92434674558,0.000713854436248,0.00438388334214,0.381527673851
15,0.193554082208,-0.0299066511657,0.0145309599549,0.99961290493,-0.0030421759868,-0.0276547547824,0.0,0.0824323146701,-0.596961379986,1.78049406298,0.924419620764,0.00156924823928,0.00396427355088,0.381353099818
15,0.193876020735,-0.0275246900442,0.0132166191649,0.999520544994,-0.00128183082209,-0.0309360153337,0.0,0.0827679229809,-0.598163372082,1.78429232995,0.924695264959,0.000572903380015,0.00513299403129,0.380673076427
15,0.194068028952,-0.0230790311754,0.0106690567766,0.999618392073,-0.00201605614548,-0.0275500589386,0.0,0.0830699464437,-0.59980835955,1.78913935194,0.924843247891,0.00147205093338,0.00365286867788,0.38032809053
15,0.193937675187,-0.0238551745195,0.0110092828498,0.999534851774,-0.00197351810229,-0.0304332928855,0.0,0.0829218837643,-0.59945227215,1.78837356895,0.925135275155,0.000976152332899,0.00500950742103,0.37960331219
15,0.193506370498,-0.0346670691355,0.0172369817484,0.999579188591,0.00130890484346,-0.0289781383826,0.0,0.082222560746,-0.595472712549,1.77656080572,0.923716231766,-0.000321473175374,0.00378488165126,0.383058604521
15,0.193707281216,-0.0287748918877,0.0139452540302,0.999537245839,0.000797424858288,-0.0304081945207,0.0,0.0825681001881,-0.597709218098,1.78292258492,0.92448626262,-0.000320813089999,0.00454384782943,0.38118814351
15,0.193685571649,-0.0283721379196,0.0136868292482,0.999565890202,-0.000322233623922,-0.029460606064,0.0,0.0825567565824,-0.597840079116,1.78338324982,0.924690749094,0.000360770531419,0.00427866046776,0.38069486659
15,0.193944175323,-0.0230223684606,0.0105604374537,0.99950713333,-0.00303444573844,-0.0312455206722,0.0,0.0829485995492,-0.599779314768,1.78926092444,0.924990782303,0.00134610842335,0.00556682774876,0.37994637921
15,0.193808277181,-0.0259044370834,0.0123345200828,0.999532303977,-0.00101899523177,-0.0305636214244,0.0,0.0827396537804,-0.598794036714,1.78602708372,0.925045909531,0.00050507067005,0.00491445242475,0.379823193501
15,0.193441790426,-0.0346394444961,0.0174211787831,0.999505768088,-1.58762361737e-05,-0.0314359556515,0.0,0.0821558577795,-0.595615557661,1.7764424493,0.923976559266,-9.73308819428e-05,0.00516265035937,0.382414245935
15,0.193898002605,-0.0263275960784,0.0125025096138,0.999614929525,-0.00160825698233,-0.0277020970269,0.0,0.082819932788,-0.598587800162,1.78561921556,0.924604876581,0.00125678701821,0.00365722214396,0.380907951368
15,0.193785955201,-0.03297338099,0.0163973027004,0.999581484971,-0.00360809516669,-0.028702553071,0.0,0.0825078198578,-0.59661799774,1.77976664536,0.924171860797,0.00159232514499,0.00511092187372,0.381939412328
15,0.19382255164,-0.0310230347707,0.0152087451653,0.999678011111,-0.000413143240512,-0.0253713108359,0.0,0.0825900339028,-0.597294848671,1.78194677663,0.924162955337,0.000622558732343,0.00301619692424,0.381986055976
15,0.193910937059,-0.0300541945701,0.0147332192772,0.999629276583,-0.00628956021191,-0.0264905800346,0.0,0.0826995426591,-0.59770686601,1.78294218496,0.924627670757,0.0032142325089,0.00450376807697,0.380832056494
15,0.194020893146,-0.025929365907,0.0123896587498,0.999644529089,-0.00344896656288,-0.0264370969039,0.0,0.0829037144027,-0.599250783242,1.78742473013,0.924976169712,0.00187656259216,0.00401726943461,0.37999924411
15,0.19393030111,-0.0261049464855,0.0124838745204,0.999574216887,-0.00205715266433,-0.0291058938814,0.0,0.0827895465553,-0.59923936621,1.78735304722,0.925141208299,0.000905932974142,0.004659891353,0.379593479138
15,0.194019934986,-0.0260073278673,0.0125063719538,0.999538715636,5.41259948855e-05,-0.0303702653236,0.0,0.0828803940681,-0.599327241357,1.78739881237,0.925076696212,-0.000297610391058,0.00491268623225,0.379748447091
15,0.193847717228,-0.0298920120126,0.0147153203739,0.999497055603,-0.00326002799906,-0.0315437483211,0.0,0.0826160062927,-0.59787324792,1.7831779256,0.924676557149,0.00108306879233,0.00600769479041,0.380704608881
15,0.194003468671,-0.027637848745,0.0132758405856,0.999567763833,-0.00246336150779,-0.0292953469956,0.0,0.0828274193168,-0.598612557114,1.78574431198,0.924737238189,0.00107202372254,0.00481470204065,0.380574184248
15,0.193794271167,-0.0323860796325,0.0161349784138,0.999584542379,-0.00384489628993,-0.0285650032406,0.0,0.082503351796,-0.596940554847,1.78046572145,0.92468956639,0.00184469446041,0.00469416792589,0.380688544219
15,0.193865503085,-0.0281796831836,0.0136445651086,0.999671099577,-0.0038894721559,-0.0253488594775,0.0,0.0826757810887,-0.598450137432,1.78511248722,0.92484049437,0.00238842396636,0.00318138446071,0.380334371569
15,0.193913428108,-0.0298783489593,0.0146901885813,0.999535880033,-0.00493278046034,-0.030061473735,0.0,0.0826822680844,-0.597866708058,1.78320443618,0.924776695581,0.0021138480656,0.00557962181334,0.380463484158
15,0.193939530395,-0.0293211363032,0.0143441732981,0.999540251685,-0.000902207730861,-0.0303062911363,0.0,0.0827219959382,-0.598055980873,1.78383172507,0.924693530777,0.000169857178901,0.0050384587852,0.380678945071
15,0.193789086815,-0.0298227971027,0.0145449448618,0.999551134233,-0.00213459430716,-0.0298826632001,0.0,0.0825608517634,-0.597812708361,1.78335270827,0.924583916133,0.0008229165888,0.00503856808856,0.380944244829
15,0.194106481028,-0.0273044721564,0.0129450387781,0.999622449499,-0.00189346800984,-0.0274111881541,0.0,0.082881109615,-0.598838752147,1.78644489757,0.924297732876,0.00101872342727,0.00351895982642,0.381654660819
15,0.194088977914,-0.0227525250024,0.0102780090162,0.999618447416,-0.00388091495089,-0.0273477253872,0.0,0.0830541358834,-0.599983763655,1.78960451194,0.924866767894,0.00214361979875,0.00335887720841,0.380270409686
15,0.193931996579,-0.0268154742693,0.0125686954153,0.999503316151,-0.00415593253386,-0.0312385855719,0.0,0.0827948311416,-0.598456583189,1.78520224832,0.92455367146,0.00164033416149,0.00524152821372,0.381012262632
15,0.193814656875,-0.027457220552,0.0130480480155,0.999501004967,-0.00141500066963,-0.0315553298801,0.0,0.0826595638923,-0.598293416256,1.78442092564,0.924451434482,0.00029469538803,0.00494330164122,0.381267651667
15,0.193762024902,-0.0276171039139,0.0130173539618,0.999567509982,-0.00197363843788,-0.0293410589447,0.0,0.0826047563148,-0.598153411385,1.78433925738,0.924597051443,0.000918862793811,0.00398791002788,0.380924591917
15,0.19393171937,-0.0274245804672,0.0124478734231,0.999415129724,-0.0058539792309,-0.0336916815531,0.0,0.0827862738856,-0.59792015927,1.78488954312,0.925270995689,0.00202898921441,0.00668276925246,0.379242413682
15,0.19341475831,-0.037636704349,0.0181104634688,0.999489555711,-0.00306880386124,-0.0317995356377,0.0,0.0819768269995,-0.59414451509,1.77427316246,0.923920944534,0.00111628368051,0.00502561677912,0.382548801251
15,0.193834790099,-0.0314119979171,0.0148134211264,0.999499347782,-0.00581136760536,-0.0311011541578,0.0,0.0825869542344,-0.596337260659,1.78065854963,0.924583484489,0.0028805808988,0.00495648453205,0.38093636703
15,0.193755234135,-0.0298679574724,0.0139753017337,0.9993314423,-0.00610730328905,-0.0360467651299,0.0,0.0825700967413,-0.596601497448,1.78124257842,0.924996254559,0.0021040293405,0.00735696751443,0.379899167072
15,0.193691669456,-0.0316806882908,0.0152632780387,0.99931819034,-0.00485039987996,-0.036600930003,0.0,0.0824758016379,-0.596019712664,1.77913230118,0.924351401093,0.0017703202641,0.00724769814162,0.381469296453
15,0.193733276956,-0.0275688918855,0.0126182265071,0.999475583635,-0.00682192149915,-0.0316546853509,0.0,0.0826865189789,-0.597301841109,1.78323179311,0.925111709664,0.0026157794271,0.00594284615791,0.379639519704
15,0.194021077122,-0.0259921152877,0.0118270515887,0.999434224996,-0.00674513023408,-0.0329504647201,0.0,0.082922120195,-0.598388569339,1.78614673169,0.92530557611,0.00243359910504,0.00628830479309,0.379162400085
15,0.193545153004,-0.0288985334086,0.0134646500133,0.999391575857,-0.0108710294732,-0.033140591778,0.0,0.0825625576212,-0.59664055845,1.7809405947,0.925091571213,0.0038238922443,0.00761210759939,0.379648546074
15,0.193556756145,-0.0288290027039,0.013202619347,0.999429755303,-0.010007207736,-0.0322493412119,0.0,0.0825817221244,-0.596303386933,1.78004235706,0.92465361425,0.00367475804909,0.00639059203997,0.380737902159
15,0.193491282397,-0.0258564173394,0.011367247658,0.999451551156,-0.00970653048756,-0.03166038782,0.0,0.0825842148651,-0.5974510492,1.7833761237,0.924921994218,0.00364890657313,0.00582588845928,0.380094789646
15,0.193257117219,-0.0351025136198,0.0164959272474,0.999323140219,-0.00255158032927,-0.0366981043076,0.0,0.0819882489432,-0.594538570417,1.77500132424,0.924151764107,-0.000391853172844,0.00645369073497,0.381970827716
15,0.193284081139,-0.0308981461775,0.0145129610748,0.999446963371,-0.00456038768774,-0.0329388869505,0.0,0.0823285313732,-0.595321830023,1.77829780553,0.924328286417,0.00197049643259,0.00603303402514,0.381545460692
15,0.194012471294,-0.0316491904816,0.0149857435233,0.999380584678,-0.00529195336341,-0.0347914098426,0.0,0.0825897125205,-0.596480336137,1.78124203089,0.924432671351,0.00170873785588,0.00648479733547,0.381286327787
15,0.193927925432,-0.0337248011278,0.0164729163931,0.999265787795,-0.00632830284282,-0.0377867427131,0.0,0.0824512231663,-0.596079742418,1.77955577656,0.925406637406,0.00156921178476,0.00876972276215,0.378870934464
15,0.194065209317,-0.0326385826802,0.015623333586,0.999418820285,-0.00477873210113,-0.033751820378,0.0,0.0825887049544,-0.596460853353,1.78135776312,0.924139947295,0.00214188718425,0.00606920467288,0.381999914774
15,0.19382340806,-0.0402082165958,0.0198705959381,0.999299805924,-0.00280416513682,-0.0373099790603,0.0,0.0820732196046,-0.59399716228,1.77392147667,0.923847887208,0.0006334363653,0.00708374685028,0.382693742553
15,0.19391872519,-0.0364016908215,0.017587507648,0.999153553345,-0.00446316431216,-0.040893239075,0.0,0.0822493615884,-0.595427364941,1.77796366724,0.924675271622,0.000736996925203,0.00852066474648,0.38066060626
15,0.193742559722,-0.0260660695207,0.0116398374771,0.999429988839,-0.00819942890379,-0.03274853852,0.0,0.0828215180016,-0.597938687464,1.78528724079,0.925019864785,0.00300750837961,0.00625377723693,0.379855360522
15,0.193401376329,-0.0317327637506,0.0150729751313,0.999429321606,-0.00596966448718,-0.0332474693798,0.0,0.0823857074713,-0.595207877887,1.77774262588,0.92424469276,0.00255725117169,0.00658155378681,0.381735368444
15,0.19361477727,-0.0332509832267,0.0155864864985,0.99932276747,-0.00723817060504,-0.0360779060103,0.0,0.0823392979985,-0.595537448074,1.77818462367,0.924282486852,0.00237611012868,0.00660653614257,0.381644588956
15,0.193752879009,-0.0249902306884,0.0108857545063,0.999353233952,-0.00754647458111,-0.0351591312493,0.0,0.0827824410936,-0.598200103788,1.7858598658,0.925228520523,0.00275963322133,0.00608835826788,0.379351421677
15,0.193635241217,-0.0267440468138,0.0122284998709,0.999349948479,-0.00609320908545,-0.0355324257207,0.0,0.082661132171,-0.597427778269,1.78377331546,0.925294411849,0.00218209545475,0.00698295937938,0.379179018589
15,0.193728580052,-0.0298229884463,0.0135778295253,0.999380887284,-0.00792476772713,-0.0342788592077,0.0,0.082651935692,-0.596523370348,1.78136144413,0.924459795245,0.00231705439694,0.00692109786686,0.381209675428
15,0.19341879779,-0.0325639733238,0.0150879207663,0.999346988777,-0.00476106404254,-0.0358179883909,0.0,0.0822307112244,-0.595415559502,1.77819851685,0.924218145694,0.000768700374341,0.00693534846957,0.381801164498
15,0.193430151761,-0.0293551712703,0.0135367775482,0.999378304302,-0.00562634103654,-0.0348044419129,0.0,0.0824315563138,-0.596276526814,1.78009856245,0.925291174611,0.00116001781001,0.00713672696318,0.379188559524
15,0.193674069377,-0.0337258239598,0.0158502101138,0.999394863637,-0.00856975611391,-0.0337115086608,0.0,0.0823793211734,-0.595321938365,1.77806334551,0.924819442414,0.00314039615934,0.00660129695977,0.380336114146
15,0.193671991836,-0.0340911951322,0.016090893732,0.999422361077,-0.00474411149651,-0.0336517099951,0.0,0.0824161804581,-0.59470225313,1.77677926666,0.924490007356,0.00199633852748,0.00569470891505,0.381158511936
15,0.193854158139,-0.0279171846824,0.0127114577795,0.999304154812,-0.00525069483131,-0.0369274475106,0.0,0.0827434293527,-0.597152363763,1.78376658331,0.925127288893,0.00188225419941,0.00691220743315,0.379589485961
15,0.193562569918,-0.0253562978209,0.0116901817794,0.999452391397,-0.00994716546361,-0.0315590118624,0.0,0.0827500998853,-0.597382722036,1.78323940418,0.925331480606,0.00397014965804,0.00648889758323,0.379082818286
15,0.193331261032,-0.0275313828522,0.0127119254005,0.999373082208,-0.00449685517883,-0.0351172443619,0.0,0.0824714287329,-0.596504257886,1.78083556236,0.925049957515,0.000747798996359,0.00731021003291,0.379774377398
15,0.193522769918,-0.03099024449,0.0146954803317,0.999437605929,-0.00224206671273,-0.0334581080272,0.0,0.0823040495177,-0.59609001582,1.77968901013,0.924543579911,0.00103987384575,0.0052177091369,0.381039188299
15,0.194105084774,-0.0263491463669,0.0122669102291,0.999272252953,-0.00566807109381,-0.0377205176005,0.0,0.0828688572172,-0.598668669781,1.78683894031,0.925686411504,0.00235976650421,0.00745296895505,0.378210989148
15,0.193893670908,-0.0337464268687,0.0159918866926,0.999309694179,-0.0056486529284,-0.0367182221736,0.0,0.0824508717051,-0.595707437941,1.77904256453,0.924272204808,0.00208966666004,0.00682748140969,0.381667276839
15,0.193468966224,-0.0374432054945,0.0181828294992,0.999317439555,-0.00463073127102,-0.0366498475933,0.0,0.0820742206068,-0.594027991305,1.77448925857,0.924211248212,0.000819997351843,0.00826373245973,0.381791313427
15,0.193954885877,-0.0259638354705,0.0118410680085,0.99952005441,-0.00795683191809,-0.0299390991359,0.0,0.0829662709997,-0.59788073909,1.78573944834,0.925280303627,0.0030430485256,0.00679374400317,0.379210950024
15,0.193516481389,-0.0273074010063,0.0122151182585,0.999558218784,-0.0096616319644,-0.0281072967384,0.0,0.0827279407763,-0.59677455574,1.78278338564,0.924547157135,0.00341210348976,0.00556807139582,0.381011690588
15,0.193115476742,-0.0306962003535,0.0146394252784,0.999545020624,-0.0076462810498,-0.0291768081278,0.0,0.0823729712315,-0.594893284328,1.77696159578,0.924582904112,0.00308667622849,0.00621424773629,0.380917719433
15,0.193339400274,-0.0325346803415,0.0158133923416,0.999481588191,-0.00398696799478,-0.0319477534935,0.0,0.0823093309248,-0.594654259271,1.77656187914,0.924263947083,0.00191228645879,0.00656034777034,0.381692888486
15,0.193130767636,-0.028616585724,0.0134563351945,0.999407502689,-0.000790854019393,-0.0344095643495,0.0,0.0822944563687,-0.595731171347,1.77986174484,0.924532110771,-0.000310351780832,0.00719869482098,0.381036033241
15,0.193225423109,-0.0303619421458,0.0142555728051,0.999424611356,-0.000208547594389,-0.0339175872489,0.0,0.082327928127,-0.59551139827,1.77943266579,0.924535964885,-0.00101686100518,0.00693522334433,0.381030337775
15,0.193469041059,-0.0335275781139,0.0158717081578,0.9995071099,-0.00126391845578,-0.0313678142385,0.0,0.0823522221155,-0.594715231262,1.77749278291,0.924585301405,-5.40398123214e-05,0.00540193083229,0.38093678826
15,0.193359116013,-0.0284656328502,0.0133612957012,0.999462272009,-0.00662129661034,-0.0321142532642,0.0,0.0825584979079,-0.596569726078,1.78225906994,0.925823075338,0.00179045151727,0.00782779221846,0.377871873953
15,0.193286850146,-0.0227705738433,0.0099544814923,0.99961082709,-0.00846318662843,-0.0265813625955,0.0,0.0828181948253,-0.597698106545,1.785487228,0.92535125208,0.00337307710655,0.00522970869255,0.379059801049
15,0.193020976311,-0.0312085062379,0.0145786542159,0.999476410771,-0.00568233835587,-0.0318530272212,0.0,0.082307814001,-0.594584698819,1.77636839247,0.924261938132,0.00116573146929,0.00672055140264,0.381697976127
15,0.193607287617,-0.0289063379936,0.0130132112744,0.99942009279,-0.00586710457999,-0.033541842692,0.0,0.0826544811719,-0.596248384109,1.78128065794,0.924512442909,0.00126872943508,0.00652503181111,0.381093895505
15,0.193518482764,-0.0255621097843,0.0111743078508,0.999502305862,-0.0050268744914,-0.0311427537265,0.0,0.0827351044408,-0.597222623677,1.78419393133,0.925327245793,0.00121984201589,0.00577061998454,0.379123594787
15,0.193237448139,-0.0262413893434,0.0117997954635,0.999463770926,-0.00621235993519,-0.0321492953475,0.0,0.0826124739137,-0.596567712544,1.78198811997,0.925187862834,0.00128713313976,0.0072312308908,0.379438362654
15,0.193124624256,-0.0274824864004,0.012564773843,0.999452564846,-0.00575342685589,-0.0325801887837,0.0,0.0824844635366,-0.595786358718,1.7796163187,0.924313812738,0.00157406962347,0.00646901629755,0.381575221568
15,0.193261838183,-0.0318102722015,0.0151051452885,0.999269387167,-0.00207775330913,-0.0381624791094,0.0,0.0822126037922,-0.59517244205,1.7777497351,0.924288695789,-0.000401580517483,0.00770013904406,0.381616238424
15,0.193666164163,-0.0308640833863,0.0144734185987,0.999491442029,-0.00683494415466,-0.0311470841142,0.0,0.0825846145774,-0.595907164017,1.77976624476,0.924421227137,0.00243509120499,0.00620981754105,0.381314703776
15,0.193068686231,-0.0205863337294,0.00853014562753,0.999398304935,-0.00852925876193,-0.0336196347127,0.0,0.0828344886224,-0.598037892884,1.78575558875,0.925358798113,0.00143979076414,0.00891898898017,0.378984793089
15,0.193682474006,-0.0282479024468,0.0129680765289,0.999357830929,-0.00637086096757,-0.0352609967475,0.0,0.0826650639813,-0.596960326521,1.78297126507,0.925079345388,0.00221748931089,0.00714761229523,0.379700143686
15,0.193201468453,-0.0349910599231,0.016958604786,0.999461138505,-0.00313701919182,-0.0326740222195,0.0,0.0820057388416,-0.594329200754,1.77487014558,0.923913482414,0.000858038109715,0.005657840346,0.382558661681
15,0.193455862572,-0.029596012741,0.0141505597479,0.999369782911,-0.00898503310586,-0.0343410277091,0.0,0.0824616644098,-0.596307912924,1.78017757571,0.925180987242,0.00327840496877,0.00796482792537,0.379428457583
15,0.193910939261,-0.0299960885879,0.0139026664846,0.999284025441,-0.00267254023703,-0.0377398201749,0.0,0.0825798970555,-0.597031350674,1.78339791472,0.924733677295,0.00052164697704,0.00744972941576,0.380541529261
15,0.194230296798,-0.0300573235777,0.0137823511742,0.99929176641,-0.00405143982529,-0.0374105790011,0.0,0.0827543480874,-0.597683216426,1.78509497033,0.924678181008,0.000797546102949,0.00695249928122,0.380685287661
15,0.193203810915,-0.0291414311537,0.0134823825613,0.999499305739,-0.00480572682434,-0.0312736760886,0.0,0.0822895609519,-0.596317004324,1.78071354537,0.924577560535,0.00166542735673,0.00556324607781,0.380949617667
15,0.193487940774,-0.0285009397642,0.0130988137796,0.999604327177,-0.00651648279106,-0.0273628313725,0.0,0.0826133362141,-0.596390277261,1.78105076879,0.924290144928,0.00300332314813,0.00435438273549,0.381653962889
15,0.193292038241,-0.0336858348283,0.0159796716193,0.999437105687,-0.00579271989446,-0.0330441548832,0.0,0.082144542352,-0.594670415369,1.77595322453,0.923855295223,0.00192994735613,0.00630255063804,0.382685179549
15,0.193634998305,-0.0267640594233,0.0121547046769,0.99952400538,-0.0075477788374,-0.0299131025513,0.0,0.0827226128542,-0.5970036275,1.7826400282,0.924484007369,0.00334357779293,0.00529062206095,0.381169450408
15,0.193663032344,-0.0293670325189,0.0136881964805,0.999386011617,-0.00551400259281,-0.0346005138568,0.0,0.0826254439706,-0.596632816411,1.78164755965,0.92476031131,0.0020780582391,0.00686725875826,0.380482442508
15,0.193465965583,-0.0295877652546,0.0138784146045,0.999461874119,-0.00458784613823,-0.0324794373462,0.0,0.0824149881375,-0.596332979033,1.78058017175,0.924333981022,0.00153366116457,0.00614062724816,0.381531954243
15,0.193051289392,-0.0334657551146,0.0160867798193,0.999360206172,-0.00384237132214,-0.0355586065935,0.0,0.0820298800861,-0.594507722484,1.77526035992,0.924217791422,0.000416570403152,0.00789071099284,0.381784019006
15,0.193361094218,-0.0289004392229,0.0134013373453,0.999386432937,-0.00267789672054,-0.0349225791009,0.0,0.0824283004524,-0.59597387789,1.77984610368,0.924396601965,0.000247539972489,0.00722672013584,0.381364177023
15,0.193629502013,-0.026803300052,0.0122245028867,0.999379291609,-0.00359269097042,-0.0350446012065,0.0,0.0827195266591,-0.596764853197,1.78282073249,0.924984116652,0.00103012541411,0.00740949040618,0.379932128458
15,0.193608614959,-0.0272046528903,0.0122453617323,0.999244094114,-0.0037825785409,-0.0386902116486,0.0,0.0826208158124,-0.596631708437,1.78260573429,0.925371483865,0.000782244660612,0.00813542155963,0.378973376188
15,0.193232566501,-0.0237996241898,0.0105368207785,0.999505302138,-0.0054522692835,-0.0309745663144,0.0,0.0826535832334,-0.596936717816,1.78340717355,0.925121965337,0.00228377225329,0.00608664838429,0.379614391649
15,0.193203672913,-0.0283702905421,0.0130394858193,0.999437794153,-0.00453214680651,-0.033219802298,0.0,0.0824672521057,-0.595446422347,1.77900544824,0.924738175737,0.00147026279324,0.00635344636298,0.380547997473
15,0.193208000674,-0.0245829702931,0.0106552616585,0.999537153719,-0.00675872902331,-0.0296613876351,0.0,0.0827127858026,-0.596266513118,1.78214273004,0.925514937246,0.00246693299844,0.00603101991228,0.378655043508
15,0.193787360922,-0.0236362070067,0.00999515502037,0.999549829553,0.00151014520568,-0.0299642737768,0.0,0.082998033565,-0.5973656117,1.78668271435,0.926122562868,-0.00106773565918,0.00488417540458,0.37718961189
15,0.193301993274,-0.0261782430523,0.0112549772927,0.999629534291,0.000126774569299,-0.027217239064,0.0,0.0826572393389,-0.595393262003,1.78128072366,0.925557669451,-0.00091037036135,0.00354086530329,0.378589004091
15,0.193428543474,-0.0195535496271,0.00700634474108,0.999644479971,0.00429918964466,-0.0263140766748,0.0,0.0829363089239,-0.59753668929,1.78884916446,0.925545825957,-0.00273048271129,0.00242595365085,0.378617991209
15,0.193228270779,-0.0227608565896,0.00847317928244,0.999628105803,0.00308004486062,-0.027095450016,0.0,0.0826707378904,-0.596107875904,1.78562946028,0.925235155978,-0.00228160283736,0.00299790323942,0.379375424885
15,0.193183296184,-0.0270891853876,0.0097452494415,0.999433808097,-0.00624539097326,-0.0330614325768,0.0,0.0825478055418,-0.593710521261,1.78180948727,0.92534590701,0.00113580759236,0.00735178924092,0.37905093789
15,0.193107685621,-0.0284999282259,0.0114195646009,0.999574906351,-0.00268365344672,-0.0290310970818,0.0,0.0823075868435,-0.592929869857,1.78037903585,0.925094255663,0.000760713872699,0.00470230442628,0.37970768729
15,0.193681636671,-0.026507323036,0.0104210407813,0.999458285828,0.00161334198565,-0.0328714468384,0.0,0.0827359626474,-0.593687009338,1.78491600543,0.925589531285,-0.00181534261793,0.00447143816206,0.378497992527
