0.0438727598569,-1.05132111991,1.32513233781
0.0419538512787,-1.05158431194,1.32523160002
0.0403711890359,-1.05234795405,1.32320612022
0.0408690733624,-1.05254868378,1.32356558466
0.0432017582926,-1.05146486697,1.325500483
0.044591142288,-1.05035545381,1.32772003109
0.0437576678682,-1.05180389941,1.32651017585
0.0423630458019,-1.05157014021,1.3253814779
0.0413264533633,-1.05092830528,1.32583980743
0.0421238001672,-1.04944917454,1.32785723458
0.0420716602727,-1.05040942547,1.32660265095
0.0437038661434,-1.05258543951,1.32361777169
0.0427269593417,-1.05212115195,1.3240899363
0.0416998088516,-1.05149918373,1.32556826845
0.0400144315552,-1.05156114347,1.32458028666
0.0423664954483,-1.05097169944,1.32550945093
0.0443125628219,-1.05082003709,1.32647956302
0.0454537436567,-1.04963057706,1.32997512752
0.045783508117,-1.04950420491,1.33015497194
0.0455437648097,-1.05006274282,1.32821088285
0.0453561235632,-1.05008244931,1.32741302498
0.0437669037394,-1.05024569212,1.32656943065
0.0431303762627,-1.05071459739,1.32729414676
0.0439997178322,-1.05106579406,1.32841030114
0.0435793250188,-1.05114891877,1.32903067314
0.0429096863207,-1.05026468464,1.3287760176
0.0424453099722,-1.05081447816,1.32650219183
0.0417837976291,-1.05084300332,1.32532819483
0.0416967515844,-1.05045998161,1.32607542946
0.0409003978706,-1.04909291877,1.3279498072
0.0411397623469,-1.04950280064,1.32744932045
0.0425496740866,-1.05127025977,1.3248557714
0.0435637158549,-1.05207974777,1.32288086116
0.0452981443278,-1.05091981954,1.32590739363
0.0426924771885,-1.05099824581,1.32608745622
0.0423167626054,-1.05074974677,1.32818401135
0.0420247750529,-1.05144205862,1.32649465939
0.0457512017875,-1.05077936881,1.32901335315
0.0457149380859,-1.05091584947,1.3283990283
0.0458909939637,-1.05135605484,1.32850788832
0.0445082050451,-1.0500034497,1.32934933434
0.0433466680101,-1.04958842217,1.32918521061
0.042634452446,-1.05004312847,1.32882441118
0.0437570534844,-1.05085947817,1.32714844955
0.0454421945667,-1.05299174963,1.32420315875
0.045998487043,-1.05251109044,1.32314336925
0.0423628521839,-1.05412862836,1.31987633947
0.0430110720942,-1.05115819912,1.32502063005
0.0404453026742,-1.05155915231,1.32564168261
0.0413318872042,-1.05026516859,1.32675003138
0.0398622283497,-1.05161422817,1.32425514988
0.0412267255074,-1.05087556708,1.32492548973
0.0442186575265,-1.04964022603,1.32773235104
0.0441932687856,-1.04894554357,1.32949785427
0.0438327997228,-1.04932579422,1.32847335495
0.0410613699084,-1.05031373809,1.32824671654
0.0415216885661,-1.0509436925,1.32634465715
0.044229645227,-1.0510838666,1.32677455124
0.0467274575744,-1.05046786096,1.32797410945
0.0464706630445,-1.05039219745,1.32890319991
0.0446948041454,-1.05007905032,1.32871132295
0.0439404020878,-1.05151185834,1.32650236556
0.0416943762049,-1.0524766489,1.32244596928
0.0414691073174,-1.05247607283,1.32286185424
0.0419565765653,-1.05124051873,1.32405727837
0.0436565946691,-1.05017357515,1.32726041774
0.0433617711051,-1.04955700233,1.32907151631
0.0427454927803,-1.05016838513,1.3296718917
0.0418757291356,-1.0497358225,1.33016787515
0.042414510634,-1.05044466827,1.32740644024
0.0423102468854,-1.04988117848,1.32666525163
0.0435872293033,-1.04993199209,1.32735697884
0.043739483628,-1.0503156884,1.32801834872
0.0443966454253,-1.05037727711,1.32914472205
0.0445885995177,-1.05153305938,1.32640512065
0.0430126075381,-1.05168887926,1.3245582251
0.0416032329111,-1.05208126211,1.32267273204
0.042254007579,-1.05091558731,1.32548528046
0.0441990299223,-1.04956203135,1.32888116399
0.0438998419359,-1.04810064903,1.33098123417
0.0423498346709,-1.04824340008,1.32971638027
0.0431055303299,-1.04961265572,1.32789575442
0.0433562729534,-1.05020574315,1.32597624049
0.0422336907171,-1.04938055957,1.327322327
0.0411601223532,-1.05018624359,1.32627366095
0.0416728798896,-1.05141247114,1.32479154896
0.0438234952625,-1.05316697168,1.32240260665
0.0397864128102,-1.05301737487,1.31960812567
0.039429979128,-1.05301315408,1.3205641254
0.0381144529926,-1.05126257099,1.32316162241
0.0435753798081,-1.04962024353,1.32864329554
0.0437769606768,-1.04807157813,1.33070224044
0.0443041066806,-1.04884937467,1.32915252772
0.0450086975416,-1.0500262836,1.32763632984
0.0448059896712,-1.05108220608,1.32622517263
0.0469794472101,-1.05155011806,1.32673802068
0.0443751982539,-1.05016867454,1.32790592573
0.0461464206421,-1.05018625778,1.3282131856
0.0453227643618,-1.05147537741,1.32663235989
0.0452967206752,-1.05171018337,1.32539527504
0.043071676486,-1.05119717198,1.32646031003
0.0432954581767,-1.04971880459,1.32796157362
0.0437376112406,-1.04963959496,1.32789076089
0.0447566646193,-1.04962022351,1.32732217648
0.0411873519154,-1.05031765884,1.3251381007
0.0402888271258,-1.05023823373,1.3258897479
0.0387955162177,-1.05056569297,1.32554456574
0.0424114429432,-1.05002007662,1.3281189268
0.0428378079869,-1.05015690896,1.32813936806
0.0414710016066,-1.05094785501,1.32608348815
0.0403602785443,-1.05250842762,1.32416825246
0.0403680923431,-1.05399037677,1.32168645633
0.0417147857757,-1.0522218255,1.32490995183
0.0427783557867,-1.05061172129,1.32639352137
0.043260724049,-1.04912459977,1.32886039235
0.0438321836254,-1.05000254974,1.32823180109
0.0412447503658,-1.05135394483,1.32536627798
0.0418107437198,-1.05210151973,1.32544392966
0.0423742228682,-1.05107806396,1.32689135738
0.0452211971985,-1.0497354804,1.32878115959
0.0461744961057,-1.04934864353,1.32867271918
0.0465358728975,-1.05114361478,1.32605788736
0.0405095250881,-1.0516203013,1.32321684739
0.0387550522565,-1.05230057749,1.32138515496
0.0372338831253,-1.0515693445,1.32308889681
0.0417961827406,-1.05106223152,1.32693461681
0.0424374824244,-1.04962597588,1.32943866774
0.0437262892764,-1.04846064185,1.33019054022
0.0419704140732,-1.04882852975,1.32790227047
0.0414971274018,-1.0503162842,1.32576013976
0.0440016276489,-1.05091806962,1.3253674019
0.0453379811778,-1.0503878311,1.32717261046
0.0439773216706,-1.04877523962,1.32960823331
0.0406813951061,-1.0487879811,1.32905972812
0.0414276576339,-1.04846761117,1.32891225359
0.0411186998145,-1.04970802519,1.32772120549
0.0426531623855,-1.04960786636,1.32849629496
0.0416656169219,-1.05078762462,1.32834706376
0.0444777245792,-1.0504916831,1.32815054399
0.0422241399945,-1.0502335614,1.32785581629
0.0408496451075,-1.05027699334,1.32645789744
0.0407530358956,-1.05024825101,1.3277918657
0.0419910062044,-1.04978205508,1.32864751972
0.0439739240112,-1.04893365869,1.33080977792
0.0413683012253,-1.04893378146,1.33047389299
0.0414304379115,-1.05037622468,1.32752310342
0.0430274176307,-1.05069392346,1.32667807187
0.0459135949775,-1.05044301845,1.32669326382
0.0469273822801,-1.04900455518,1.32981197667
0.044542620782,-1.0492240284,1.32930882892
0.0435991470289,-1.05021197013,1.32776744601
0.044362203193,-1.05267469341,1.32444032317
0.0459452228653,-1.05319279012,1.32418937553
0.0437676550524,-1.05211587161,1.3262226263
0.0428999405776,-1.05062063714,1.32848497727
0.041625762134,-1.04891677428,1.33043027887
0.0437146046504,-1.04941428364,1.32853274435
0.0415150149955,-1.05032983128,1.32669965214
0.0418129852448,-1.05112387861,1.32617380939
0.041505144545,-1.05081714925,1.32682080842
0.0437406889108,-1.05016068933,1.32759607505
0.0435584507822,-1.04989389082,1.32713977625
0.0446658616393,-1.04996565754,1.32751307889
0.0451133066606,-1.0502509708,1.32740957375
0.0430228506593,-1.05065465993,1.32601170963
0.0424267025464,-1.04965761339,1.32808145492
0.0412666749799,-1.04976745906,1.32752864285
0.0431129238125,-1.04887870651,1.33046628501
0.042373156534,-1.04995990405,1.32786042138
0.0398107827394,-1.0501987417,1.3261766818
0.038686162691,-1.0514709524,1.32337376636
0.039377929798,-1.0502278071,1.32431363471
0.0420183931642,-1.04940894873,1.32693652219
0.0438661392745,-1.04818270836,1.32955658907
0.0419115484506,-1.04992566044,1.32601472233
0.0422010209653,-1.05008040861,1.32625108527
0.0416888666991,-1.05053870808,1.32526651039
0.0432072130675,-1.05076946745,1.32661169845
0.0435688872908,-1.05023283146,1.32710417728
0.0441759951504,-1.05049329067,1.3276813178
0.0427352071971,-1.04813250483,1.33128446794
0.043485228923,-1.04940688319,1.32910593419
0.0429789721532,-1.04857151441,1.32965559551
0.043723238701,-1.0496267907,1.32775242378
0.041844718188,-1.04844980949,1.32901935772
0.0415037988161,-1.04948158974,1.32748627708
0.041954729805,-1.05001300162,1.32827252919
0.0401755684982,-1.05156736731,1.32489321241
0.0415179829026,-1.05148425861,1.32476573113
0.0414578664435,-1.05036530987,1.32609048664
0.0439038080248,-1.04969031211,1.32858472403
0.0420521116838,-1.04938222332,1.3286830282
0.043472585731,-1.05043544219,1.32737521516
0.0421587555491,-1.04959120771,1.33043245717
0.0426191409515,-1.04894296128,1.33239088013
0.0410298495605,-1.0484336527,1.33261705339
0.0424142735694,-1.04913077551,1.32964651003
0.0444013881484,-1.04990813511,1.32943656943
0.0434418609402,-1.05050355896,1.32842508765
0.0441212691421,-1.05073046453,1.32896752359
0.0426623679252,-1.05112473352,1.32637760866
0.0451970892907,-1.05109200006,1.32605864436
0.0454181975173,-1.05022554864,1.32688874715
0.0449255619086,-1.05052062974,1.32732393211
0.0419435834627,-1.05155610627,1.32482430396
0.0400493471287,-1.05255502657,1.32354938928
0.0395322549272,-1.05139314205,1.32595743968
0.0401013506266,-1.05050848318,1.32776676496
0.0406427344326,-1.04922441531,1.32979683204
0.042890264134,-1.05054717039,1.32755338602
0.0435360216998,-1.05018051798,1.32832732077
0.0431886428098,-1.04987048993,1.32869773256
0.0407400177125,-1.04907324771,1.32904605524
0.0419074888677,-1.04870211768,1.3299935514
0.0433172156674,-1.04916146721,1.32861585508
0.0450277378686,-1.04914518075,1.32833742398
0.0442674207068,-1.04947417945,1.32745717211
0.0449028012406,-1.05094298117,1.32745904232
0.0436958389511,-1.05069018509,1.32900368981
0.0441023830419,-1.05037661808,1.33088000316
0.0434558872201,-1.04893496041,1.33105728425
0.0438021974094,-1.04883867501,1.32994931297
0.0437819436235,-1.05017540786,1.32642976584
0.0426336280147,-1.05059211329,1.32501170355
0.0437615242155,-1.05058454019,1.32574314334
0.0434614169746,-1.04955878814,1.32755849007
0.0458085618514,-1.050182379,1.3273108346
0.0447697800315,-1.05131512987,1.32591120583
0.0429191251744,-1.05314722615,1.32278534142
0.0376722262066,-1.05323090988,1.32188771202
0.0378817741874,-1.05113567496,1.32486556175
0.0399620027729,-1.04905000669,1.32852380184
0.0409780615481,-1.04797054538,1.33072624008
0.0431697198116,-1.04987720984,1.32801554527
0.0434527032738,-1.05099179917,1.32586880571
0.0458392046403,-1.05127170651,1.32579867839
0.0445961688217,-1.0499906091,1.3276731366
0.044184716788,-1.04892620153,1.33091539634
0.0431700945265,-1.0494401732,1.33039178747
0.0424871363452,-1.04972782188,1.33049014256
0.0445909084039,-1.05087206611,1.32775295228
0.0465493545606,-1.05198952495,1.32525896684
0.0466454811254,-1.05163438834,1.32510207122
0.0448901947179,-1.05064846268,1.32661223863
0.0439327969884,-1.04985873032,1.32866781364
0.0436785597114,-1.05037268388,1.32726176606
0.043422075972,-1.051306773,1.32556831067
0.0438756323083,-1.05058241646,1.32760032294
0.0452531852133,-1.0505903313,1.32894959931
0.0452660722388,-1.05074594936,1.32847095174
0.0454058049907,-1.05109446717,1.32732498903
0.0453844992845,-1.05149466608,1.32621509983
0.0443933263504,-1.0511634527,1.32704171842
0.0434475565364,-1.04987604856,1.32833937812
0.0403305165996,-1.04900910096,1.32814422334
0.043867321801,-1.04942394487,1.32856053902
0.044410314778,-1.05124632205,1.32639453331
0.0468635017123,-1.05146124942,1.3268030428
0.0443188765299,-1.05133946977,1.32612541736
0.0451837989252,-1.05053331323,1.3271847431
0.0463657499959,-1.04926506154,1.32933874192
0.0456111479926,-1.04778575754,1.33233937452
0.0441494682292,-1.047653249,1.33207120258
0.0430041899876,-1.04813492039,1.33076452267
0.0442194545136,-1.04873068301,1.32896750563
0.0431613348242,-1.04826834672,1.32909887525
0.0424167700875,-1.04921685643,1.32886609933
0.0430419081835,-1.04922162991,1.32916282231
0.0448253257685,-1.0500056413,1.32950406154
0.0462155476174,-1.05019249229,1.32844485302
0.0438863639444,-1.0515527724,1.32623686057
0.0445865250494,-1.05129596381,1.32536099107
0.043613586862,-1.05126164023,1.3259977048
0.0441120806601,-1.05030862197,1.32676112325
0.0429385856278,-1.04972219138,1.32782182249
0.0422681021882,-1.04893076959,1.32846719252
0.0435943778614,-1.04844358855,1.32950958863
0.0427916963176,-1.04942794569,1.32881871968
0.0433534873823,-1.04929118261,1.32898511665
0.0433494665553,-1.05030543844,1.32900423764
0.0419063171943,-1.0495726105,1.33016462816
0.0411133764071,-1.05037323735,1.32982341706
0.0402153866689,-1.04894594328,1.32984930247
0.0415510540427,-1.0488290721,1.32925484213
0.0443089946057,-1.05033002529,1.3276915619
0.043623382423,-1.05004513739,1.32973304154
0.0446317283084,-1.05079360095,1.3290352924
0.0420486225058,-1.05024956969,1.32815649385
0.0448535053707,-1.05119662394,1.32547142682
0.0438279534443,-1.05042228399,1.3258309523
0.0443857089038,-1.04982337183,1.32765549799
0.0428952972795,-1.05042711674,1.32755540344
0.0465054007781,-1.05116033335,1.32676491958
0.044454697544,-1.05174018407,1.32529872568
0.0428171713564,-1.05067831809,1.32633083581
0.0414741337568,-1.05053828366,1.32761323518
0.0445812285459,-1.04969796475,1.32980358833
0.0409936956375,-1.05034435144,1.32643974342
0.0407466780317,-1.05035172832,1.3252325315
0.0389338016706,-1.04993563728,1.32426001524
0.0457108714517,-1.04874771654,1.32898839695
0.045114599471,-1.04785313198,1.3307352563
0.0463119625597,-1.04835554005,1.33110469994
0.0454965162712,-1.04894676198,1.33016402052
0.0451475095653,-1.0495344248,1.32938611072
0.0431482008786,-1.04962254608,1.32835032447
0.0415124182661,-1.04875701393,1.32876127841
0.0418088938541,-1.04906835258,1.32898680553
0.0442026504195,-1.04956254158,1.32971134406
0.0453063939746,-1.05087074309,1.32892891726
0.0466474629518,-1.05136220082,1.32798330864
0.0460930776878,-1.04994837804,1.32934258583
0.0445025165921,-1.04854501983,1.33067955303
0.0427352811084,-1.04779246193,1.33168209572
0.0432462349404,-1.04816809515,1.33212170743
0.042761298767,-1.04987534499,1.32875901378
0.042558468607,-1.04963053932,1.32825855075
0.0419438492887,-1.04984676324,1.3271436118
0.0437940027366,-1.04946715178,1.32749051473
0.0414237958935,-1.05090054246,1.32518263491
0.0411003352035,-1.05130501494,1.32420271323
0.0426405043938,-1.05155551385,1.32597858727
0.0448473113413,-1.0496617557,1.32974467436
0.0458945030205,-1.04879823553,1.33091289839
0.0451043292465,-1.04872423976,1.33107577779
0.0456403435169,-1.04985469446,1.32875607806
0.0456315905831,-1.05053612024,1.32828242694
0.0442058615038,-1.05100660638,1.32727868842
0.0456015966839,-1.05105228248,1.32785106856
0.0429731434071,-1.05164196804,1.32590883739
0.0434725241227,-1.05086000218,1.32546152746
0.041938361466,-1.04998184952,1.32701793441
0.0410475189276,-1.04945151795,1.32725622471
0.0404327403058,-1.048807461,1.32945576475
0.0400257971427,-1.04941976669,1.3277290002
0.0429006293462,-1.04879450524,1.32941238796
0.0440621070239,-1.04970188809,1.32872545885
0.0421973679949,-1.0500546834,1.32700691443
0.0436097192087,-1.05193791961,1.32502807732
0.0425361721287,-1.05283626928,1.3221596021
0.0459321470121,-1.05187093704,1.32400205159
0.0443742314742,-1.05065253719,1.32639783493
0.0451974442877,-1.04906601685,1.32926224747
0.0441855151159,-1.05031987046,1.32846652866
0.0444830736228,-1.0507904771,1.32796173168
0.0443312250877,-1.05082967033,1.32786909396
0.0442257831903,-1.04992592368,1.32904998227
0.0449921755813,-1.04925883207,1.33000514002
0.0458811246655,-1.04983853418,1.32927865092
0.0453658229023,-1.04971870467,1.32960764314
0.0449657730286,-1.04958004104,1.32925444347
0.0436439749678,-1.04868466131,1.3307842346
0.0444212194881,-1.04914806838,1.33000806535
0.0451341740596,-1.0492930819,1.32934761735
0.0464500599701,-1.05018755558,1.32755843514
0.0471113486813,-1.04946269946,1.32976171044
0.0447816521673,-1.04983589249,1.32866479311
0.0422576658495,-1.0486287644,1.3299931152
0.0398167730076,-1.04987698201,1.32587938101
0.0408245933692,-1.05110209471,1.32415585771
0.0436410692049,-1.05271605807,1.32230351331
0.0452717253115,-1.05251732014,1.32490709921
0.0436825968041,-1.05000709225,1.32922433657
0.0406332515591,-1.04937893137,1.3306828032
0.0403414489323,-1.04832245169,1.33139768428
0.0405445119565,-1.04931821634,1.33012162766
0.0421967849563,-1.0486214788,1.33057044928
0.0430575170127,-1.04940160511,1.32962089063
0.0430284226567,-1.04848540247,1.33102414086
0.0437623993108,-1.04877944289,1.33094417466
0.0437886918961,-1.04841231908,1.33153906344
0.0466098349107,-1.04869526128,1.33085088727
0.0463933741435,-1.04960250059,1.32958130785
0.0464885069728,-1.05008190705,1.32848890426
0.0426332517797,-1.05097072955,1.32550416015
0.0403067078247,-1.05144958924,1.32381683649
0.038941116437,-1.0515204958,1.32270466533
0.0420316941198,-1.05108795497,1.32555190755
0.0453007531433,-1.05016574658,1.32760516477
0.0452589681356,-1.05097889381,1.32833969428
0.0436773691084,-1.05079105765,1.32857727858
0.0419659654143,-1.05036399898,1.33024027561
0.0426359352139,-1.04917654986,1.3296956488
0.0442573224116,-1.05018152907,1.32830359328
0.0455910415265,-1.05158517794,1.32566150641
0.0450842104415,-1.05095811272,1.32833093226
0.044192279374,-1.05000424072,1.32884030583
0.042744360424,-1.04953940578,1.3296776831
0.0436226759822,-1.04994958882,1.32912509524
0.0417134099568,-1.0502565649,1.32813463339
0.0412598128935,-1.05078667215,1.32688406481
0.0414304167799,-1.05142700628,1.32542811916
0.0418002667687,-1.05074433023,1.3267059729
0.0396608020607,-1.05051239737,1.32622703057
0.0398535544067,-1.05095536953,1.326312642
0.0407086199367,-1.05234174734,1.32476422402
0.0440124351757,-1.05098221335,1.32874274098
0.0447581505821,-1.04982694316,1.32965602548
0.0462934751399,-1.04950117205,1.33027290964
0.0446565742558,-1.04977017602,1.32814332469
0.0445068091493,-1.0493969276,1.32827193669
0.0454081039289,-1.04929695891,1.32870227708
0.0464347659231,-1.04991985873,1.32874906943
0.0447367528178,-1.05094101261,1.32814973183
0.0438053179756,-1.05117178823,1.32905711362
0.0446824316078,-1.0506651477,1.32860692992
0.0472733964078,-1.04987386504,1.32926866676
0.0465115361078,-1.04961284628,1.32826685554
0.0455164183382,-1.04928576415,1.32930988812
0.0433077540847,-1.0500631441,1.32927025368
0.0423186667959,-1.04965011395,1.32984509002
0.0420163489814,-1.05014853276,1.33032746476
0.0425405057604,-1.04972422327,1.33065222155
0.0432873974171,-1.04950347928,1.3310109317
0.0436580239534,-1.04931129052,1.32996445603
0.0423063990029,-1.04887003329,1.32963276628
0.0437271883306,-1.04895129052,1.32985129941
0.0433815847685,-1.04974559883,1.32957059311
0.0435865961046,-1.05053291941,1.32948995536
0.0427569884666,-1.05026818084,1.32902926005
0.043460798437,-1.0502523798,1.32905428456
0.0431080833086,-1.04994062455,1.32866143425
0.043672593561,-1.0499905512,1.32981523447
0.0441971083356,-1.05022481498,1.32904439215
0.044996105138,-1.05056289705,1.32925549781
0.0453202455112,-1.05132938559,1.32755088548
0.043741557872,-1.04992813987,1.3295150258
0.0418979298178,-1.04960371805,1.32895890109
0.0402329563142,-1.0490189706,1.32944968997
0.0384958512019,-1.04999288307,1.32717584651
0.0392468651541,-1.04931967317,1.32855204122
0.0408847953433,-1.04989351397,1.32841465029
0.043796880817,-1.04965024567,1.32992305617
0.0454490719542,-1.05091304782,1.32843010886
0.0453316556266,-1.04974775082,1.32918838357
0.044625331472,-1.04942239196,1.32910348187
0.0429105786137,-1.04916334055,1.32833418578
0.040445240139,-1.05149654321,1.32411199688
0.040425547735,-1.05112262179,1.32497212651
0.0428970741608,-1.05213536656,1.32372218544
0.0451199158427,-1.05045371174,1.32671425873
0.0445672150356,-1.05045049475,1.32594306542
0.0439157286564,-1.04813083591,1.32965017433
0.0445456371928,-1.04817836353,1.33120875131
0.0450573173851,-1.0490619578,1.33094102619
0.0441721591415,-1.05006791268,1.32970914072
0.0413697418984,-1.04939033067,1.32847135847
0.0408992434309,-1.0488656628,1.32905973984
0.0408958971633,-1.04790610957,1.33020154679
0.0410692228453,-1.04997681772,1.32692168846
0.0429470309286,-1.0503059724,1.32653004668
0.0427288420886,-1.05181048207,1.32432044938
0.0429384496294,-1.05076668265,1.32673774848
0.043159478329,-1.05055272706,1.32681598689
0.0437718863606,-1.0499578078,1.32710021012
0.0456846698079,-1.0487423892,1.32971603347
0.045414367048,-1.04852775969,1.33002488954
0.0460499540662,-1.04861516502,1.33102307108
0.0436525956772,-1.05016259978,1.32823528168
0.0419269333545,-1.05047766347,1.32787618023
0.0401036491131,-1.05152108424,1.32612989642
0.0418881285416,-1.05004914216,1.32978555398
0.0435629771817,-1.04993604368,1.3302189627
0.0437936476567,-1.04784424958,1.33347954698
0.0437277575399,-1.04875940852,1.33016322809
0.0440124155358,-1.04806934139,1.33112735643
0.0456036412942,-1.049149293,1.32893060904
0.0450718768835,-1.04964163513,1.3287976677
0.044374581078,-1.05097642666,1.32659548358
0.0425902162444,-1.05160727759,1.32530560397
0.0435958498303,-1.05098935517,1.32672982234
0.0430262356107,-1.05055535191,1.32790116641
0.0447795928046,-1.0501895357,1.32902701508
0.0450762514436,-1.04988789782,1.32916547183
0.0473874299712,-1.05123190195,1.32708987982
0.0483759893614,-1.05113794306,1.32791599782
0.0474339276039,-1.05149519331,1.32737886408
0.0455408709812,-1.04976401435,1.32876030774
0.0432342312779,-1.04950191356,1.32907098103
0.0430574301036,-1.04912915157,1.32957406829
0.0427366777961,-1.04964533382,1.33065762357
0.0448549851425,-1.04979468326,1.33051385085
0.0455763235219,-1.0502842875,1.33036995279
0.0464598296961,-1.04938020347,1.33046837737
0.0457804379394,-1.04873483035,1.33051973619
0.0450046378235,-1.0480298199,1.3303999197
0.0447887589876,-1.04741991834,1.33099936176
0.0453317812063,-1.04721753613,1.33171072537
0.0463413723766,-1.04888894753,1.33101886334
0.0452037718445,-1.05038501583,1.329426509
0.0447407446618,-1.05064607626,1.32983801385
0.0443224460121,-1.05123106029,1.32841757835
0.0439511572852,-1.05090115903,1.32787009096
0.0419600572428,-1.05101384479,1.32675154395
0.0419548201099,-1.04891753489,1.32971478206
0.0430911904386,-1.04819611127,1.33166371819
0.0443534623619,-1.04892590514,1.33066268379
0.0416080482153,-1.05012408129,1.32732856615
0.0410036546306,-1.05050442871,1.3265292341
0.0411271115973,-1.05035540268,1.32804782097
0.0435205147706,-1.05104251132,1.32802351241
0.0443387267126,-1.05149706865,1.32759982694
0.0430140285523,-1.05024646354,1.32843638077
0.0435832502721,-1.0493862593,1.33046664105
0.0430248387005,-1.04880122691,1.33171146745
0.0445246957348,-1.050438024,1.3283972467
0.0441703324813,-1.05022262773,1.32724188163
0.0452806299757,-1.05061543326,1.32618866229
0.0459134037807,-1.0497072512,1.32769810984
0.0438465533952,-1.0497376204,1.32709533211
0.0428613971156,-1.04978808573,1.32705929292
0.0426369306816,-1.04959364306,1.32855878558
0.0447678213359,-1.04933719749,1.33027678865
0.0442926767869,-1.0490305139,1.33010663009
0.0435584979158,-1.04896707126,1.33039234789
0.0427015932317,-1.04890084378,1.33128035898
0.0443321706172,-1.04890131536,1.3323755327
0.0441266590169,-1.04919807881,1.32997256772
0.0440513561999,-1.04874752911,1.32984774596
0.042385351037,-1.04899274165,1.33048114051
0.0412437800406,-1.0490822909,1.33217007386
0.0404283485671,-1.04910520694,1.3316367664
0.0414797770546,-1.04842915644,1.33113630927
0.0435255570613,-1.04819796768,1.33008527442
0.0456143509414,-1.04854392245,1.32976550952
0.0450073671016,-1.04886204072,1.32877337383
0.0430063728845,-1.04855471723,1.32985390558
0.0429464270951,-1.04815314315,1.33108312855
0.044246575963,-1.04927958691,1.33136351215
0.0464486833921,-1.05078106626,1.32872084009
0.0476199659059,-1.05154984664,1.32733642929
0.048023611594,-1.05099737488,1.32662855566
0.0464063931036,-1.05123519239,1.32633461204
0.0455765635931,-1.05046983172,1.32780892474
0.0427562728476,-1.05083462602,1.32661366275
0.0436247716849,-1.04911276274,1.32975046728
0.0423948001718,-1.04864245445,1.33098107491
0.0443020124256,-1.04775066326,1.33353701161
0.0443293598702,-1.04914756493,1.33137361159
0.0462073614618,-1.05053999893,1.32911859423
0.0438484862969,-1.04984138278,1.32910812298
0.0441967131308,-1.04960372261,1.32934658942
0.0437636200093,-1.049572956,1.33012223128
0.0450147336603,-1.05129301875,1.32865143623
0.0434934952727,-1.05051494497,1.33037544418
0.0433211874452,-1.04937686289,1.331533385
0.0433827028913,-1.04968823454,1.33027729171
0.0436639344349,-1.05021340959,1.32943760302
0.0424930290916,-1.05086546263,1.32770747184
0.0429773412812,-1.05018700529,1.3289197766
0.0434134267583,-1.04943119321,1.32864720531
0.042944295542,-1.04888556201,1.32873772003
0.0423622694769,-1.04868618577,1.32881329708
0.0430385070278,-1.04918344903,1.32949173554
0.0437261032324,-1.05010764836,1.32923015899
0.0447903975218,-1.04939722714,1.33058006939
0.0440399077218,-1.04870316139,1.33048762701
0.0446387722274,-1.04831442721,1.33077245387
0.0411959263829,-1.0494724533,1.32745924753
0.0417639382766,-1.05112255834,1.32645564651
0.0407436403768,-1.05119059374,1.32626547338
0.0430640764566,-1.05085929402,1.32878316249
0.0440426520522,-1.05027172916,1.32940107322
0.0447555729417,-1.04998969124,1.32953047184
0.0437461984522,-1.05002478067,1.32815565233
0.0418264564117,-1.04942604767,1.32844520587
0.0407099903237,-1.04985932632,1.32829437212
0.0430923056603,-1.04917640477,1.3304829705
0.0437010846425,-1.04896725382,1.33080587466
0.0439317286323,-1.04949459327,1.33041808834
0.0424761413791,-1.04926544003,1.33109645859
0.0426301550239,-1.05050384228,1.32912619008
0.0425984015703,-1.05034967212,1.32776799406
0.0442330553946,-1.05137220807,1.32649503595
0.0453006621974,-1.0502282244,1.32853795948
0.0446547646563,-1.04938877357,1.33150193398
0.0431443701158,-1.04840101932,1.33152883119
0.0419949399822,-1.0494256779,1.33043243004
0.043888942418,-1.04923741701,1.33032648321
0.042948229399,-1.05026432277,1.32855123449
0.043238404067,-1.0499784181,1.32772533851
0.0439503131917,-1.05082303832,1.32610362029
0.0452646238329,-1.0493014164,1.33051635079
0.0442215476764,-1.0485026393,1.33217687103
0.0424692830301,-1.04731113463,1.33393835349
0.0448119491829,-1.04909174276,1.33011645756
0.0449653209152,-1.04978114238,1.32841496965
0.0460058019737,-1.05087791301,1.3274794321
0.0457477193811,-1.05124064826,1.32583677709
0.0477096096904,-1.05130171679,1.32735425248
0.0459209521232,-1.05089726809,1.32787626623
0.0427979624773,-1.04949160495,1.33221480416
0.0413393227998,-1.04901554015,1.33148149693
0.0430644622405,-1.04900170979,1.33111556523
0.0435470497515,-1.04944512744,1.32852648439
0.0434376268629,-1.04975721929,1.32773339691
0.0441491209739,-1.05000209522,1.32810594748
0.0450546359617,-1.04905194766,1.33053536755
0.044645161241,-1.04849775489,1.33166820612
0.0441523071026,-1.04845753638,1.33096233968
0.0430209626139,-1.04851460205,1.33027471649
0.0432001572321,-1.04933055319,1.33096492333
0.0424318916584,-1.04885081463,1.33085775485
0.0440850219143,-1.0499949019,1.33090312637
0.0432828524296,-1.04887594299,1.33205607614
0.0452021743827,-1.04972144692,1.33157603657
0.0441939493511,-1.04879720577,1.33093018034
0.0454396997334,-1.0490936955,1.32939992962
0.0435628737756,-1.04862029747,1.32917546505
0.0436402235482,-1.04861773538,1.32943622851
0.0435241557057,-1.04940394061,1.32840890769
0.0408729683066,-1.05063279247,1.32575496624
0.0418863958458,-1.05087721956,1.32506769736
0.041581277168,-1.05031386808,1.32645294551
0.0409967657854,-1.04970582634,1.3272538351
0.040671409655,-1.05014226821,1.32655630187
0.041218791778,-1.05047500843,1.32663005387
0.0450136671493,-1.04991777101,1.32875410269
0.0434978723235,-1.05003185009,1.32920308059
0.0405643735658,-1.05101811054,1.32544955888
0.0407471214106,-1.05107714374,1.32653305966
0.0423526035473,-1.05060249582,1.32727308427
0.0462310330022,-1.04943653189,1.33069397887
0.0447007110824,-1.04917373821,1.32994499702
0.0445392551542,-1.05018323772,1.32799105116
0.0436618853855,-1.05029335436,1.32791783593
0.0428204422041,-1.05106383368,1.32562742957
0.0423005506438,-1.05023269971,1.32732449335
0.042108819153,-1.05037153385,1.32704442078
0.0418026590546,-1.04937187092,1.32920187108
0.0425460775421,-1.04977346167,1.32937485871
0.0415485403721,-1.0501394325,1.32750702738
0.043509649458,-1.05043861732,1.32761220057
0.0423512759643,-1.05022118253,1.32702663026
0.0439303823225,-1.04957293489,1.32916747607
0.0436546864221,-1.04917297697,1.33131908321
0.043749996037,-1.04931917346,1.33222838318
0.0447535609728,-1.04906467744,1.33267060054
0.0446747941095,-1.04970233541,1.33087172499
0.0456466041454,-1.05039463782,1.33027831804
0.0444758743568,-1.05065634679,1.32955922266
0.0435653987523,-1.04958596298,1.33047450897
0.0431718569853,-1.04904491403,1.32970954667
0.044434588544,-1.04918272113,1.33032316456
0.0470238117262,-1.04960061389,1.33039995035
0.0456114948267,-1.04960032079,1.33003309825
0.0442282801088,-1.04943563024,1.32985662174
0.0413039905587,-1.05081313018,1.32582488248
0.0432068576191,-1.05152150659,1.32607416899
0.0435514044798,-1.0526658931,1.32375048508
0.0449880760115,-1.0524075201,1.32615795292
0.0455671524534,-1.05164219827,1.32758981561
0.0442498136546,-1.0507675591,1.32972644996
0.0437319944032,-1.05037743656,1.33016399361
0.042590327114,-1.05025652155,1.33013100234
0.0426182275718,-1.04895824912,1.33208058464
0.0426057898582,-1.04805066697,1.33204841976
0.0424603206852,-1.0475007827,1.33173987298
0.0437247930728,-1.04859936774,1.33040908616
0.0447728606731,-1.04938732504,1.33029207155
0.0450921647997,-1.04951446687,1.33042487909
0.0454394171976,-1.0484525638,1.33114598831
0.043759320193,-1.0482603664,1.33056156651
0.0431020516257,-1.04777750481,1.33180508134
0.0429012357515,-1.05032687264,1.32834793034
0.0447307351448,-1.05083548482,1.3284001605
0.0427298798892,-1.05317153745,1.32329090387
0.0403382795722,-1.05112357927,1.32558464532
0.0416231950972,-1.0509013006,1.32536001169
0.0460367628849,-1.05013193818,1.32885219516
0.0484029363555,-1.05114693304,1.32841421979
0.0446619057016,-1.0522099677,1.32598529995
0.0438617085369,-1.05141861586,1.32565273903
0.0438236769466,-1.05100857514,1.32617945089
0.0471201239077,-1.04987012021,1.32973475786
0.0457378555642,-1.05031376467,1.32976549987
0.0442897186644,-1.05038478503,1.32912410694
0.0413254221043,-1.05014476811,1.32826140184
0.0385825031271,-1.04992392079,1.3279805937
0.039026075715,-1.04998445699,1.32740161685
0.039527177891,-1.05053055339,1.32724597031
0.0432770214792,-1.05054130144,1.32759782113
0.0416541932601,-1.0516457952,1.32580461636
0.0410970440678,-1.051126155,1.32661985383
0.0375570612078,-1.05195226911,1.32256646676
0.0393710981453,-1.05070727217,1.32568466615
0.0406494463796,-1.05051613744,1.32677210447
0.0422101685741,-1.04867416297,1.33288534086
0.0421113482731,-1.04872685224,1.33272601796
0.0422694200389,-1.04874678191,1.33215330698
0.0433224697489,-1.05017119477,1.33086997056
0.043134020081,-1.04925133883,1.33245305666
0.0440809697051,-1.04975104433,1.33257952793
0.0427998262065,-1.04993372254,1.33082549656
0.0438470891335,-1.04985378869,1.32988746834
0.0422962018833,-1.04994114856,1.32899276787
0.042510126527,-1.05046538362,1.32727969997
0.0380769124101,-1.05197329169,1.3243840328
0.0369217358989,-1.05239516926,1.32375352875
0.0375078375268,-1.0518776482,1.32576309541
0.0421328144298,-1.05081323617,1.32884832241
0.0457253770713,-1.0495407796,1.33020424163
0.0443009479553,-1.04908813996,1.32970699442
0.0416476568667,-1.04894500039,1.33020939532
0.0400169960908,-1.05025583194,1.32987364684
0.0399866655239,-1.05084462398,1.32928777802
0.0413210815187,-1.05226000652,1.32610375949
0.0441177359039,-1.05114587023,1.32683590113
0.0448485856272,-1.04985324227,1.32895541204
0.0458756788259,-1.04933935478,1.33122941242
0.0418791610808,-1.04974669301,1.3304284041
0.0430932951901,-1.05021675232,1.33030979519
0.0436199660208,-1.05123656172,1.32815063524
0.0448967076874,-1.05107913837,1.32823416926
0.0460715027526,-1.05107292319,1.32806655049
0.0441383609802,-1.04912628573,1.33096186509
0.0457889347565,-1.04963643065,1.32978026834
0.0432951094635,-1.04917141542,1.33020754568
0.043999398777,-1.05028663217,1.32699074132
0.0416881356467,-1.05077117722,1.32732544953
0.0421029494111,-1.05094953328,1.32798184479
0.0415814716333,-1.05002028222,1.32990904486
0.0410072641722,-1.04886178828,1.3312252208
0.0410189096715,-1.0486402595,1.32993282244
0.0422287066296,-1.04953713125,1.32911174576
0.0426102303431,-1.05075965148,1.32776314935
0.0429932091625,-1.05113738085,1.32866110147
0.0427871516718,-1.05123593934,1.32937931858
0.0428085678473,-1.05043618825,1.33000058222
0.0418259056427,-1.05067913359,1.3285802386
0.0417024522686,-1.05063449857,1.3287144567
0.0414266195628,-1.05103368435,1.32847610916
0.0435087285971,-1.05083272434,1.33027503878
0.044048293301,-1.04993820382,1.33167127195
0.0440568179324,-1.04866671996,1.33306018345
0.043170607695,-1.04901857111,1.33132946042
0.0426754063532,-1.04960268866,1.32942685875
0.0427651486971,-1.05009111646,1.32917563905
0.0429220096162,-1.04968939404,1.32939364539
0.0421212221069,-1.04907990258,1.32999687122
0.0416614819086,-1.04921796391,1.33004530037
0.0420941992978,-1.04913462417,1.3315682226
0.0438958118475,-1.05040693723,1.3306419005
0.0454846485631,-1.05085979046,1.33039878493
0.0459274311542,-1.05071501183,1.33067692243
0.0453512774721,-1.05030936957,1.33065776571
0.0455730253651,-1.04963464893,1.33113596986
0.0447977837778,-1.05106380178,1.32745251035
0.0419042807227,-1.05228532901,1.32501792189
0.0425821733973,-1.05254515922,1.32394903971
0.0426718033688,-1.05142925719,1.32647933238
0.0444348672752,-1.04969379756,1.32928099715
0.0437013177996,-1.0500123307,1.33031612403
0.0442283613302,-1.0506662201,1.32885689881
0.0401845521363,-1.05110459206,1.3257199472
0.0358476610767,-1.05160701577,1.32148193241
0.0353146749229,-1.05059978759,1.32406444346
0.0403145104456,-1.0500499296,1.32835478527
0.0421829915584,-1.04865528225,1.33173500163
0.042973819149,-1.04896846122,1.33080878351
0.0422155775138,-1.04883972079,1.33085577048
0.0440024414367,-1.04952828378,1.33020300372
0.0445383671233,-1.04997241663,1.32964535213
0.0439986381872,-1.05077234734,1.32781993332
0.0437289519297,-1.05068143434,1.3283607471
0.0407707453022,-1.05117656909,1.32657934934
0.0417754656221,-1.05120298343,1.32681318932
0.042864878953,-1.05089753133,1.32780628633
0.0444483055594,-1.04980952167,1.33011059085
0.0454820912885,-1.04872402498,1.3322573389
0.0441620610091,-1.04828171342,1.33178902402
0.0431266988849,-1.04793753102,1.33207892382
0.0412452664715,-1.04869359099,1.33161607604
0.0413173477559,-1.04935106425,1.33074571705
0.0411543199831,-1.04905530363,1.3312169948
0.040990299745,-1.04910872957,1.33013446274
0.0408685603399,-1.04827035648,1.33205938834
0.0425608864223,-1.04930303311,1.33112724726
0.0445888570489,-1.04938728361,1.33029994111
0.0410259479395,-1.05155299697,1.32471186427
0.0409754871468,-1.05089209195,1.32503098418
0.0382764715974,-1.05105576541,1.32489004876
0.0431379668476,-1.05062980803,1.32752214031
0.0434768022113,-1.05023802648,1.32746639241
0.0467158451954,-1.04952482226,1.32875644227
0.0463969066699,-1.0491030851,1.33053619629
0.0478087885105,-1.05027550485,1.32987328491
0.0463358376086,-1.05106910536,1.33000012826
0.0456420484916,-1.05097168484,1.32832696232
0.0427918879605,-1.05055100921,1.32906659079
0.0429171689593,-1.04903597702,1.33011531128
0.0410913164406,-1.04910446579,1.32991879153
0.0415043524692,-1.04918488483,1.32927569655
0.0405383523459,-1.05025072719,1.32700769266
0.0427437223236,-1.05022922396,1.32830526077
0.0438252041608,-1.04995835577,1.32989229081
0.0436331906476,-1.05027993778,1.33093040773
0.0420540007461,-1.04969309267,1.33098694759
0.0422651837615,-1.04982083945,1.32993333218
0.0436933863047,-1.04939748082,1.33027797523
0.0464233590563,-1.04983608368,1.33055242937
0.042644165858,-1.05019958873,1.32911714219
0.0405052368707,-1.05121570951,1.32621192243
0.0392572191911,-1.05060520947,1.32544909648
0.0405807057504,-1.05122945034,1.32363367472
0.0434554666965,-1.05017283132,1.32672792714
0.0424241773055,-1.05043801082,1.32696954439
0.0423265572909,-1.04989405682,1.32892053973
0.0400590970568,-1.04932211432,1.32895461189
0.0398428066729,-1.05013874962,1.32762439639
0.0416975965073,-1.04946735263,1.32946560327
0.041689774544,-1.05051658835,1.32802175111
0.0433709056061,-1.04992428637,1.33033558357
0.0397630132176,-1.05081963068,1.32661832074
0.0381995947702,-1.05160648713,1.32500788926
0.0362151810677,-1.05046124367,1.32526662297
0.0390079551048,-1.04854704543,1.3282326289
0.0394910692021,-1.04843504339,1.32824227175
0.0408863366559,-1.04928035373,1.32778093673
0.0427348447378,-1.05054373577,1.32880006072
0.0445009148387,-1.04916862765,1.33097043362
0.0455965752292,-1.04867787394,1.33129603486
0.0425339729637,-1.04845048373,1.33060630204
0.0440894415473,-1.04829528588,1.33180356382
0.0436512150048,-1.04975587704,1.3311334666
0.0459335473754,-1.04965213817,1.33229635945
0.0429985521515,-1.04894352725,1.33168767028
0.0432140816819,-1.04866331238,1.33116266579
0.0427105543486,-1.04983648985,1.32909285694
0.0449827045308,-1.05123334296,1.32856677906
0.0446230120839,-1.05102440292,1.3281839847
0.0442575829955,-1.04954264215,1.3299386725
0.0428526222675,-1.05037630836,1.32904889023
0.0420557946525,-1.04982650681,1.329978385
0.0436919086465,-1.05014900968,1.33064974903
0.0435684240129,-1.04926013985,1.33182113672
0.0429153868237,-1.05004191611,1.33110465075
0.0414404376546,-1.05051922521,1.32934422418
0.0401654409667,-1.04969324313,1.33013556421
0.0419946067054,-1.04935725552,1.32978831147
0.0414010513335,-1.04859185506,1.33026197402
0.0434329133874,-1.04950823406,1.32900976489
0.0428260472191,-1.04959408929,1.32962159261
0.0422552200617,-1.04941628396,1.33009344553
0.0427240306346,-1.04880641908,1.33048728866
0.0427786078739,-1.04882165361,1.33061611419
0.0424476621183,-1.04948315594,1.32892770084
0.0420961793868,-1.04997263409,1.32823608171
0.0426074325785,-1.05017392186,1.32863422988
0.0442726990365,-1.04973083334,1.3308301763
0.0433592512913,-1.04979687129,1.33145659663
0.042768978301,-1.04970473536,1.33138417466
0.0422869378412,-1.04931902844,1.3315040648
0.0426821190334,-1.04898541129,1.33169639822
0.0414424435876,-1.0481263212,1.33200277893
0.0393856794542,-1.04947412284,1.32818830575
0.0379706975645,-1.05013355874,1.3252640243
0.0381962525515,-1.04966137047,1.32598230318
0.040280286745,-1.04923150101,1.32804884115
0.0442284515882,-1.04819166368,1.33123941105
0.0443639407016,-1.04888907835,1.33052853944
0.0457485973445,-1.0491132338,1.33022582555
0.0432964779593,-1.04923535695,1.32977906319
0.0455855449704,-1.04928496325,1.32922501262
0.0426192192129,-1.04907394477,1.32934084591
0.0455731006983,-1.05023682648,1.32838868504
0.0434778142488,-1.0505741431,1.32782674691
0.0415689800071,-1.05158758388,1.32401323926
0.0397355840049,-1.04989715453,1.32596838545
0.0403055698121,-1.04938585148,1.32722651482
0.0444436648525,-1.04827540599,1.33155349999
0.0428614126187,-1.04856583096,1.33106826281
0.0419380736768,-1.04942239167,1.33021616836
0.042073090266,-1.04964438104,1.33045697903
0.0424189584654,-1.0493309954,1.33222035195
0.0455235797515,-1.04905328205,1.33287452894
0.0450781572278,-1.04906499341,1.33170090215
0.0447897127001,-1.04961988977,1.3292048887
0.0431222111805,-1.05007286754,1.32821234364
0.0427439443042,-1.04974160985,1.33031425954
0.0423364812246,-1.04978206309,1.33033783913
0.0425614824609,-1.04912842618,1.33177021625
0.0419402191523,-1.049710253,1.32900291894
0.0445678222601,-1.05015165085,1.32985180182
0.0434716408537,-1.04938028599,1.32904104926
0.045539076758,-1.04886958756,1.33021942024
0.0418943085124,-1.04805305152,1.3305286875
0.0431750623502,-1.04886985485,1.3302515255
0.0419026052001,-1.04860841396,1.33043749121
0.0441947742298,-1.04866300757,1.33046998893
0.0420426179036,-1.04857296386,1.33052666581
0.0427263207137,-1.04918701988,1.33086837732
0.0415320226377,-1.05075665357,1.32824930145
0.0445127669476,-1.05120949653,1.32865487758
0.0436890972746,-1.05092012685,1.32873990132
0.0440852158362,-1.05061466115,1.32876292261
0.0422023532194,-1.04980198749,1.32974153759
0.0440873122096,-1.05104314459,1.32796568824
0.0450537691394,-1.05023187689,1.33025775364
0.0468024477782,-1.05055020598,1.32871935301
0.0454508215699,-1.04920323587,1.33106943188
0.0442867451072,-1.04950716617,1.33002518672
0.0411354871224,-1.04997346136,1.32913574575
0.0419232756456,-1.04976912624,1.3292477317
0.0425245862024,-1.04907122961,1.33007703434
0.0423423267874,-1.04965349132,1.32938097759
0.0426425031869,-1.05076703392,1.32746237464
0.0432366461983,-1.05112459466,1.32674030251
0.0469346933726,-1.04949486774,1.32985500426
0.0457319137059,-1.04932905461,1.32981959558
0.0450407195799,-1.04847404813,1.33151192459
0.0435820941133,-1.04840570687,1.33140170668
0.0406689436124,-1.04887287962,1.32908037945
0.0412527883476,-1.05022071718,1.32815589562
0.0424808056189,-1.05123671498,1.32707055651
0.0448994637199,-1.04967297075,1.33078949064
0.0442432966177,-1.05082045649,1.32762608755
0.041722577639,-1.05001853319,1.3282293453
0.0432582595733,-1.05091613076,1.32676303011
0.0428174528093,-1.04946951697,1.33044174946
0.0434921604149,-1.04987466755,1.32982633228
0.0440034149527,-1.04985621029,1.33075476802
0.0446180765869,-1.050133099,1.33002288351
0.0459317223122,-1.05103226014,1.32882945796
0.0441015454772,-1.05095499815,1.32817522143
0.0442350010425,-1.05057006236,1.32850315844
0.0433814356998,-1.049494027,1.32967564579
0.0447339219011,-1.04967624652,1.33043284944
0.0425345770366,-1.04988945048,1.32992914918
0.0429535540863,-1.04995493361,1.3298402692
0.0430083382008,-1.04991900889,1.32993603852
0.0463526719075,-1.04972911755,1.33133504892
0.0468400342802,-1.0504118513,1.33209475221
0.0444622024596,-1.04956427536,1.33225881424
0.0421957387004,-1.05012704736,1.32922420724
0.0411174804015,-1.04848053491,1.33115225624
0.0424508754257,-1.04922010057,1.33071328118
0.0426910184096,-1.04801117626,1.3327484284
0.0419952462317,-1.04991078008,1.32904521973
0.0414261456755,-1.0497507056,1.32907992419
0.0429565202143,-1.05061939732,1.32808074807
0.0452875773547,-1.05049503047,1.32885340187
0.0451147039277,-1.0499777547,1.32845318632
0.0449112280763,-1.04961775338,1.32897633649
0.0440969165147,-1.04938849156,1.32957188955
0.0432108629579,-1.05185466349,1.3261969401
0.0379202416357,-1.05294203336,1.32168983307
0.0375082615219,-1.05206444222,1.32301266137
0.0394218074251,-1.05062216652,1.32563023746
0.0457771270649,-1.04940751034,1.33016967494
0.0464704809748,-1.04995911349,1.32820704089
0.0431974235836,-1.04812292861,1.33125479081
0.0397268425464,-1.04987915313,1.32860146023
0.0365301479776,-1.05084706204,1.32580389101
0.040647661023,-1.052030776,1.32386670036
0.0425834556373,-1.05033356623,1.32648461218
0.0455635856067,-1.0485111083,1.32957860907
0.0446002414032,-1.0483503637,1.32996450204
0.0437554673159,-1.04784778826,1.33109019671
0.0439448345596,-1.04916658207,1.3303548396
0.0436768058454,-1.05049165109,1.328041763
0.0466708610103,-1.05179113797,1.32595163164
0.04650893789,-1.05243691459,1.32635221085
0.0464138310856,-1.05049809176,1.32994417793
0.0445274991384,-1.04932969062,1.33277986435
0.0396317959043,-1.0490818211,1.33084845446
0.0374916334163,-1.0500303743,1.32872666262
0.0379200853113,-1.05071097562,1.32653792605
0.0437292178689,-1.04977308017,1.32949815252
0.0463289588249,-1.05020544853,1.32923239867
0.0447364893981,-1.04978062316,1.33148795349
0.0434284607949,-1.04980052507,1.33139422375
0.0431433626966,-1.04994404211,1.33154824879
0.0424362075201,-1.05236857731,1.32610889509
0.0433953558169,-1.05278247361,1.32658902644
0.0415947310407,-1.0534498915,1.32436126712
0.0437250992977,-1.05261425962,1.32665302001
0.0418478108217,-1.05211560376,1.32606166443
0.0438307591068,-1.05059783762,1.32975689243
0.0431448150637,-1.04948249996,1.33111155771
0.04325004905,-1.05018989917,1.32915304933
0.0411288596938,-1.05053619236,1.329175418
0.0408916108814,-1.05009074353,1.32972943083
0.0418189410038,-1.04968516801,1.32982160019
0.0424493587044,-1.04944386146,1.32900605969
0.0450328663602,-1.05009674211,1.32849777525
0.0431843914047,-1.05001360862,1.33029378892
0.0441821601327,-1.04997057605,1.33106318444
0.0416049452891,-1.04941900201,1.33028646668
0.0433663845431,-1.04977225195,1.33032352527
0.0418845792292,-1.04842046276,1.33151756413
0.0423801644687,-1.04810406588,1.3331311179
0.0398237687291,-1.04827283378,1.33035604552
0.0415576400084,-1.05007119641,1.32794289901
0.0414548846333,-1.05097431213,1.32583175288
0.0433586403003,-1.05070180803,1.32829077573
0.044228043963,-1.05088308737,1.32747362691
0.0434833816688,-1.05028986294,1.32913288819
0.0452653987784,-1.04961118686,1.32970268793
0.0454139659066,-1.05070915477,1.32875317621
0.0459693370464,-1.05150591365,1.32757041056
0.0428926708996,-1.05201512688,1.32804634569
0.0424276448282,-1.05055184615,1.33089413271
0.0418173762428,-1.04941713162,1.33262679839
0.0427534274532,-1.04884810524,1.33189705588
0.040704064579,-1.04975572702,1.3302634175
0.041655083343,-1.05086304739,1.32846056749
0.0443541093012,-1.05170450404,1.32715999206
0.0450495362241,-1.04968873505,1.33036603178
0.0459701767251,-1.0504035478,1.32962117725
0.0442834238796,-1.05019365679,1.32998165643
0.0450271037834,-1.05010129772,1.32866590115
0.0444265639518,-1.0475685085,1.33120450645
0.0435703197111,-1.04778723938,1.33183293561
0.0435834211001,-1.04937590072,1.33029313332
0.0414883913513,-1.0513318409,1.32859414005
0.042039706385,-1.05052706881,1.32858285821
0.042380493351,-1.04928595196,1.33101952116
0.0440042141953,-1.04876784435,1.33293629016
0.04080478701,-1.04946671681,1.33039967698
0.0403401941927,-1.04924411789,1.33011781774
0.0397877022594,-1.0488280589,1.32939357965
0.0434362646584,-1.04867794358,1.33186904519
0.0423864550213,-1.04949678564,1.33174085648
0.042207367087,-1.04927730288,1.33155923864
0.0420643011937,-1.04863390885,1.33253778795
0.0436150576426,-1.04845253457,1.33256665811
0.0456086667408,-1.0490940172,1.33251692018
0.0450315550621,-1.05005963296,1.33184331495
0.044455999344,-1.0498545121,1.33165347007
0.0446719240249,-1.04964797593,1.33189974522
0.0453057674481,-1.04912288009,1.33147150364
0.0462744552892,-1.05004887,1.33072957333
0.0460658720771,-1.04972476312,1.3309575162
0.0439837644191,-1.04950000725,1.33175824467
0.0427358102049,-1.04920547658,1.33107421653
0.0389344607884,-1.050188052,1.3279549256
0.0415073622333,-1.05031434281,1.32811489351
0.0407513874158,-1.04962789695,1.32958283206
0.0433002139931,-1.04902778117,1.33182099008
0.0429051125191,-1.04979276622,1.33068085474
0.0452501136956,-1.05004987054,1.33076556512
0.0448858052068,-1.0501926889,1.33037913808
0.0429213036656,-1.05071961554,1.32870781199
0.040999199611,-1.05093014481,1.32728392861
0.0393818962771,-1.05071667182,1.32750120221
0.0408079394824,-1.04974792473,1.32979754312
0.0409683659236,-1.05038793541,1.32856561757
0.0429631652162,-1.05061539087,1.32810719572
0.0419489567479,-1.04973756116,1.32872081711
0.0437276466394,-1.04850888731,1.33100714172
0.0427107871444,-1.04731693911,1.33201448865
0.0442956850189,-1.04837283307,1.33061580346
0.0434155400378,-1.05008849283,1.32826349561
0.044528714318,-1.05083089837,1.32847850446
0.0438056985038,-1.05089322669,1.32852280502
0.0432102217097,-1.04953271046,1.33088225638
0.0436689680102,-1.04957405884,1.33122835811
0.0442076177516,-1.04833962691,1.33347462751
0.0475652757026,-1.04926865492,1.33231591355
0.0467414066497,-1.04958417057,1.33271281547
0.0466185501294,-1.05100253859,1.33034571468
0.0461187449649,-1.05059804312,1.32999394183
0.0454222758164,-1.05041530293,1.32853590531
0.0420145554128,-1.0506482986,1.3259967134
0.0400550970781,-1.05006226645,1.32807226569
0.042165014372,-1.05055037759,1.32756105204
0.0450672828768,-1.04897106742,1.33096413765
0.0432226423457,-1.04899337193,1.32974342671
0.042441128741,-1.04890576987,1.3303467838
0.0428439138931,-1.04889381363,1.33094713469
0.043623992471,-1.0500201051,1.3296854969
0.0435485153544,-1.04941908561,1.33104241529
0.0426212537135,-1.05085156597,1.33067068029
0.042166592278,-1.04972004613,1.33100127233
0.0406453178087,-1.04859041306,1.3329853995
0.0415292989749,-1.04800987309,1.33318343072
0.0430024407032,-1.04740105696,1.33503143415
0.0447135293073,-1.04913967835,1.3308955081
0.0456317478258,-1.04829967928,1.33160065328
0.0454482032654,-1.04940589076,1.33130398387
0.0450409598545,-1.0481021507,1.33324360887
0.0433699348015,-1.04792657356,1.33435500501
0.0425767879706,-1.04805541158,1.33304254836
0.0427161487709,-1.04912225917,1.33176021469
0.0415786378257,-1.04992773773,1.32979723642
0.042366321497,-1.05005839795,1.32920884415
0.0405916569769,-1.04955669074,1.3297895656
0.0406387543951,-1.04925181886,1.32895183953
0.0402888345568,-1.04971999498,1.32948256383
0.0419100642774,-1.04945126534,1.33023913405
0.042754917743,-1.04876235132,1.3328807812
0.0428879868636,-1.04751868434,1.33317001539
0.0428989215877,-1.04865018345,1.33126237338
0.0434285372383,-1.0498275468,1.32897039525
0.0425301290752,-1.05015212319,1.32986502026
0.0426637466485,-1.04995198508,1.33090604046
0.0428710883959,-1.05040250436,1.33113300816
0.0440380762715,-1.05041436142,1.32938693292
0.0424837536878,-1.04987380173,1.32902165977
0.0419272746587,-1.04871157399,1.33067021793
0.0409774017382,-1.04806593737,1.33225872443
0.0420425554955,-1.04893989895,1.33154667967
0.0436186928939,-1.05008459336,1.32969981627
0.0445191099185,-1.05138183169,1.32859833574
0.0449564009395,-1.05074807574,1.32966773539
0.0432011044561,-1.04908528536,1.33161157477
0.0422751820681,-1.0485037592,1.33299467579
0.0422712548819,-1.04854630609,1.33344923061
0.0443094660431,-1.05042440227,1.33151098947
0.0442866738952,-1.05054513253,1.33077394882
0.0448232031077,-1.05030216032,1.33108998371
0.0430821874935,-1.04970599348,1.3312130406
0.0442172035229,-1.0504022432,1.33053961873
0.0441277811721,-1.05061057264,1.32997258622
0.044046292041,-1.05058856041,1.33032414367
0.0440540480654,-1.04936875407,1.33140253111
0.0436132397956,-1.04962100861,1.33069842401
0.0433181841959,-1.04826879116,1.33143306406
0.0438539243419,-1.04909089443,1.33102306773
0.0440472512051,-1.04951406016,1.33047717917
0.0461997443663,-1.04966818509,1.3307395014
0.0440313736381,-1.0506381849,1.32835113539
0.0439707326829,-1.04955482937,1.33028332291
0.0426977593102,-1.05019261615,1.32992750514
0.0426205837027,-1.04888319689,1.3309848311
0.0424274718573,-1.04959412741,1.33018158789
0.0412002638592,-1.04906470626,1.33044225034
0.0414289913249,-1.04896207314,1.33155554484
0.0392420326444,-1.05089011783,1.32736606802
0.0409444701412,-1.05115238031,1.32801468448
0.041182560581,-1.05132078816,1.32787693354
0.0410418032771,-1.04892562186,1.3310747984
0.0405157402184,-1.04979604376,1.32857285849
0.0422626261048,-1.05104912367,1.32795964021
0.0447572571057,-1.05069838134,1.33000066869
0.0458299611275,-1.05068678674,1.33077683819
0.0441731797497,-1.04926882257,1.33217589423
0.0433208987267,-1.05006012599,1.33124469261
0.0384088197245,-1.05021827355,1.32896541572
0.0385549224455,-1.05047773944,1.32807704712
0.0386974397675,-1.04932658437,1.33022720454
0.0419222908325,-1.04925589261,1.33221746422
0.043171077089,-1.04847716384,1.33292320776
0.0431567622939,-1.04962301952,1.33110728115
0.0403227736794,-1.05015230976,1.32864892461
0.0394044095246,-1.05102059801,1.32747351433
0.040261278321,-1.05109194244,1.32626402404
0.0437834866785,-1.04981831641,1.32994566307
0.0435435091609,-1.04988163076,1.32999276182
0.0442031071404,-1.04980550401,1.33128288791
0.0435680523764,-1.05036238026,1.33059280433
0.043707168794,-1.04974628696,1.33268446791
0.0426468383011,-1.04937392248,1.33210628503
0.0450818670471,-1.0496821164,1.33131099593
0.044343781524,-1.05008981811,1.33050063748
0.0442097273801,-1.04984853098,1.33058049655
0.0413690721452,-1.04898609497,1.33291492193
0.0422949087029,-1.04950755547,1.3321515734
0.0422559616083,-1.04944697017,1.33255892047
0.0400314288741,-1.05067258727,1.32903925739
0.0404107359423,-1.04904931345,1.33056485762
0.0394889522697,-1.04875106983,1.3312908453
0.041620207331,-1.04810629985,1.33306627602
0.0408090372372,-1.04888804874,1.3332869608
0.040447466235,-1.0491157227,1.33327134025
0.0415009503436,-1.04841043993,1.33332453939
0.0430090783199,-1.04817985912,1.33215751692
0.0444392010271,-1.04933113119,1.32969901911
0.0448335002377,-1.04958899914,1.32905250113
0.0428409225789,-1.04984164663,1.32929475428
0.0448879823384,-1.04990316387,1.3295400364
0.0401634326248,-1.05136639415,1.32696353674
0.0398817649449,-1.05175297812,1.32615335744
0.0381989124965,-1.05105270548,1.32699572454
0.0434286402872,-1.05062627495,1.3293162293
0.0445477083692,-1.05054163072,1.32938615126
0.0437181823528,-1.0512200096,1.32779703048
0.0414330362362,-1.04988999056,1.32867627337
0.0412136727329,-1.04972447902,1.32925395333
0.0401951189171,-1.04860324473,1.33162204698
0.0436235909957,-1.049688521,1.33172977884
0.0449319619689,-1.04906846928,1.33251083153
0.0469583305635,-1.04911787716,1.33291158706
0.0432321976959,-1.04837071306,1.33417146509
0.0431507406493,-1.04899923904,1.33428340573
0.0421699227195,-1.05011015131,1.33244148157
0.043709082238,-1.05025234448,1.3302409549
0.0436549462223,-1.04929395954,1.33016640691
0.0430420799598,-1.04916031897,1.32970492806
0.0443927327084,-1.05011533646,1.32926445818
0.0435262749438,-1.0518587491,1.32684011464
0.0450505884487,-1.05055746182,1.32933901966
0.0426753717761,-1.04983079578,1.33026461425
0.0418021168747,-1.04899885335,1.33147056408
0.0417110981711,-1.04958451173,1.33030088184
0.0422708582784,-1.04962160726,1.33036010773
0.043985865828,-1.05026441253,1.33051377954
0.0455988743829,-1.05117280405,1.32904223239
0.0458615902313,-1.05154392092,1.32852327405
0.0435233786502,-1.05142483162,1.3276802406
0.0437513262608,-1.05092620084,1.33071454799
0.0426828171805,-1.04967382002,1.33224971233
0.0456368647069,-1.04893776655,1.3335077888
0.0437477066514,-1.04895120046,1.33020998126
0.0450380045194,-1.04955969623,1.32844332475
0.0429163008261,-1.04935507409,1.32911037896
0.043340868455,-1.04926479332,1.33065214948
0.0411342164236,-1.04895355048,1.33140267318
0.0421722482808,-1.05000450392,1.32883460496
0.0423264509072,-1.04879593722,1.33050540684
0.0452252747642,-1.04977377159,1.33067406228
0.0431452030078,-1.04830746607,1.33287048747
0.0430721788438,-1.04879401942,1.33224183664
0.0427841460274,-1.04840655456,1.3320965312
0.0435171015937,-1.04957932193,1.33074869798
0.0424878401924,-1.04981482257,1.33026233232
0.0428066922699,-1.04992837322,1.32997376143
0.0441147398661,-1.04952467918,1.33060325477
0.04544702458,-1.04901621334,1.33112896012
0.0446513730212,-1.04908587378,1.3308931469
0.0447952235625,-1.04982688539,1.33024345876
0.0427471759559,-1.05024729556,1.33043319946
0.0419549187236,-1.04909462905,1.33193375411
0.042974010593,-1.04779551618,1.33372250234
0.0431998127793,-1.04802426617,1.33251940986
0.0439016936695,-1.0481330775,1.33362968747
0.0432964123996,-1.04866550933,1.33210820773
0.0441866093351,-1.04786841973,1.3344452239
0.0442395824632,-1.04821832025,1.33271404519
0.0408319656482,-1.04839013594,1.33272835435
0.0405446141349,-1.0475765766,1.33103538198
0.0393824228785,-1.04838535435,1.33034585866
0.0408756979895,-1.04890885593,1.32980846901
0.0404351446519,-1.05103997801,1.32871186067
0.0388067920513,-1.05150121209,1.32640561569
0.0401691207412,-1.0504270403,1.32696132508
0.0394356707424,-1.05073646536,1.32594770947
0.042509365625,-1.05041818698,1.32860532081
0.0427447065484,-1.05014746999,1.33030255144
0.043664578903,-1.04836380496,1.33223323203
0.0437547024757,-1.04753332373,1.33114510278
0.0424131002053,-1.04719817862,1.33107323662
0.0437203293601,-1.04760469523,1.33206780989
0.0449262907185,-1.04808217447,1.33277159574
0.0461766300458,-1.04886902934,1.33190813105
0.0439245318393,-1.04938945899,1.33013567921
0.0419086596945,-1.05006793578,1.32955344661
0.0405147243981,-1.04918903921,1.33021616593
0.0414214205669,-1.04849278372,1.33186549373
0.0419544705558,-1.04731420183,1.33319334292
0.042714680462,-1.0490033899,1.33239843813
0.0443918850606,-1.04977236557,1.33057144078
0.0434746045219,-1.04943100914,1.33077123568
0.0421545975674,-1.04798696511,1.33137156983
0.0412089658286,-1.04825621713,1.33280374719
0.0424880832104,-1.04951097357,1.33199309245
0.0451814260316,-1.05017622467,1.33190276443
0.0451798672529,-1.05005343984,1.33097604231
0.044560858436,-1.04922592297,1.33179414541
0.044460656701,-1.0498052459,1.3314535244
0.0445236658593,-1.04926560329,1.33127517648
0.0449366919426,-1.04877488048,1.33093795258
0.0440457853956,-1.04854789503,1.33060432183
0.0413232042427,-1.04976563018,1.32810530282
0.0417992953782,-1.04903179826,1.32944817487
0.0419571143466,-1.04928869547,1.32865633481
0.0442232628414,-1.04878136078,1.3302183471
0.0420120851628,-1.0518774929,1.32498200508
0.0427453084918,-1.05207296502,1.32463226761
0.041774413617,-1.051885813,1.32583423663
0.0424136914019,-1.05024079303,1.32974418935
0.0412688273359,-1.04980145692,1.3310576132
0.0421329915458,-1.05002584668,1.33038412804
0.0441112592892,-1.04856643774,1.33211108349
0.0436825419889,-1.04846292183,1.33233171307
0.0438236717687,-1.04774024579,1.33384307039
0.0401813873248,-1.04914126254,1.3308536618
0.0399511791565,-1.04935008296,1.32964578693
0.0400103890863,-1.05026593306,1.32855873057
0.0417423760048,-1.05047730913,1.32825776213
0.0421083906736,-1.05090984348,1.32832022056
0.038030389743,-1.05108037605,1.32619294803
0.0394502434386,-1.05101069904,1.32739866526
0.0392841359298,-1.05059519637,1.32667630672
0.0428415361386,-1.05019121914,1.32806923672
0.04372785621,-1.05069295103,1.32737316457
0.040551661591,-1.05112564326,1.32613980825
0.0404645674036,-1.05026915193,1.32738412744
0.0384152768677,-1.04895163855,1.32994553939
0.0423020108026,-1.04753323961,1.33434524809
0.0432819155266,-1.04869794921,1.33362762141
0.044290162716,-1.04914197249,1.33251448264
0.0442891065931,-1.04962987469,1.33222424863
0.044155535555,-1.04986839169,1.33162198951
0.0446406016177,-1.05030370583,1.33033369779
0.0458485561668,-1.05053155882,1.32855011104
0.0460181709929,-1.05045324637,1.32903893432
0.0455598648888,-1.05103048668,1.32959063189
0.0429287027711,-1.05180575796,1.32980714285
0.0382289828885,-1.0521956145,1.32695160739
0.0388012595556,-1.05182673716,1.32697524941
0.0401985339416,-1.05110058488,1.32722141133
0.0436534473763,-1.04997981363,1.33030782123
0.0427128571033,-1.05037411203,1.32935070168
0.0419847663111,-1.05085693714,1.32987035536
0.0428178348759,-1.04990208553,1.33245594724
0.0429913700746,-1.04958884475,1.33289392262
0.0417946360117,-1.05026587434,1.32960381654
0.0417468935002,-1.05090616691,1.32779366778
0.0407016268279,-1.05049693126,1.32931502205
0.0415104453005,-1.04888478359,1.33234392533
0.0391502068462,-1.0487833717,1.3320838481
0.0394676936498,-1.04869885218,1.33078365566
0.0407743851513,-1.04925927758,1.32988248532
0.0439085800269,-1.05051781407,1.32816303869
0.0425394488665,-1.05051760888,1.32889088629
0.0386976114376,-1.05128228337,1.32633550184
0.0375840238003,-1.05144833353,1.32706483571
0.0390295084815,-1.05070467691,1.32864201376
0.0434902918548,-1.0500365548,1.33286307202
0.0437688260345,-1.04882348981,1.33281645143
0.0443594506506,-1.04951269774,1.33197530152
0.0432559024979,-1.04858476028,1.33273393029
0.0427356521404,-1.04818801802,1.33420059486
0.0420554283758,-1.0481053567,1.33253435138
0.0419822733707,-1.04844015035,1.33092799692
0.0429245756721,-1.04890378196,1.33041230404
0.0448183218757,-1.04955807573,1.32975975382
0.0420248874582,-1.05012802117,1.32762925778
0.0412963623847,-1.05036154094,1.32773648612
0.0393015307137,-1.0497991399,1.32941403046
0.042587303424,-1.04994764399,1.32990074525
0.0403501849423,-1.05084251433,1.3270152459
0.0391509510704,-1.05132363536,1.32679320151
0.0381972076092,-1.05062373937,1.32858492474
0.0407483265909,-1.04899050079,1.33228631364
0.0432142760205,-1.04832026387,1.3323471805
0.0449946636544,-1.04857995054,1.33147392367
0.0440154360872,-1.04845120416,1.33124380206
0.0418093484023,-1.04853103344,1.33109991852
0.0411618175465,-1.04876272503,1.33208770549
0.0406074716464,-1.04912513419,1.33150138504
0.0438221386803,-1.04890242097,1.33173703729
0.0442406231733,-1.04968478665,1.33017898412
0.0450233468859,-1.05033591309,1.32965735541
0.0426794526713,-1.05118353955,1.32835725168
0.041991538304,-1.05048154653,1.32885084924
0.0428082624576,-1.05107648048,1.32754082303
0.0425315687846,-1.05141710784,1.32758945637
0.0444870274594,-1.05074385037,1.3287267476
0.0438412277396,-1.04965443202,1.33055412979
0.0445405116921,-1.04988105828,1.33022408066
0.0426604605289,-1.05071868584,1.32915857259
0.0440891404241,-1.05074761978,1.32922438896
0.0443562534192,-1.04900589341,1.33124650145
0.0427880865089,-1.04852420993,1.33081983259
0.0415507393141,-1.0493303062,1.33005112108
0.0425439315395,-1.05020208461,1.32976148697
0.0417726265089,-1.05031223866,1.33061846131
0.0419714223323,-1.05040890332,1.32968417329
0.040822380235,-1.0508514343,1.32929038846
0.0423335915303,-1.05068818888,1.32968145349
0.0444917513995,-1.05022261676,1.33059173671
0.0437304292322,-1.04941018024,1.33057642094
0.0441603782967,-1.04965979843,1.33071362697
0.0430943691068,-1.04957863183,1.33152345218
0.042961901867,-1.0495957519,1.33319280083
0.0425925631398,-1.04961893962,1.33223695124
0.0421968122517,-1.04932026216,1.3320272821
0.04481856209,-1.05010623312,1.3301741827
0.0419864422531,-1.04866047673,1.33287187146
0.0413555135482,-1.04902626361,1.33242973251
0.037803879366,-1.05037349417,1.32981064643
0.0395983881254,-1.05108538636,1.32763064008
0.0397863230805,-1.0510830808,1.32743990484
0.0426814379078,-1.05081279845,1.32850764056
0.043150631271,-1.05143741315,1.32829901705
0.0416643706165,-1.05068915308,1.32887293452
0.0411505065571,-1.04898969505,1.33004973824
0.0411804470154,-1.04913296116,1.33043840532
0.0429917913747,-1.04910411765,1.32981643809
0.0423940342358,-1.04844862774,1.33251185844
0.0428082392389,-1.04831497456,1.33254121392
0.0416851375931,-1.05007933731,1.33196980488
0.0438599972937,-1.05081366337,1.32930630024
0.0404749654758,-1.05167714459,1.32533003754
0.0404486511528,-1.05077722794,1.32603778816
0.0350554210161,-1.04990909589,1.32827946492
0.0386955278572,-1.04914669993,1.33233615218
0.039953245618,-1.04842424608,1.33323498647
0.0413580092117,-1.04815460253,1.33235684352
0.0403398712418,-1.04808894396,1.33298149978
0.0403432719985,-1.04818104231,1.33232439935
0.0421111320391,-1.04910271921,1.33199750064
0.0419956958639,-1.04869693988,1.33134135253
0.0410971130383,-1.04812238262,1.33278364896
0.0423836102601,-1.04790685642,1.33309910468
0.0446140664789,-1.04895821538,1.3323167944
0.0460071598774,-1.0507526966,1.32920146632
0.0439969061122,-1.05200690819,1.32703239542
0.0437403527486,-1.0516774555,1.32774399533
0.0424625547429,-1.05107608346,1.32925893835
0.0431675241404,-1.05047244727,1.33116874449
0.0410199502168,-1.04958681358,1.33161451723
0.0413247157113,-1.04960443377,1.33147053258
0.0392908526681,-1.05094244885,1.32797379406
0.0394482798326,-1.05079197727,1.32739503396
0.0386946821566,-1.05053386434,1.32877954494
0.038371165639,-1.0497068087,1.33135947765
0.0376061670341,-1.0487271212,1.33373146592
0.0401368798553,-1.04937310428,1.33275918607
0.0425924066217,-1.0497464482,1.33138061079
0.0430326054716,-1.05155335385,1.32781437467
0.0393992704851,-1.05112458278,1.32688592551
0.0383673672468,-1.0497087437,1.32893599477
0.0390249593305,-1.04962101234,1.33032914709
0.0397174457999,-1.04963850818,1.33035956263
0.0411205886959,-1.04989499365,1.32976093903
0.0380651848356,-1.04957214962,1.32892861481
0.038987481903,-1.04957928867,1.32986847525
0.0380094600654,-1.04971377344,1.3288696738
0.039868549259,-1.0500168959,1.3288804802
0.0400131698909,-1.05036631019,1.3277875376
0.0373431924955,-1.05138800891,1.32657460897
0.0397099654577,-1.05070962587,1.32723882715
0.0400925933176,-1.05002396772,1.32905342004
0.0452611183762,-1.04958387579,1.33141035719
0.045228207347,-1.05072066853,1.33101369719
0.0424374656272,-1.05128078766,1.32735150112
0.0416609222786,-1.05081577901,1.3278913588
0.042110000371,-1.04977639203,1.32924227476
0.046640214653,-1.04995931368,1.33234247989
0.0448239888215,-1.04956164534,1.33252361587
0.0441975091056,-1.04995273409,1.3316708789
0.0409053691382,-1.04975584647,1.33075229272
0.0414957651444,-1.05076481554,1.3281526491
0.0407248680226,-1.05032923649,1.32806533666
0.0410273488153,-1.04771974486,1.33144828235
0.0406259932105,-1.04687557692,1.33335723095
0.0412768091342,-1.04789230694,1.33240376184
0.0415996338538,-1.04911649634,1.33050789704
0.0393439714763,-1.05073991751,1.32722397554
0.0390582724679,-1.05046216332,1.32812620654
0.0370362776365,-1.05120502508,1.32624962836
0.0370681939586,-1.0502365562,1.32830792582
0.0377066499154,-1.0508702881,1.32759758288
0.037948368895,-1.05133851589,1.32708231809
0.0395474793255,-1.05076407031,1.32964920485
0.0373164800842,-1.04947489271,1.33097250501
0.0390477027519,-1.04922299827,1.33216775632
0.0371470395564,-1.0495903831,1.32826412845
0.038295920161,-1.05022660306,1.32740736077
0.038380647432,-1.05011893272,1.3274101668
0.0416025864434,-1.05067591784,1.32890857235
0.042873637183,-1.05021072375,1.32924385813
0.0438232776153,-1.05172996723,1.32675496196
0.0417718827769,-1.05230147444,1.32460790952
0.0386066993543,-1.05393587313,1.32213824284
0.038067356201,-1.05152473119,1.32597268449
0.040728490725,-1.05083846096,1.32810265423
0.043317186319,-1.05000167222,1.33053043401
0.0420924552723,-1.0509008102,1.33050714869
0.0396736971507,-1.04976193911,1.33193324642
0.0389620003435,-1.04874064679,1.332530699
0.0394088212684,-1.04904092894,1.33160316048
0.0408176636278,-1.04887563696,1.3318944101
0.0432086667344,-1.0493599954,1.33180403031
0.0409627248015,-1.04906073215,1.33129705356
0.041797224978,-1.04979835761,1.33087577261
0.0398449255978,-1.05024572151,1.33078985797
0.0425572944926,-1.0502856164,1.33096762121
0.041182442138,-1.04981837399,1.33059766047
0.0413100128421,-1.04902972966,1.33064984772
0.0421868762115,-1.04910704889,1.33135430627
0.0434879332871,-1.0489862871,1.33202813668
0.0445417880907,-1.04932074441,1.33205812392
0.0434622008812,-1.04855890012,1.33317911288
0.0429039182735,-1.04917579242,1.33172975754
0.0428578131428,-1.04848272262,1.33151484461
0.0441192255613,-1.04924249601,1.33074209318
0.0437161560935,-1.04836900493,1.33185157335
0.0425346500824,-1.04878147345,1.33242567039
0.0430886710882,-1.04867080497,1.33196248963
0.0441105919412,-1.04981268124,1.33108551017
0.044986972146,-1.04969166228,1.33028985347
0.0421648178709,-1.04986725053,1.32989462772
0.0390265044238,-1.0485408928,1.33203125819
0.0380608098534,-1.04843279794,1.33282013428
0.0384555855141,-1.04867453171,1.3334789026
0.0410031746382,-1.0495757225,1.33210872773
0.0368013204858,-1.05029857199,1.32966133394
0.0382114436722,-1.04966646332,1.3303929385
0.0373448101652,-1.04883832541,1.33221015536
0.0425796958469,-1.04715544543,1.33515827004
0.0405101722956,-1.04681177667,1.33395038856
0.0416023637625,-1.04804886437,1.33223263468
0.0398418177552,-1.04803507896,1.3333252486
0.0398716262994,-1.04796604863,1.33413136559
0.0405252261006,-1.04718536779,1.33555943916
0.0430706941491,-1.04903073989,1.33371035055
0.0454487749159,-1.04996170885,1.3323287828
0.0418979156041,-1.05079883488,1.32960958072
0.0408008683169,-1.04920503008,1.33135410054
0.0421815464658,-1.04844502723,1.33350781507
0.0455679788859,-1.04816484188,1.33402525234
0.0448443135751,-1.04919177025,1.33120382221
0.042682997642,-1.04964194956,1.32920564485
0.0427324040559,-1.04849223485,1.33226519558
0.0431393188821,-1.04941042215,1.33206861092
0.0431614486449,-1.04938024025,1.33330305953
0.0422674028696,-1.04991094394,1.33106816658
0.0400839793593,-1.04780414405,1.33345067945
0.0424492726577,-1.04857676646,1.331879413
0.04300325026,-1.0488772426,1.33111900794
0.0444774120459,-1.04989445569,1.33024599658
0.0420666835295,-1.0489067898,1.33189548439
0.0422582249052,-1.04925083324,1.33318778446
0.043327130724,-1.04981552657,1.33148238921
0.0420668784928,-1.05145693731,1.32699916737
0.0412220994605,-1.05103815201,1.32660487796
0.0389426752218,-1.05036635881,1.3275039611
0.0403207359472,-1.04894292943,1.33142524223
0.0409815934815,-1.04978903093,1.33107453884
0.0424809969803,-1.05058411154,1.33133594215
0.04293973972,-1.05010353004,1.33141327486
0.0442057660451,-1.05018304356,1.33088838257
0.0436616003976,-1.049523243,1.33138292232
0.042935812658,-1.04977069306,1.3319007767
0.0400191628309,-1.04719021739,1.33523925452
0.0394914435017,-1.04821362134,1.3334148578
0.0414945459381,-1.04910598659,1.33277375845
0.0425270783932,-1.05125986074,1.33045016892
0.0414038520166,-1.05034595166,1.33198309709
0.0403410956194,-1.04969467676,1.33263403492
0.0395476191333,-1.04973288783,1.33151103505
0.0425355866647,-1.05055256884,1.32946176539
0.038408296241,-1.0516618503,1.32528718369
0.0395835197681,-1.05072473706,1.32693823791
0.0395680688513,-1.05065806047,1.32759253568
0.0434597675119,-1.05016266643,1.33106883978
0.0443296320082,-1.0501000817,1.33054546124
0.0432722262043,-1.04968024166,1.33209246852
0.043574974106,-1.04965415156,1.33106667922
0.040907449336,-1.04994951271,1.33133069855
0.0408006834995,-1.04981817781,1.32988210846
0.0391827166785,-1.048760862,1.33143807912
0.0395827636336,-1.04906377988,1.330080431
0.0410414689751,-1.04918150259,1.3309976917
0.0421821614783,-1.04905350683,1.33177664684
0.0431630111666,-1.04918040118,1.33307520138
0.0431702752981,-1.05004117132,1.33152115461
0.0422575058696,-1.05126020143,1.32895773415
0.0428491803205,-1.05149714037,1.32704484467
0.0431839128055,-1.05169521714,1.32617013527
0.0429700097388,-1.04998827293,1.32901532465
0.0423973787792,-1.04911815716,1.33002345641
0.0422652172291,-1.04809253988,1.3322720239
0.0419479752934,-1.04958375146,1.33060161898
0.0439066032268,-1.05025831988,1.33139976166
0.041179187049,-1.05231792437,1.32829269316
0.0388619745605,-1.05179961341,1.32625973417
0.0340901105732,-1.05258084589,1.32148506509
0.0343086513062,-1.05002955119,1.32514451039
0.0404064149712,-1.05038787439,1.32700612369
0.0444303537377,-1.05003091184,1.33127509348
0.0457479498162,-1.05030433629,1.33059723564
0.0419408041204,-1.04971408487,1.33180245726
0.0397316457848,-1.04883292008,1.33210701721
0.0362427515176,-1.04940621634,1.3296190835
0.0376910405707,-1.05024518412,1.32910854751
0.0398893943447,-1.05077746193,1.32861206373
0.0441216184713,-1.05056232348,1.33166585809
0.0447520674791,-1.04988353809,1.33108020437
0.0447281890495,-1.04941186007,1.33135663673
0.0430222707945,-1.04831643745,1.33187228116
0.0410606296844,-1.04685170363,1.334043473
0.040969765582,-1.04684629597,1.33292057265
0.0408344214452,-1.04788262818,1.33074842989
0.0414574259638,-1.04998971168,1.32853636379
0.040562582001,-1.04989137485,1.32919208323
0.0388755097911,-1.05077961877,1.32840615918
0.0389386916428,-1.0506364872,1.32816563475
0.0389450011538,-1.05134255896,1.32749433065
0.0409935898171,-1.0498992576,1.33069101713
0.040444957894,-1.04971702884,1.33193284387
0.040288174454,-1.04936331209,1.33232681328
0.0414174635294,-1.04917073577,1.33202800238
0.0418749293796,-1.04764179504,1.33323538382
0.0413744424775,-1.04650664474,1.33485518617
0.0392649400376,-1.04815931904,1.33130346847
0.0387881309463,-1.04991138287,1.33001048806
0.0383215313534,-1.05018985548,1.32970305714
0.0379957980718,-1.04894473083,1.3311843291
0.0392550312455,-1.04899132828,1.32986806539
0.0385900269913,-1.04827668929,1.33044371319
0.0402797423765,-1.04865708563,1.33156952601
0.0396254139553,-1.04742980641,1.33298113726
0.0388246632718,-1.04967019383,1.33102375361
0.0400710564992,-1.05001730646,1.32997706814
0.0396627258295,-1.05078542216,1.33005153263
0.0415714244976,-1.04910265577,1.33200104094
0.0406955975937,-1.04814104845,1.33285533553
0.0376937064511,-1.04939802602,1.32876911456
0.0384928607987,-1.05039734797,1.3276293229
0.040212470168,-1.05132016629,1.32823447985
0.0434363193823,-1.04955481748,1.33289831686
0.0441627342878,-1.04993379422,1.33343682497
0.042729429397,-1.04910425371,1.33385160115
0.0431689738519,-1.04990069678,1.3317298115
0.0409629135366,-1.0484656316,1.33221415494
0.0416015048402,-1.04855593207,1.33226081127
0.0395650562843,-1.04862197478,1.33204426443
0.0401681395529,-1.05072614807,1.32799625135
0.0392393578783,-1.04992811938,1.32900919423
0.0422624269444,-1.04959111777,1.33044274675
0.0434143563955,-1.04730619955,1.33471852989
0.0429920249548,-1.04830622006,1.33267172776
0.0414019377367,-1.04857790704,1.33103668056
0.0406642242905,-1.04992552418,1.32943302219
0.0431276141878,-1.05078746379,1.32868670886
0.0444103853523,-1.0494230483,1.33261834484
0.0451702544302,-1.04816494935,1.33466324705
0.0435857878676,-1.04786670587,1.33427247554
0.0437656156118,-1.04861832512,1.33263615005
0.0446227532437,-1.04929669023,1.33135098898
0.0449803064315,-1.04807918819,1.33334153195
0.042433016519,-1.04826187752,1.33231168229
0.0404430277465,-1.04871693938,1.3324066918
0.0398067130578,-1.04947927816,1.3314503123
0.0428630910318,-1.05094347525,1.33026519685
0.043085250109,-1.05082417418,1.32912522292
0.0435758534949,-1.05097707774,1.33033858732
0.0418132633296,-1.0493968802,1.33206459136
0.0417733162829,-1.04979467805,1.33346840347
0.0405092585033,-1.04971121134,1.33229920208
0.0412736776592,-1.05058898247,1.3314062011
0.0413184277308,-1.05023379656,1.33107632426
0.0424797695694,-1.05048949015,1.33220626277
0.042110375801,-1.0506344104,1.33128886095
0.0437936483882,-1.049165825,1.33302191579
0.0428541484574,-1.04962900827,1.33204932124
0.0433889117684,-1.04869335501,1.33363712575
0.0426282271662,-1.05041495722,1.33278283981
0.040111971746,-1.04980533855,1.33122483732
0.0389838461924,-1.0493941215,1.33201370803
0.037623404467,-1.04847025616,1.33159102449
0.040702032943,-1.04884157128,1.33252620736
0.0394687298717,-1.04892020311,1.33156872138
0.0393768818298,-1.04937713817,1.33187191306
0.0388340802268,-1.04853629121,1.33254984649
0.0417480472217,-1.04972889315,1.33204866557
0.0406441653894,-1.05062067999,1.32884667126
0.0406610173728,-1.05009414296,1.32971191271
0.0388395196838,-1.04996188983,1.32966339766
0.042774116209,-1.05053094838,1.33072958707
0.0427830407567,-1.05182594177,1.32914542839
0.0402120614801,-1.05179026715,1.32712216209
0.0357216593917,-1.0497890552,1.32859059799
0.0371883396275,-1.0490260174,1.32977524584
0.0405169779007,-1.04853561328,1.33381635676
0.0449795682258,-1.04908308535,1.33377046753
0.0444723685503,-1.0488908761,1.33440482325
0.0429964451241,-1.0486972573,1.33255109403
0.0395101001477,-1.04878298573,1.33184523962
0.0397891394108,-1.04875364756,1.33189766966
0.042233654862,-1.0487030746,1.33342622263
0.0426624165222,-1.04881110738,1.33325209227
0.0428928991018,-1.04820751127,1.33402778213
0.0425551831066,-1.04816866334,1.3333242349
0.0403486321497,-1.04983579826,1.32994359743
0.0377163764623,-1.05081171805,1.32766659776
0.0380133913151,-1.05170952801,1.3265378113
0.0421652418006,-1.04983649366,1.33025534589
0.0434421792864,-1.05035042218,1.33084912257
0.0421235675447,-1.05054819383,1.33050587062
0.0412449754482,-1.05216404845,1.32790199508
0.0405914842868,-1.05248723311,1.32705534364
0.0431635442154,-1.0514629966,1.32818340172
0.0430287996212,-1.04913331767,1.33103002702
0.0443609934804,-1.04855219355,1.33171839204
0.0386765490624,-1.04937167982,1.32878712118
0.0387709353265,-1.04914988804,1.33040892559
0.0380996045248,-1.04974476712,1.32969890978
0.0402809341325,-1.04875070106,1.33354730583
0.0403505342314,-1.04883737308,1.33368352788
0.0366342900361,-1.04882073407,1.33063361525
0.0388844876854,-1.04938901171,1.32940885774
0.0390214799492,-1.05138774276,1.32652533941
0.0423034475081,-1.04948715592,1.33235874229
0.0391836333894,-1.04945040087,1.33193376987
0.0389562870686,-1.04938486816,1.33114693571
0.0398220763729,-1.05125290606,1.32739185943
0.041733473166,-1.05160768568,1.32619434001
0.0393188503346,-1.05142022729,1.3260870985
0.0365161602571,-1.04827395773,1.33181559197
0.0386647461034,-1.0477819086,1.33522116278
0.0417511134051,-1.04639077933,1.33677469124
0.043257084795,-1.04957286425,1.33054402421
0.0413382992909,-1.04957732684,1.32831527214
0.0390432944438,-1.04935735255,1.32925663003
0.0392056405253,-1.04766655196,1.33317234888
0.0396857964025,-1.04733212623,1.33553155067
0.0415271112634,-1.04891966137,1.33520027727
0.0434504039909,-1.05050565417,1.33194409634
0.0426548668332,-1.0504367007,1.33054676729
0.0434321980089,-1.04951809312,1.33086024931
0.0413657553073,-1.04901396098,1.3327222847
0.0408380295789,-1.04787836179,1.33416856271
0.0372826138402,-1.04939478543,1.33110993302
0.0378753118054,-1.04936942073,1.33179435929
0.0371076048284,-1.05139233343,1.32852503458
0.0398449525522,-1.05009246305,1.33133033443
0.0407322156849,-1.04936459166,1.33134938724
0.0404526662581,-1.04853861935,1.33359021493
0.0399139529757,-1.04777733868,1.33548281471
0.0397711460597,-1.04843272222,1.33478798684
0.0416323665394,-1.04914111292,1.3331625845
0.0434569333758,-1.04968856687,1.33172338112
0.0429550032774,-1.04945774767,1.3321604833
0.0419710806663,-1.04973074832,1.33286624637
0.0407073795733,-1.05068281335,1.33150272148
0.0395064507715,-1.05082800623,1.33096641644
0.040514140336,-1.05076110046,1.32904798111
0.0410943656645,-1.04984754334,1.328892011
0.0423627859124,-1.04952464114,1.3289966178
0.0419374475589,-1.04948743024,1.33106555405
0.0414185185961,-1.04864628461,1.33288877953
0.041119214508,-1.04998667052,1.33170263796
0.0423165830222,-1.05023673245,1.32938441656
0.041367818267,-1.05128601225,1.32657468083
0.0423758458608,-1.05082446897,1.32689040475
0.0417149635359,-1.05096988426,1.32790070346
0.0410777644167,-1.05131056954,1.32986366132
0.0367063959168,-1.05163088391,1.3270098747
0.0375176827061,-1.0516865371,1.32691657931
0.0373738005257,-1.0517471863,1.32587235838
0.0405408104993,-1.05034951973,1.32912290829
0.0383662620704,-1.0491917504,1.33074664353
0.0367716325538,-1.0500673396,1.32844887848
0.0371196414307,-1.05033278101,1.32914112291
0.0397928953734,-1.05056575651,1.32836085772
0.0431640556821,-1.04938016418,1.33143522622
0.0443567172081,-1.049489802,1.33228172431
0.0431626448464,-1.04880356408,1.33411833261
0.0420981646128,-1.04802157942,1.33525135363
0.0384042498204,-1.04799923717,1.33380580621
0.0399847442524,-1.04859472963,1.33325507443
0.0411334018766,-1.04786263458,1.33340236942
0.0425697198091,-1.04757392844,1.33423392538
0.0403633274249,-1.04728960993,1.33426009807
0.0406011075031,-1.04850037782,1.33436145439
0.041149452689,-1.04842252709,1.33402566212
0.03966830879,-1.04935638587,1.33061208866
0.0386326057214,-1.0494106877,1.32982857635
0.0389228597616,-1.05020963478,1.32912466906
0.0398408038937,-1.04949709018,1.33079934187
0.0401853089877,-1.04940031381,1.33078975376
0.0408445685211,-1.04966847042,1.33017694872
0.0415624568168,-1.04933358057,1.33101929962
0.0419547997752,-1.0502378294,1.32952188527
0.0423045986935,-1.04944802182,1.33042296085
0.0416008740776,-1.05041332868,1.33097083095
0.0424853429986,-1.04995784708,1.33178167847
0.0418497234847,-1.04969184996,1.33271111083
0.0418454150466,-1.04939943809,1.33223254816
0.040273646661,-1.04923338309,1.33290150185
0.0376107691003,-1.04955512525,1.32987499997
0.0389475122061,-1.05015726789,1.32976659965
0.0403294244941,-1.05099013192,1.32877474757
0.0433386802154,-1.05099322692,1.33040520958
0.0431713854324,-1.04988743191,1.33053947405
0.0415011028476,-1.04745840773,1.33353847215
0.0411280473559,-1.04789664574,1.33448397286
0.0409762979177,-1.04922127068,1.33452191902
0.0414332993754,-1.0491413516,1.33355262698
0.0408949000252,-1.0485324245,1.33302229795
0.0415765086116,-1.04763239348,1.33335089732
0.0416021539965,-1.050113979,1.33157065615
0.0435080619326,-1.05186353877,1.33035961363
0.0414741225223,-1.05199013496,1.32875141691
0.0394618308461,-1.05153101517,1.32775951032
0.0391872549096,-1.05073067809,1.3281552723
0.0399538032915,-1.050699685,1.3300479358
0.0433895171723,-1.05072844468,1.33058718125
0.0424743251272,-1.04933854511,1.33282461208
0.0445616890722,-1.0493240313,1.33211270818
0.0421820560368,-1.04847745585,1.3325921424
0.0432458969804,-1.04880820422,1.33228752294
0.0423454487349,-1.04940732027,1.33138950186
0.0437700883228,-1.04960533778,1.33200852556
0.0421560737725,-1.05078586792,1.32867294376
0.042174505704,-1.05032862083,1.3299076599
0.0424236566994,-1.05024164159,1.33033547835
0.0427036306267,-1.04947290678,1.33321445049
0.0424112881477,-1.05011835572,1.33122249984
0.041735610848,-1.05044127517,1.33152697961
0.043489597971,-1.05048489337,1.33017316046
0.0421727613241,-1.04958873698,1.33165377218
0.0412804511314,-1.04993978781,1.32997200527
0.0415450569076,-1.0500417518,1.33084024008
0.041455128125,-1.05161146858,1.32754301082
0.0420585632902,-1.05060996144,1.32939628507
0.0414654886811,-1.04982728567,1.33108570608
0.0423589822888,-1.0484757694,1.33496856897
0.0423748386992,-1.04790650006,1.3352597143
0.0414566330507,-1.04906312274,1.33320644011
0.044867754418,-1.0498904883,1.33174044703
0.0458079631087,-1.04996085605,1.3318784172
0.0457658793877,-1.04984510175,1.33165922961
0.0432456267343,-1.0495896025,1.33141209252
0.0411314908152,-1.05175943668,1.32779559462
0.0415774685864,-1.051560572,1.3281825683
0.0416020049019,-1.05127675396,1.32899615556
0.0410185175598,-1.05072907067,1.32980460216
0.0399524545254,-1.04967949816,1.33164047313
0.0377668129709,-1.0489739444,1.33205320685
0.0412597010864,-1.04828692787,1.33301566783
0.0419526216552,-1.04963494266,1.33083353727
0.0436031836227,-1.0495832006,1.33139064707
0.0421555398828,-1.04832915397,1.33412261076
0.0433458021645,-1.04790139875,1.33499692992
0.0429647162674,-1.04820591317,1.33412240505
0.0417985977463,-1.04913658811,1.33170803367
0.0395832474866,-1.04945555396,1.33140923835
0.039381839386,-1.04953114393,1.3315586515
0.0399142408231,-1.04997623459,1.3318480959
0.0415815452654,-1.04980250314,1.33220085674
0.0392618329525,-1.04892965917,1.33310990095
0.0369201321725,-1.04989617436,1.32984699382
0.0365786977931,-1.04999828174,1.32964854025
0.0391804759229,-1.05093146712,1.32774525279
0.0431765028811,-1.04979861768,1.3307921044
0.0426267440941,-1.049922478,1.33136864314
0.0428918747399,-1.04986451593,1.33263262756
0.0426326717639,-1.05041728752,1.33265263181
0.0432430495606,-1.04952793174,1.3323168286
0.0419130283658,-1.05098462441,1.3292302001
0.0398133424708,-1.04975322611,1.32984272352
0.0400493074047,-1.05047812063,1.32907757234
0.0434026982121,-1.04805307869,1.33426210113
0.0448662745597,-1.04885659671,1.33437777737
0.0446761116183,-1.04862284864,1.33490678033
0.0444639337097,-1.04951435173,1.33316723851
0.0430597896174,-1.04992550746,1.33099086341
0.04204948285,-1.05047609014,1.33078859562
0.0393130077212,-1.05084660884,1.33029606221
0.0396078224743,-1.05002858134,1.33220722269
0.0409564286518,-1.04928386073,1.33282731422
0.0423254083909,-1.04934202052,1.3324590697
0.0410900360328,-1.05078087266,1.3299498366
0.0384684157059,-1.05218801367,1.32737317675
0.0379691101743,-1.05240415523,1.32753256258
0.0361159228462,-1.0514827297,1.32690027051
0.0382835870228,-1.05068190758,1.32831564373
0.0383175091473,-1.05012847481,1.32960753492
0.0415674961644,-1.04927273332,1.33349218027
0.0421062499207,-1.04845978574,1.33481759488
0.0400434229984,-1.0486286818,1.33232887606
0.0411143665845,-1.04872702883,1.33222524959
0.0404187624182,-1.04891201129,1.33230237635
0.0412315761802,-1.04828281466,1.33368134926
0.040041514008,-1.04852272411,1.33227723003
0.0389647690061,-1.04902351406,1.33160243895
0.0413336038052,-1.04862833601,1.33156276054
0.0413579956419,-1.04885136858,1.33268141328
0.0407380249672,-1.04886438669,1.33247751866
0.0396270836789,-1.04995245037,1.33284165779
0.0389171205277,-1.04995250971,1.33259692218
0.0404888158077,-1.04915928266,1.33375700139
0.0390322572495,-1.04872253326,1.33335245932
0.0415961296233,-1.04914053273,1.33432335659
0.0428908143897,-1.05030842206,1.3332069404
0.0428559556712,-1.05772889414,1.32433528183
0.0376693792519,-1.06410008539,1.30779967864
0.036074005979,-1.06551103732,1.30475392674
0.0356618134016,-1.05751057409,1.3160296027
0.0354380574556,-1.05138819781,1.32970107469
0.0340448229658,-1.05038630446,1.32952557501
0.0321657141798,-1.05819890059,1.31358109821
0.0357880600401,-1.0596364992,1.30818611773
0.0403192192463,-1.06262526883,1.30154666306
