ID,xp,yp,zp,xo,yo,zo,wo,xori,yori,zori,xoori,yoori,zoori,woori
15,0.184376895998,1.25703230987,-0.0541956961451,0.999810907675,-0.0154900755077,0.0117561241148,0.0,0.0829751462909,-0.599478745285,1.78645849169,0.925393690978,-0.00110342454571,0.00289586535119,0.378994608295
15,0.184230330872,1.25381603291,-0.0528466440076,0.99983231012,-0.0137835202247,0.0120567910767,0.0,0.082730265372,-0.59837185873,1.78319760773,0.924967536521,-0.00181502226009,0.00258786184485,0.380032978894
15,0.18447887066,1.25784922597,-0.0555933977125,0.999786247121,-0.0142101972909,0.0150176682532,0.0,0.0828682662785,-0.599892854525,1.78741959385,0.925419707841,-0.000979620614302,0.00143298753824,0.378939772562
15,0.184184800199,1.25543136916,-0.0538503264328,0.999771654384,-0.014703607571,0.0155062250496,0.0,0.0829252388789,-0.599049560943,1.78464858493,0.925631150951,-0.000629694886223,0.00109444338398,0.378424864494
15,0.183658927619,1.25440884772,-0.0527756416322,0.999815111394,-0.0144307128536,0.0127081688236,0.0,0.0826222735587,-0.598502855189,1.78336108596,0.925250686998,-0.00134590561645,0.00208128562889,0.379348155389
15,0.184655334767,1.26115870202,-0.0558453186912,0.999718206612,-0.0149126013604,0.0184694799529,0.0,0.083343467208,-0.600797624531,1.79058251568,0.925284101395,0.000124668779639,-0.000159481570845,0.379274690336
15,0.184766312744,1.25948627129,-0.0553804023387,0.99974045452,-0.014275871723,0.0177545229046,0.0,0.0831945942268,-0.600278981708,1.78889954552,0.92532862267,-0.00024613965261,0.000478929990039,0.379165729079
15,0.184219477388,1.25478537079,-0.0531161341733,0.999774490759,-0.0150398011861,0.0149923983396,0.0,0.0827094925994,-0.598676381731,1.78389048341,0.925092553292,-0.000454210395362,0.00196100111753,0.379736376991
15,0.184218065557,1.25320158805,-0.0525478107336,0.999822798841,-0.0140883342446,0.0124855819509,0.0,0.0827470212056,-0.597986735367,1.78235609728,0.924548104429,-0.00139028588658,0.00291896401584,0.38105163607
15,0.18462273026,1.25604454674,-0.0518079745252,0.999741662961,-0.0157766142359,0.0163617169812,0.0,0.082943578237,-0.599020953601,1.78507736728,0.924807563842,-8.8044476444e-05,0.0010854078193,0.380433678843
15,0.184357370747,1.2530216026,-0.0509870604717,0.999832853746,-0.014260978999,0.0114406751489,0.0,0.0826753449288,-0.597988336521,1.78199341294,0.924743403307,-0.00177785332537,0.00308304959782,0.380574528947
15,0.185000995003,1.2611955073,-0.0556940530688,0.99984709032,-0.0126699556486,0.0120527259524,0.0,0.0831689923797,-0.600981510015,1.7905595646,0.925700581929,-0.00238022818946,0.0024238036357,0.378241843675
15,0.184189329692,1.25539410867,-0.0536855347293,0.999847555011,-0.0128743733597,0.0117947975786,0.0,0.0828425547728,-0.598845188131,1.78459891088,0.925028132169,-0.00228051337992,0.00235407063727,0.379884472316
15,0.184686471642,1.26169392831,-0.0566158302309,0.999775149948,-0.0148234074101,0.0151629858106,0.0,0.0831874239484,-0.601114085252,1.79117573994,0.925822930399,-0.000712991931263,0.00120273789704,0.377954953151
15,0.183624443893,1.25336823288,-0.0520535153049,0.999893232444,-0.0112241407037,0.0093564084247,0.0,0.0825329307701,-0.598150514249,1.78238762633,0.92495484354,-0.00359784291691,0.00281031578257,0.380049595531
15,0.184086938201,1.25534589588,-0.0530986062042,0.999824844098,-0.0140587647362,0.012354442833,0.0,0.0828154617045,-0.598812405359,1.78443693302,0.925170142201,-0.00171550368768,0.00212013760489,0.37954284349
15,0.184228294211,1.25714048231,-0.053969978552,0.999798781269,-0.0147969410961,0.01354427947,0.0,0.0828570150598,-0.599452298725,1.78629294774,0.925050161051,-0.00105315331144,0.00195014968812,0.379838501634
15,0.183620720887,1.25067290372,-0.0510445571514,0.999843865931,-0.0132106830286,0.0117354852566,0.0,0.0824978749558,-0.597118283309,1.77956171326,0.924647734671,-0.0021027427576,0.00245145550423,0.380809841792
15,0.18438251427,1.25477457855,-0.0524178592732,0.999777156002,-0.0157176276509,0.0140923566976,0.0,0.0828551616447,-0.598722562347,1.78387778199,0.925123698735,-0.000484615709451,0.00215023770315,0.379659431155
15,0.184058486839,1.25666464025,-0.0530676555369,0.999790616208,-0.016442918503,0.0121800727948,0.0,0.0829216023774,-0.599288060088,1.78581633061,0.925339570665,-0.000570849219403,0.00268926640391,0.37912942505
15,0.184194186336,1.25775175536,-0.0532745428047,0.999752894691,-0.016808962722,0.0145467635063,0.0,0.0830518468602,-0.599559597929,1.78691327733,0.925030834753,8.75569594398e-05,0.00170237276836,0.379888205947
15,0.184364032864,1.26095404821,-0.0554133797506,0.999799150398,-0.0153876508096,0.0128405243966,0.0,0.0831951901258,-0.600719449636,1.79034052325,0.925341714932,-0.000983430196474,0.0019877181741,0.379127673017
15,0.183884757912,1.25328991828,-0.0517339847979,0.999861476909,-0.0123391919759,0.0111701090145,0.0,0.0826244734694,-0.5981013072,1.78220759931,0.925109940613,-0.00261535133067,0.00262342903394,0.379681281256
15,0.184364356828,1.25318526483,-0.0520681753203,0.999820858089,-0.0138624044261,0.0128874153197,0.0,0.0826677192148,-0.598179439384,1.78230400905,0.925227780169,-0.00168613567977,0.00230490974133,0.379401369452
15,0.184155852066,1.25207846473,-0.0516544106299,0.999851474724,-0.0121831482802,0.0121901349469,0.0,0.0824863831997,-0.597706570814,1.78121626161,0.924741361718,-0.00259227711918,0.00228890573623,0.380580418489
15,0.185007525564,1.26111703934,-0.0547794265954,0.999746424789,-0.0165859701298,0.0152312743146,0.0,0.0832545063169,-0.600910631865,1.79043797146,0.925338152425,-1.29518501464e-05,0.00157506504133,0.37913958204
15,0.185046457823,1.26205746057,-0.055441628049,0.999782479762,-0.0154782686945,0.0139791401401,0.0,0.0833355015364,-0.601184672379,1.79145841683,0.925514836598,-0.000753123441059,0.00190407590145,0.378705815294
15,0.184877654471,1.26006920575,-0.0545836900359,0.999803776952,-0.0136236444756,0.0143806781494,0.0,0.0830743673057,-0.600493838291,1.78947991259,0.925458771926,-0.00158265233423,0.00134073904945,0.378842657439
15,0.184686998838,1.25774122969,-0.0536227189811,0.999754479538,-0.0159359169259,0.0153956875706,0.0,0.0830357794539,-0.599624791651,1.78699418186,0.924991276688,-0.000226295216287,0.00144884092142,0.379985509857
15,0.185002425489,1.25977317826,-0.054674253924,0.999727381906,-0.0164990916802,0.0165209516035,0.0,0.0832406333152,-0.600357675337,1.7891327756,0.92499271909,0.000266975323607,0.00111727312341,0.379983091801
15,0.184322515041,1.25571756279,-0.0531726708897,0.999808362419,-0.015260178891,0.0122623560869,0.0,0.0828435292005,-0.598973368815,1.78487751736,0.925145451866,-0.00114078286977,0.00265892948347,0.379601793462
15,0.185340870263,1.2642815497,-0.0571738148646,0.999744346429,-0.015026584925,0.0168950740854,0.0,0.0834355503232,-0.601926640079,1.79400540558,0.925348488189,-0.000458542092575,0.0003943970202,0.379117144952
15,0.184846324333,1.26033976427,-0.0545883294286,0.999813188236,-0.0141788358857,0.0131358000256,0.0,0.083127673091,-0.600546215994,1.78963981667,0.925237664198,-0.00158284422563,0.00192082863302,0.379379848925
15,0.184625985813,1.25786705776,-0.0522924734081,0.999777672752,-0.0156337985725,0.014148830657,0.0,0.0829689972645,-0.59959947065,1.78680472958,0.92515644742,-0.00064796748391,0.00192334346398,0.379580595771
15,0.1846461736,1.25942652403,-0.0540773503986,0.99978515442,-0.014923767956,0.014384927892,0.0,0.0831529990374,-0.60019593697,1.78848050156,0.925662400667,-0.000803242206658,0.00173318468517,0.378345702848
15,0.183804210223,1.25459410625,-0.0521866691906,0.999805951297,-0.0142429989921,0.0136087005838,0.0,0.0827805381202,-0.598531146924,1.78338399534,0.925266517104,-0.00130755665628,0.00152545348161,0.379312319355
15,0.183962166821,1.25658075051,-0.053718526881,0.999821344472,-0.0151338315806,0.011324587432,0.0,0.0828714125696,-0.599241287988,1.78569274135,0.92506800687,-0.00137387690107,0.00271267464684,0.379789331768
15,0.184128951473,1.25804416915,-0.0541901646741,0.999799129287,-0.0152844140595,0.0129648664905,0.0,0.0829709199748,-0.599814266884,1.78723607382,0.92520510881,-0.00102845226896,0.00190506518564,0.379461222846
15,0.184573108099,1.26280689557,-0.0573178738376,0.999817974176,-0.0148977014,0.0119196059958,0.0,0.0832627995841,-0.601599806794,1.79228730776,0.925902680425,-0.00129246270106,0.00260621982568,0.377750927915
15,0.184672728464,1.26123684474,-0.057438336879,0.999785120614,-0.0142510330437,0.015053924952,0.0,0.0833253986259,-0.601049833357,1.79090468337,0.925398529347,-0.000950177607632,0.00109110888167,0.378992702471
15,0.18394073325,1.25581456894,-0.054690796353,0.999816584909,-0.0119357688992,0.0149777822879,0.0,0.0827703685442,-0.599062511696,1.78523617419,0.925151949225,-0.00194829630604,0.000787372496869,0.379591168272
15,0.183908856846,1.24944171481,-0.0506628858274,0.999863799787,-0.0127412901306,0.0104900620246,0.0,0.0823889318273,-0.596944968517,1.77860652028,0.92470248781,-0.00260678880761,0.00320016191086,0.380668192332
15,0.184564612457,1.25539381347,-0.0535507832064,0.999819797537,-0.012598563399,0.0142003046734,0.0,0.0828519166645,-0.598953747012,1.78486784413,0.925090166008,-0.00188803500141,0.00163572835041,0.379739311201
15,0.184401503893,1.25320373431,-0.0524287533581,0.999777926788,-0.0142769633885,0.015500497526,0.0,0.0827434340331,-0.598239144724,1.78250996855,0.925268122708,-0.000858659433379,0.00137767353408,0.379310250087
15,0.184926431781,1.26362381001,-0.0575968351942,0.999797366194,-0.0140750552939,0.0143916423434,0.0,0.0833822140978,-0.601786262372,1.79335665485,0.925737208187,-0.0012546934074,0.00133488661316,0.378163014056
15,0.184579518484,1.2613580341,-0.055654389356,0.999764335625,-0.0157735807235,0.0149153398648,0.0,0.0831926820093,-0.601019496738,1.79073666217,0.925593448276,-0.000465054818721,0.00113310310663,0.378517196849
15,0.184492432121,1.25864047582,-0.054036903097,0.999807751429,-0.0159274120145,0.0114358090448,0.0,0.0830264905635,-0.600094321029,1.78784800094,0.925571184105,-0.00105261567924,0.00300024764698,0.378560264249
15,0.184623813816,1.25926028284,-0.0539939399062,0.99979913685,-0.014995078427,0.0132978786585,0.0,0.0830902591301,-0.600247837855,1.78842294253,0.92566070568,-0.00118125489512,0.0018447510973,0.378348330895
15,0.18467954882,1.25769629534,-0.0536777383411,0.999802041523,-0.0160356165766,0.0117786572517,0.0,0.0830135014319,-0.599641929016,1.7869041314,0.925162558568,-0.000995291573714,0.00294851481064,0.379558369528
15,0.184545500351,1.26167068725,-0.0554494876941,0.999749898034,-0.0145630199111,0.0169723255012,0.0,0.0832459627555,-0.600988756554,1.79091389738,0.925319606771,-0.00052455889676,3.65031786714e-05,0.379187748788
15,0.18428739311,1.25852816659,-0.0538858173237,0.999758482387,-0.0172630354733,0.0136001655236,0.0,0.0830626954339,-0.599934028417,1.78756112507,0.925360706907,2.87531678637e-05,0.00212432495152,0.37908184938
15,0.184034201152,1.25852912511,-0.0539586071709,0.999809875281,-0.0141549488831,0.0134108431227,0.0,0.0830713446838,-0.599845842247,1.78753292082,0.925267318104,-0.00128285943116,0.00168308554895,0.379309783085
15,0.184493081302,1.25961403904,-0.0546542635997,0.999832398763,-0.01339252166,0.0124825777499,0.0,0.0829782364005,-0.600332103656,1.78887022041,0.925456018093,-0.00191030144425,0.00224770822206,0.378843578714
15,0.184922508471,1.26472610906,-0.0566822064187,0.99974011917,-0.0143418682267,0.0177201844971,0.0,0.0833650070568,-0.602155976236,1.79421771267,0.925823489878,-0.000424747081682,-6.07538711306e-05,0.377955925325
15,0.184216025093,1.25954062359,-0.0548463422856,0.999820846516,-0.0140143636261,0.0127229117448,0.0,0.0830575198767,-0.60032145699,1.78880454586,0.925437573362,-0.00155306291884,0.0019558847831,0.378891884737
15,0.183265510674,1.25169282861,-0.0509877143148,0.999820452154,-0.014809602713,0.0118211302977,0.0,0.0824504225479,-0.597501027824,1.78042265592,0.925135774362,-0.00137480951445,0.00239363592574,0.379626368158
15,0.184055409654,1.2582572357,-0.0547078855202,0.9998186708,-0.0143375869679,0.0125323229873,0.0,0.0829844233236,-0.599828754034,1.787430651,0.925198288688,-0.00148699389087,0.00196565175382,0.379476022524
15,0.184320448184,1.25840313974,-0.0544395224301,0.999768781793,-0.0161269854274,0.0142233362377,0.0,0.0830938746808,-0.599886886408,1.78759261781,0.925416357745,-0.000347451293914,0.00164555011231,0.378948197331
15,0.184670999164,1.2581426213,-0.0546774835322,0.999749653239,-0.0169459019923,0.014610518604,0.0,0.0830963282202,-0.599910076561,1.78752767981,0.925356699476,5.2262858534e-05,0.00183248013614,0.379093152167
15,0.184815018218,1.25394351679,-0.0524846541681,0.999714851245,-0.0166057301347,0.017160009519,0.0,0.0828135496738,-0.598416420089,1.78334039024,0.924721940926,0.000356922593109,0.000986875444899,0.380641866659
15,0.184849364164,1.25483808454,-0.0529309053585,0.999734051623,-0.0154414873288,0.0171285286468,0.0,0.0828255301222,-0.598716095147,1.78429465569,0.924891090562,-0.000182910653344,0.000767355746039,0.380231308952
15,0.184949348163,1.25856033527,-0.0550237924247,0.99978615247,-0.0159172468685,0.0132019158527,0.0,0.0831412240871,-0.600041168268,1.78806539238,0.925373371015,-0.000575626764666,0.00277181716482,0.379046316298
15,0.184577570239,1.25705401466,-0.0541556773221,0.999741856642,-0.0144985160137,0.0174932304552,0.0,0.082940362243,-0.599472045065,1.78637487251,0.925232505411,-0.00029388085048,0.000547385979545,0.379400085574
15,0.184696562376,1.2554014108,-0.0536114439766,0.999788885089,-0.014906045998,0.014141960448,0.0,0.0828714036841,-0.598973496146,1.78460936721,0.925034496683,-0.000907597601865,0.00210575028391,0.379876193027
15,0.184804300031,1.25838598258,-0.0543584875231,0.999780086994,-0.0160749854733,0.0134674604729,0.0,0.0829602417522,-0.599945444524,1.78772375221,0.925369721104,-0.000584063092177,0.00244246406666,0.379057479154
15,0.184615858966,1.26035793774,-0.0553939863424,0.999822338555,-0.0142243248246,0.0123676961993,0.0,0.0831196289071,-0.600526887492,1.78980382261,0.925375429079,-0.0017185722535,0.00204540996759,0.379042448894
15,0.184184354406,1.25794833895,-0.0533647923438,0.999748431177,-0.0171560008035,0.01444804467,0.0,0.0830027971383,-0.599750451024,1.78704126319,0.925208086947,1.09475808128e-05,0.00137408604031,0.379457649305
15,0.184186281762,1.26041598786,-0.0548493782126,0.999787909324,-0.0157257178408,0.0132980512625,0.0,0.0831587097847,-0.600563218332,1.78968152389,0.925658361448,-0.00069027721893,0.00181397249188,0.378355429329
15,0.184015747162,1.25712787747,-0.0533178198633,0.999751991377,-0.0151227417987,0.0163480402192,0.0,0.0828454156855,-0.599425253901,1.78618010541,0.925154010202,-0.00024830305296,0.000738956373398,0.379591161246
15,0.184497736772,1.26210420744,-0.0552170688149,0.999773209552,-0.015267618956,0.0148468607502,0.0,0.0833040505438,-0.601229544774,1.79133329197,0.92573933236,-0.00043030564097,0.00149762720583,0.37815904124
15,0.18415065812,1.25490232304,-0.051931106944,0.999794155102,-0.0152477713145,0.0133848008488,0.0,0.0828421711292,-0.598674477773,1.78388059626,0.9251918168,-0.000841529119203,0.0022031307479,0.379492477092
15,0.184023271872,1.25363575086,-0.0520833113307,0.999777240197,-0.0153527249126,0.0144832255215,0.0,0.0827526615351,-0.598201379243,1.78282637527,0.924899571648,-0.000618516341027,0.00158901550813,0.380207673295
15,0.184494573521,1.25547327203,-0.0536172955689,0.999804928023,-0.0140187360389,0.0139133367979,0.0,0.0828866838479,-0.598964385121,1.78488671012,0.925233992127,-0.00136613242105,0.00179263904739,0.379390273914
15,0.185013418418,1.26131129863,-0.057142768309,0.9997563834,-0.0143912667381,0.016735151395,0.0,0.0833186827429,-0.60099280498,1.79113158461,0.925394068001,-0.000639719725424,0.000493567429432,0.37900549608
15,0.183970123628,1.2489608934,-0.0506077258891,0.999837035945,-0.0146659771983,0.0105266645186,0.0,0.082426624518,-0.596618687736,1.77792282849,0.924660064764,-0.00173612047227,0.00360324200257,0.380772592454
15,0.184232436541,1.25607545226,-0.0533634255764,0.999829493985,-0.0126594765274,0.0134432366776,0.0,0.0826975669401,-0.599019516956,1.7852429838,0.925039821928,-0.0019922606874,0.00187562481162,0.379860291128
15,0.184057360022,1.25245884128,-0.0516151623084,0.999817038671,-0.0147904004825,0.0121298490252,0.0,0.0826115776403,-0.597768385529,1.78142274465,0.924594101275,-0.00127815974688,0.0029073652374,0.380940495907
15,0.184461270927,1.25800059543,-0.0539150685952,0.999802788226,-0.0148906945911,0.0131397058546,0.0,0.0830649176884,-0.5997962136,1.7871303856,0.925501075931,-0.00108533103064,0.00216779227088,0.378737219169
15,0.184832086154,1.26163601178,-0.054924754158,0.999751812171,-0.0149708268886,0.016498133328,0.0,0.0832219217014,-0.601064686774,1.7908393222,0.925571798503,-0.000436316011616,0.000631631962892,0.378571336058
15,0.185187321451,1.26533473904,-0.0562993408388,0.99972540408,-0.0168972978698,0.0162356940566,0.0,0.0835658141526,-0.602285916362,1.79473365735,0.925558159127,0.000410821268827,0.00110838228204,0.378603614336
15,0.184621475468,1.2601240777,-0.0536083420023,0.999802428759,-0.0142500534462,0.0138578289612,0.0,0.0831233468994,-0.600507900008,1.78920989418,0.925767600524,-0.00129536285791,0.00163588151323,0.378087285883
15,0.184462027037,1.25581881237,-0.0526718160683,0.999805525246,-0.0150523853595,0.0127411687714,0.0,0.0829439910828,-0.598940156121,1.78494479116,0.924868383562,-0.00120173073772,0.00231148237183,0.380278432178
15,0.184536757446,1.25721393954,-0.0526918406626,0.999753754541,-0.0147910178356,0.0165425533648,0.0,0.0830385628135,-0.599436180233,1.78618515646,0.925321451341,-0.000515471409327,0.000574168229497,0.379182827022
15,0.184593044374,1.25287613147,-0.0517869078977,0.999810406899,-0.0145008190284,0.0129952493088,0.0,0.082714722107,-0.597953837355,1.78206105397,0.924929499716,-0.00149818641676,0.0022806524914,0.380128892111
15,0.184650050579,1.25819751824,-0.0541125838882,0.999826002126,-0.0131319545548,0.0132482920468,0.0,0.0829852986869,-0.599849203487,1.78754731248,0.925393755782,-0.00194134839291,0.00185089003972,0.378997628134
15,0.184294171734,1.25394892746,-0.0523650855658,0.999804489016,-0.0149847041241,0.0129012552115,0.0,0.0827707036603,-0.598414129742,1.78309541823,0.924964398621,-0.001156910155,0.00235224778003,0.380044720753
15,0.184240155423,1.25777492391,-0.05340705804,0.999776379747,-0.0154475450547,0.0144417399278,0.0,0.0830429325666,-0.599635953628,1.78678668321,0.92570072563,-0.000580799989643,0.00148717399389,0.37825337745
15,0.184156760895,1.25777200027,-0.0531401295674,0.99979097585,-0.0167318514346,0.0117494577349,0.0,0.0829473670582,-0.599587827421,1.78671956205,0.925270022751,-0.000575437275298,0.00291509410899,0.379297450686
15,0.184927396369,1.26497646989,-0.0567125827268,0.999793830459,-0.0143159937344,0.0143996145718,0.0,0.0834383161951,-0.602242429094,1.79431958294,0.926068665765,-0.00111702988338,0.00136665925257,0.377350911983
15,0.183572829,1.25132172004,-0.0499490824752,0.999788773002,-0.0158985556975,0.0130247957757,0.0,0.0824742957582,-0.597302865771,1.78003309225,0.924681162172,-0.000690509224121,0.00220740413629,0.38073533969
15,0.184106753955,1.25571092223,-0.0521521381307,0.999829623176,-0.0151807568508,0.0105009161735,0.0,0.0828141387205,-0.598956520196,1.78459384124,0.925589483721,-0.00159955937334,0.00315067903093,0.378512380586
15,0.184152797306,1.25667820314,-0.0526299202562,0.999774201859,-0.0163733970984,0.0135446360388,0.0,0.0829014749644,-0.599303983175,1.78562345969,0.925543409593,-0.000477270366608,0.00185451841208,0.378636672728
15,0.184701094383,1.2595320147,-0.0538810791601,0.999790139757,-0.0156054569146,0.013272006615,0.0,0.0831233279613,-0.600323656475,1.78876040822,0.925550975701,-0.000813725455037,0.00222355306554,0.378615616478
15,0.18448768099,1.25346844802,-0.0508910673587,0.999774885789,-0.0165481117091,0.0132792222843,0.0,0.0827232596519,-0.598213286274,1.78261438346,0.924917246234,-0.000349586579386,0.00277541470145,0.380158207174
15,0.184607372408,1.25370797853,-0.0511378742692,0.999889863065,-0.0111160227082,0.00983340123439,0.0,0.0825491094608,-0.598345893064,1.78282746127,0.925322558346,-0.0035211009777,0.00356481698951,0.37914780356
15,0.184660943531,1.25403552371,-0.0518778874653,0.999779209781,-0.0145106352948,0.0151978009373,0.0,0.0827684274563,-0.598410931346,1.78323262725,0.925058545222,-0.000804736279917,0.00179953391415,0.379819433401
15,0.184555034969,1.2570553097,-0.0536127557491,0.999821632562,-0.0137265672457,0.0129724481884,0.0,0.0828624666936,-0.599538465526,1.78631036184,0.925468654532,-0.00153791488005,0.00255619958123,0.378812447182
15,0.184286954068,1.25591329124,-0.0531950453543,0.999794847485,-0.0156393271509,0.0128714563699,0.0,0.082892349397,-0.599135625208,1.78508415582,0.925338771651,-0.000672084763278,0.00275074493992,0.379130768185
15,0.184425715136,1.25826113249,-0.0547415911088,0.999816494139,-0.013584207443,0.0135073074649,0.0,0.0829963873208,-0.599942045504,1.78756303356,0.925473821467,-0.00155840489275,0.00186268033699,0.378803785059
15,0.18427403276,1.2585905148,-0.0543786706956,0.999803106011,-0.0152363216742,0.0127123449189,0.0,0.0828941974952,-0.59995089188,1.78772250697,0.925448387392,-0.000982963344644,0.00249170230579,0.378864233566
15,0.184222028315,1.25647692723,-0.052188093153,0.999796131906,-0.0149928392599,0.0135244000742,0.0,0.0829521115573,-0.599110549048,1.78532420159,0.925075939441,-0.00101000031608,0.00184935248399,0.379776336891
15,0.184066398557,1.25632212883,-0.0519394560488,0.999784047097,-0.0147059212607,0.0146831552953,0.0,0.0828424292051,-0.599055133034,1.78513812125,0.924977427569,-0.000942103903876,0.00114345838051,0.380019161927
15,0.184575562791,1.25549083711,-0.0524190600198,0.999784795741,-0.0156097155609,0.0136637837033,0.0,0.08284086547,-0.598821702383,1.78454094206,0.924928299697,-0.000776407567466,0.00219024860303,0.380134503067
15,0.184073990016,1.25193324176,-0.0516791620345,0.999838086143,-0.0135303541736,0.0118630102774,0.0,0.0825301260517,-0.597680592686,1.78106992593,0.92482985732,-0.00192923025904,0.00280850007679,0.380365778439
15,0.184763495508,1.25905005903,-0.0550224679657,0.999777016271,-0.0142844551339,0.0155522370815,0.0,0.083043822576,-0.600220658795,1.78852555336,0.925709622208,-0.000845179084032,0.0012689737495,0.378231900729
15,0.18460553142,1.26006324052,-0.0551516612611,0.999837794815,-0.0143149680685,0.0109300387832,0.0,0.0830285681063,-0.600615527277,1.78949598726,0.925789748758,-0.00180118208485,0.0031537750917,0.378021362544
15,0.184125166814,1.25361734882,-0.0520499390197,0.999842502773,-0.0118436349368,0.0132173355578,0.0,0.0826430188456,-0.598227287622,1.78263090704,0.92499616273,-0.00257799818248,0.00145446262967,0.379964916011
15,0.184497311962,1.25955056236,-0.0555713539291,0.999706391875,-0.0179112163103,0.0163192639113,0.0,0.083157793295,-0.60037862805,1.7887579292,0.925660795732,0.000955993976158,0.00127561757927,0.378351093722
15,0.183683929213,1.25484743513,-0.054021195766,0.999778677103,-0.0163582064864,0.0132289791939,0.0,0.0827131777507,-0.598669380598,1.78394549583,0.924998657509,-0.000332030921819,0.00221553561677,0.379963767699
15,0.184651526714,1.26354787422,-0.0578323381406,0.999756255056,-0.015249528418,0.0159650355559,0.0,0.0834597673131,-0.601718259824,1.79305417436,0.925715112722,-0.000295236635125,0.000750324188441,0.37822067623
15,0.183716511174,1.25335102432,-0.0520188999113,0.999823022185,-0.0153335267126,0.0108998746877,0.0,0.0825795999044,-0.598179594057,1.78226431538,0.925119031695,-0.00134216861999,0.00312625723073,0.379661957925
15,0.184048402325,1.25236370367,-0.0505882404427,0.999835905173,-0.0140794624953,0.0113987482759,0.0,0.0826016027205,-0.597635050092,1.78130694253,0.924505779175,-0.00192054973585,0.0027433419105,0.381153315393
15,0.184963628331,1.26069788205,-0.0550645902935,0.999742087626,-0.015457193609,0.0166383110631,0.0,0.0832752368418,-0.60077081838,1.78999710788,0.925516126965,-0.000197688714108,0.000728622521391,0.378707444812
15,0.184761548057,1.25920093522,-0.054473037696,0.999816892405,-0.0151667884582,0.0116683413616,0.0,0.0831095227175,-0.600156318562,1.78850494519,0.925427912652,-0.00133485244619,0.00294318879336,0.378909928997
15,0.185105262945,1.26063409632,-0.0577481445345,0.999821867568,-0.011942951681,0.0146150278346,0.0,0.0831748307546,-0.600844694896,1.79044241451,0.925332658126,-0.0020989508426,0.00138205494439,0.379147934366
15,0.184658243691,1.25591241622,-0.0552369584284,0.999772788038,-0.0152795335278,0.01486297933,0.0,0.0829001807937,-0.599153520731,1.7854013286,0.925102626725,-0.00059005191568,0.00175504729706,0.379712656722
15,0.184693207508,1.25945935937,-0.0559664399283,0.99970960269,-0.0168390780346,0.0172382058494,0.0,0.0832178404935,-0.60030475855,1.78884261414,0.925017241841,0.000625174778449,0.000707290064339,0.379923954487
15,0.183976008449,1.24944241527,-0.0502920145154,0.999858356371,-0.0144430820383,0.00864086660091,0.0,0.0824375954844,-0.596752088694,1.77825479209,0.924627460251,-0.00228649185317,0.00428025204673,0.38084184532
15,0.185115555363,1.25925936098,-0.0543098791889,0.999752594271,-0.0153984489995,0.0160511063746,0.0,0.0831096976554,-0.600218035351,1.78860223434,0.925368143806,-0.000321338667998,0.00137345518196,0.379067024141
15,0.185225536599,1.26127853215,-0.055960107806,0.999783967539,-0.0136852758082,0.0156438958685,0.0,0.0832321403505,-0.600968036619,1.79086237929,0.925717213267,-0.0011854299719,0.00114885606585,0.378212791886
15,0.184289561778,1.25329911661,-0.0521421567505,0.999891859892,-0.0113404459851,0.00936284182299,0.0,0.0824950438013,-0.598168932728,1.78245134026,0.925066457822,-0.00352174331695,0.00355353133855,0.379772324363
15,0.184296608172,1.25292356657,-0.0518029840035,0.999794074662,-0.014075323836,0.014618260172,0.0,0.0826222684352,-0.597936711493,1.7820264571,0.924518095111,-0.00112011593987,0.00180185160479,0.381132248023
15,0.185384554302,1.2614019295,-0.0561055581973,0.999768873516,-0.0136255618484,0.0166296005316,0.0,0.0832312343827,-0.601016344342,1.79100779362,0.925619437683,-0.000993054787596,0.000890030540448,0.378453270921
15,0.185345602378,1.25768847545,-0.0542374504518,0.999810546865,-0.0151381249025,0.0122355037303,0.0,0.0830197926036,-0.599721720369,1.78711916943,0.925358057349,-0.00134491952398,0.00312220211705,0.379079027045
15,0.184807631966,1.25554969663,-0.053092424562,0.999753104182,-0.015889827421,0.0155320334545,0.0,0.0829144579042,-0.598919440121,1.7848103137,0.924897553577,-0.00035064259837,0.00135877186556,0.380213816394
15,0.184908780965,1.25604940889,-0.0533422545184,0.99970463716,-0.0171937792845,0.0171759248574,0.0,0.0830032459834,-0.599087545955,1.7853453049,0.92526984543,0.000576440315012,0.000869240159674,0.379308087544
15,0.18343469965,1.25042299505,-0.0508698290041,0.999878678804,-0.012322816551,0.00952763697205,0.0,0.0823913894187,-0.59706608234,1.77923356949,0.92465310155,-0.00306845451176,0.0029456874151,0.380786750434
15,0.183876074563,1.25499172798,-0.0524564539007,0.999773416827,-0.0138305512279,0.0161811883948,0.0,0.0827539335271,-0.598621947738,1.78389029482,0.925052276545,-0.000943916975354,0.000408803053972,0.379838422965
15,0.185086949054,1.26230307166,-0.0558264747883,0.999717746887,-0.0165476924156,0.017047006635,0.0,0.0833372133849,-0.601401067589,1.79177031324,0.926038827279,0.000437349030172,0.000880109719007,0.377426979037
15,0.184688966916,1.25856074066,-0.0540202172475,0.999740667402,-0.0155704876834,0.0166179979415,0.0,0.0830029193018,-0.600003878547,1.78786252623,0.92556906318,-0.000191199914622,0.000716615315868,0.378578075422
15,0.184972921061,1.25854008673,-0.053377623906,0.999808269284,-0.0148875188062,0.0127195304214,0.0,0.0829781375977,-0.600027391795,1.78781767551,0.925735897781,-0.00132033960754,0.00260707533737,0.378159367755
15,0.184731020695,1.25638563732,-0.05296227752,0.999765332709,-0.0162417435651,0.0143347577477,0.0,0.0828910960696,-0.59915600771,1.78546534519,0.925259387572,-0.000362788465096,0.00208482980006,0.379329128303
15,0.184571477012,1.25742943701,-0.0536553253299,0.999802455098,-0.0145198475257,0.0135729439664,0.0,0.0828342441325,-0.599585891621,1.78661611221,0.925312344842,-0.00115063681099,0.00228268174178,0.379197217662
15,0.18447731883,1.25588354202,-0.0535351413287,0.9997255098,-0.0151535808889,0.0178682411139,0.0,0.0828420812546,-0.599054546458,1.78512788345,0.924824889067,-4.95430881272e-05,0.000248848443108,0.380393033825
15,0.184799481373,1.25768672126,-0.0540068756832,0.999746928987,-0.0138797019343,0.0177040067856,0.0,0.0831046999304,-0.599688191558,1.78711027439,0.924959680195,-0.000672666509034,5.92860322831e-05,0.380064644526
15,0.184727161116,1.25636819328,-0.0531681386695,0.999836528347,-0.0138949258347,0.011569253169,0.0,0.0828425360793,-0.599271817913,1.78573021225,0.925437481461,-0.00205789797246,0.00274678545334,0.378884795332
15,0.184328145965,1.25143752253,-0.0510480235243,0.99988724047,-0.011030351962,0.0101900776172,0.0,0.0824997071573,-0.597500798653,1.7805238146,0.92502840497,-0.00368485320225,0.00277822426512,0.37986991632
15,0.185180079645,1.25864896267,-0.0548579862352,0.999761072648,-0.0149944339897,0.0159048598311,0.0,0.0831181498162,-0.6000058493,1.78799638,0.925429158449,-0.000671001525405,0.00113380847103,0.378918377659
15,0.184324455267,1.25529180132,-0.0533480635814,0.999790716294,-0.015054787257,0.0138519671088,0.0,0.0827642923866,-0.598820757124,1.78423624192,0.925134899276,-0.000966189736296,0.00189133977764,0.379632595352
15,0.184769396862,1.2624968614,-0.0562156260744,0.999760237632,-0.01466772483,0.0162580779264,0.0,0.0832793092248,-0.601328844392,1.79170311392,0.925633215017,-0.000656933082899,0.00049058773628,0.37842103406
15,0.184530179558,1.26201359338,-0.0559245841432,0.999723167174,-0.0175036790744,0.0157229206616,0.0,0.0832561408087,-0.601156861844,1.79138764168,0.925632574646,0.000479430468696,0.000975539786756,0.378421927512
15,0.184409500919,1.25852507702,-0.0541240680958,0.999783106389,-0.0163269256609,0.0129294886498,0.0,0.0829670525437,-0.600012945322,1.787792984,0.925453925846,-0.000677683032876,0.0021308377408,0.378853575161
15,0.184490295158,1.25978052516,-0.0549164644077,0.999795195072,-0.0147243200943,0.0138838866684,0.0,0.0830557397636,-0.600446748981,1.78908385056,0.925652196498,-0.00115239614995,0.00149042940142,0.378370799245
15,0.184407166424,1.25859055957,-0.054381665533,0.999817338736,-0.0145756643665,0.0123628140187,0.0,0.083001053587,-0.600005692248,1.78785445367,0.925287537151,-0.00152600080718,0.00215742333214,0.379257156081
15,0.184470323245,1.25716172933,-0.0536535684814,0.999776311296,-0.0139504628479,0.0158969165936,0.0,0.0829690611425,-0.59937932729,1.78637392011,0.92496032923,-0.000915167205587,0.000953694840483,0.380061366473
15,0.184455599905,1.25883152148,-0.0555057528152,0.999746264575,-0.0150165346725,0.0167901803225,0.0,0.0831076306269,-0.600129095605,1.78825806011,0.925354317418,-0.00014937174738,0.000762290937975,0.379102603311
15,0.184276570216,1.25467432571,-0.0534234045612,0.999737085124,-0.016517483841,0.0159038786001,0.0,0.0828279251469,-0.598621692195,1.78393055009,0.924737456169,0.000297895740989,0.00151528640118,0.380602485965
15,0.184440073643,1.25754237596,-0.0541174676248,0.999839919667,-0.0126814421218,0.0126220468123,0.0,0.0829345244761,-0.599680650263,1.78690949549,0.925282170156,-0.00208337643483,0.00232050423597,0.37926663496
15,0.184500110821,1.25884578506,-0.0547333853637,0.999823644248,-0.0133963455579,0.0131612434082,0.0,0.082962469971,-0.600142154053,1.78827626822,0.92538046961,-0.00164807461402,0.00221743075945,0.379029488715
15,0.184523325429,1.26001294633,-0.0538797458537,0.999830335193,-0.0136856863483,0.0123289422393,0.0,0.0830166619378,-0.600535089074,1.78929072064,0.925498407979,-0.00171704805658,0.00255090239846,0.378739014984
15,0.184545271554,1.26323794923,-0.0557647694826,0.999769081338,-0.0149761212227,0.0154110282833,0.0,0.0832460156015,-0.601619728783,1.7925785289,0.925784641265,-0.000646640025689,0.000812281426936,0.378049890959
15,0.183609022553,1.25013714484,-0.0499183076563,0.999747042536,-0.0162643470059,0.0155345407989,0.0,0.0825302363748,-0.596982897157,1.77888783851,0.92460088403,-0.000126836923821,0.000882345145911,0.380936229085
15,0.183685625367,1.25390743981,-0.0521353460601,0.999795196768,-0.0144420773249,0.0141771267447,0.0,0.08276213563,-0.598250183678,1.78279139055,0.925266974554,-0.00121265030257,0.000955949331831,0.379313381573
15,0.184062165155,1.25647573328,-0.0535744932387,0.999834697232,-0.0139639422838,0.0116441628162,0.0,0.0828586208974,-0.599136545339,1.78558633658,0.925258909918,-0.00190886292005,0.00230237167558,0.379324405943
15,0.184557365294,1.25997584865,-0.0558376217435,0.999777394659,-0.0154857292836,0.0143301541427,0.0,0.0832101481246,-0.600474197362,1.78926753144,0.925350821487,-0.000569431376876,0.00165017609858,0.379107913185
15,0.184444508531,1.26140771833,-0.0564217106986,0.999741747643,-0.0153362144378,0.01677016836,0.0,0.083217438276,-0.600988649897,1.79071270644,0.925644257755,-5.81503147752e-05,0.000552882236706,0.378394501844
15,0.183725940694,1.25185111276,-0.0521895426466,0.999831071378,-0.0132553026224,0.0127328575082,0.0,0.0825583669399,-0.597600364347,1.78076521731,0.924626077898,-0.00177988213625,0.00223405261564,0.38086540549
15,0.184499927733,1.25888339439,-0.0543025883551,0.99978966288,-0.0141169736136,0.0148775352327,0.0,0.0830832669864,-0.600085567098,1.78810002895,0.925300830232,-0.00100846474675,0.00138005584683,0.379230077944
15,0.18440033116,1.25593731947,-0.0527883568482,0.999819358794,-0.0140859032255,0.0127607644919,0.0,0.0827856399665,-0.599095836105,1.78496711521,0.925406902623,-0.00155958225102,0.00236801314633,0.378964410987
15,0.185028849706,1.26208093561,-0.0563747552601,0.999718779546,-0.0166887475605,0.0168477751411,0.0,0.0833978685675,-0.60117663274,1.79159307169,0.925498273706,0.000453946404098,0.000884220032851,0.378750521393
15,0.185200165291,1.26312261588,-0.0577202617285,0.999722275919,-0.016898985765,0.0164254470845,0.0,0.0834523727873,-0.601590418626,1.79264827788,0.925779630652,0.000434112564859,0.00115076869168,0.37806158592
15,0.184943213815,1.25841314659,-0.0550554770599,0.999815042507,-0.013494609439,0.0137031489932,0.0,0.0829918550687,-0.599975387566,1.78779420331,0.925579191836,-0.00168126444523,0.00198971134413,0.378545075306
15,0.185055618488,1.25818076266,-0.0544714878734,0.999849480262,-0.0123800229833,0.0121553219153,0.0,0.0829576988444,-0.59986265036,1.78750577365,0.925208125762,-0.00251087198994,0.00260154823621,0.379442817157
15,0.184999514804,1.25732322032,-0.0540457339926,0.999771960638,-0.0148053776065,0.0153892012622,0.0,0.0829231925904,-0.599573666982,1.78659194064,0.925186017059,-0.000748870846198,0.00161048151447,0.379509788253
15,0.184528702837,1.25944309,-0.0551094287973,0.999817383802,-0.0133572391148,0.0136668654297,0.0,0.0830359540244,-0.600239455732,1.78866102433,0.925564706505,-0.00171530500705,0.00160261909417,0.378582175244
15,0.18404492334,1.26050155173,-0.0547534376785,0.999779610823,-0.0147122797818,0.0149759342475,0.0,0.0831386064643,-0.600619653306,1.78963393874,0.92543479741,-0.000803600582809,0.000749775238453,0.378905301897
15,0.184126498514,1.25895964845,-0.0541738923392,0.999770811706,-0.0160057387033,0.0142176084277,0.0,0.0831102129741,-0.600017755846,1.7880530182,0.92540356054,-0.000333395708609,0.00157427494196,0.378979762843
15,0.183751903453,1.25679954595,-0.0525534983547,0.999809875303,-0.012860889327,0.0146564242828,0.0,0.0829413191497,-0.599203315079,1.78573051428,0.924971143223,-0.0016383203236,0.000699526071183,0.380033170623
15,0.183671484543,1.25497872701,-0.0531169555986,0.999777099042,-0.0165911411884,0.0130570388811,0.0,0.0827808643108,-0.598672973778,1.78389013526,0.924940610157,-0.000243570536072,0.00231121235906,0.380104547005
15,0.18358064434,1.25615528689,-0.0539218531988,0.999811768604,-0.0147815020838,0.0125672016682,0.0,0.0828411700913,-0.599123498771,1.78524588724,0.92513508569,-0.00115468354208,0.00200869065249,0.379631011764
15,0.184026174581,1.2562096332,-0.054484308494,0.999802004307,-0.0148276519381,0.0132700008512,0.0,0.0829309947375,-0.599238274915,1.78551225515,0.925271848475,-0.00107151367309,0.00183473223231,0.379298684465
15,0.184215803998,1.25402281985,-0.0530793916185,0.999808929971,-0.0142134986268,0.0134193891935,0.0,0.0827753276662,-0.598474313868,1.78339308533,0.924911823032,-0.00135882394851,0.00192880855386,0.380174371717
15,0.184056915532,1.25567140412,-0.0535346569043,0.999825645556,-0.0128002293003,0.013595316015,0.0,0.0828251376764,-0.599018980079,1.78505772994,0.92505233417,-0.00195662098821,0.00137657123828,0.379832141521
15,0.184619303266,1.26434961543,-0.0574952233475,0.999772201926,-0.0152191457959,0.0149640187235,0.0,0.0834752084414,-0.602057369104,1.79410591692,0.925636730239,-0.000527643557141,0.00105617295397,0.378411482018
15,0.184091361599,1.25988785907,-0.0544425619037,0.99974390288,-0.0173628972986,0.0145140777202,0.0,0.0831524125346,-0.600401115661,1.78915957451,0.925276146411,0.000353792339448,0.0016035382377,0.379290596218
15,0.183886211009,1.25860912875,-0.0539316581167,0.999845343393,-0.0138511218514,0.0108367762028,0.0,0.082977202272,-0.59987998698,1.78788051746,0.925362883326,-0.0019962660138,0.00257593168196,0.379068481493
15,0.184191589498,1.25656651479,-0.0532423579278,0.999814510183,-0.0153249163581,0.0116658547475,0.0,0.082910167706,-0.599249704315,1.78557928285,0.924993098674,-0.00124831155483,0.00270449260836,0.379972229042
15,0.184450350624,1.26204377387,-0.0561608512667,0.999753962026,-0.0159875316369,0.0153757681089,0.0,0.083178330167,-0.601137376976,1.79138795326,0.925767746589,-0.00016563500803,0.00109000679423,0.378091078744
15,0.184238653509,1.25980434546,-0.055215394206,0.99976207625,-0.0168901061551,0.01380272462,0.0,0.0831738958916,-0.600365924012,1.78901655722,0.925663234241,-2.45238078818e-05,0.00193133924664,0.37834355565
15,0.184122807735,1.25666742515,-0.0538536388748,0.9997492716,-0.0172048002947,0.0143313914575,0.0,0.0829784834707,-0.59926301112,1.78584096891,0.925115673633,0.000260470646476,0.00196887042493,0.379680189241
15,0.184577853468,1.26064363718,-0.0559284644602,0.999755776009,-0.0164316037202,0.0147780491477,0.0,0.0831927348255,-0.60077117335,1.78999141134,0.925583883439,-4.25227386621e-05,0.00165446781035,0.378538948652
15,0.183698766654,1.25289981599,-0.0523307342831,0.999886667213,-0.0126554644101,0.00815425958869,0.0,0.0825001256238,-0.597976102677,1.78190493528,0.924808056616,-0.00309969015595,0.00392853331139,0.380401126399
15,0.184093639419,1.25343062422,-0.0515473267129,0.999764959491,-0.0156945766393,0.0149568057594,0.0,0.0826879951228,-0.598147251849,1.7824621081,0.924785069143,-0.000360273039166,0.00157612918315,0.380486480587
15,0.184692938037,1.26042039218,-0.0542264500192,0.999823299763,-0.0141833828814,0.0123369729286,0.0,0.0830799193346,-0.600681963669,1.78968071317,0.925857341022,-0.00154637817023,0.00259866807943,0.377861138138
15,0.184842588704,1.25784926785,-0.0526663993407,0.999808635094,-0.0125701438445,0.0149894855067,0.0,0.0829587471298,-0.599724579661,1.78700880425,0.925264046083,-0.00173793758964,0.00140872412989,0.379317070662
15,0.184611987121,1.25880996006,-0.0532423353605,0.999774264846,-0.0147659594914,0.0152769693415,0.0,0.0830753917556,-0.600015481211,1.78788408608,0.92524349856,-0.000636473227195,0.00146098435375,0.379370437433
15,0.184314118815,1.25711856505,-0.0537845024796,0.999805193467,-0.0152425872626,0.0125394836178,0.0,0.0829835696849,-0.599421780697,1.78628160082,0.924969629851,-0.000919003813021,0.00274910079935,0.380029974779
15,0.184303984002,1.25924376779,-0.05528345439,0.999810852193,-0.0140274142303,0.0134718776649,0.0,0.0830889555894,-0.600226454592,1.78847030577,0.925783822331,-0.00127381863932,0.00195000093626,0.378046146908
15,0.183390007175,1.25066713719,-0.0517387064395,0.999816013129,-0.0137002044307,0.0134255088852,0.0,0.0823864109332,-0.597183860445,1.77956751008,0.925136602052,-0.00142979359737,0.00188796203628,0.37962699961
15,0.184488662414,1.25887817593,-0.0548208703931,0.99976171798,-0.0146284181291,0.016202365398,0.0,0.0830729809896,-0.600074373478,1.78814560626,0.925340627393,-0.000584775418893,0.000715507276205,0.379135687299
15,0.185189249275,1.26419495958,-0.0572092369763,0.999747997885,-0.0167260924694,0.0149725934936,0.0,0.0834053023069,-0.602004093371,1.79372927532,0.926059449444,2.73547773605e-05,0.00171641475282,0.377373752754
15,0.184997873836,1.26189592193,-0.0554274141548,0.999745364627,-0.0168513652688,0.0150079110793,0.0,0.083331642721,-0.601147518177,1.79134979171,0.925366389036,0.000141513583419,0.00175900552484,0.379069824592
15,0.184314694682,1.2562052103,-0.0528156362785,0.999765704236,-0.0158303246329,0.014762704907,0.0,0.0829592810921,-0.599151486809,1.7852684842,0.925285990668,-0.000351463555533,0.00155098692106,0.379266801059
15,0.184818498326,1.26215358016,-0.0557094395284,0.99978942422,-0.0143859035449,0.0146339672338,0.0,0.0833193741892,-0.601196672381,1.79156916418,0.925658497502,-0.00103957294036,0.00131723933491,0.378356353417
15,0.184152096801,1.25824141623,-0.0535375371733,0.999814341075,-0.014648169014,0.0125185672497,0.0,0.0829664635475,-0.599819757104,1.78736841955,0.925120368923,-0.0013985059481,0.00202729919399,0.379665954811
15,0.184256647834,1.25534220948,-0.0524235454143,0.999835546633,-0.0130342835847,0.0126090102528,0.0,0.0827837400277,-0.598852375175,1.78454502097,0.925357290748,-0.00208971551714,0.00205108097213,0.379084833006
15,0.184784471807,1.25818357106,-0.0552138018556,0.999749114041,-0.0155385237477,0.016132676596,0.0,0.0830855468386,-0.599916759931,1.78767033399,0.925422051918,-0.000220019602675,0.00112461999032,0.378936291012
15,0.184227317116,1.25344111541,-0.0526713946484,0.999807010207,-0.0145818399385,0.0131648124098,0.0,0.0826684926049,-0.598195992214,1.78257322226,0.925051283519,-0.00128538175213,0.00220769695159,0.379833643492
15,0.184354435367,1.25541817158,-0.0525921832861,0.999759097717,-0.0139684905337,0.0169300857485,0.0,0.0828481435806,-0.598732487785,1.78438413306,0.924937061176,-0.000853207703372,0.000205953865754,0.380119274022
15,0.184607113574,1.26056412625,-0.0539967776667,0.999817615219,-0.0142965904556,0.0126626932032,0.0,0.0831423944185,-0.600601698142,1.78956004773,0.925722358762,-0.00149836653255,0.00222411458751,0.378194292264
15,0.184279843396,1.25799678017,-0.0528955997605,0.99972708077,-0.0163940964486,0.0166432441829,0.0,0.0830261344921,-0.599671355738,1.78694673896,0.925234315384,0.00030333737672,0.000741835995882,0.37939533379
15,0.184646476144,1.26134354092,-0.0554246284627,0.999740945607,-0.0161449610499,0.01604312652,0.0,0.0832907494839,-0.60089374627,1.79073797059,0.925400969131,3.73741474696e-05,0.000875584514905,0.378988493608
15,0.184631141228,1.26039454842,-0.0558012104914,0.999787120879,-0.0165314827842,0.0123459710551,0.0,0.0832205263357,-0.60064328466,1.78980679688,0.925549575489,-0.000563204009344,0.00264180752407,0.37861680756
15,0.184434167073,1.25815807813,-0.0550328339823,0.999774020534,-0.016159121223,0.0138126995011,0.0,0.0830940655818,-0.599817172469,1.78748600283,0.9250303058,-0.000473058474089,0.00180291161664,0.379888745657
15,0.185074404786,1.26437190102,-0.057869545374,0.999729416628,-0.016378687817,0.0165176304021,0.0,0.0834999623036,-0.602153241375,1.79400566586,0.926094175925,0.000196576379293,0.000758648467734,0.377291615501
15,0.184721585473,1.25983900424,-0.0551285314718,0.999795206247,-0.0167880961727,0.0113006810854,0.0,0.0831485616425,-0.600413425385,1.78912365707,0.925938682047,-0.000703163832765,0.00328677937273,0.377658919834
15,0.184880612732,1.25691872499,-0.0542758659912,0.999740293512,-0.0164973101926,0.0157220954404,0.0,0.083038256624,-0.599396495564,1.78634531973,0.925103835108,4.31321950621e-05,0.00146000969496,0.379711417764
15,0.184664747109,1.25901845605,-0.0556375250304,0.999799550244,-0.0143253584047,0.0139872598448,0.0,0.0830499020917,-0.600167972666,1.78837204706,0.92543478518,-0.00116951362494,0.00183864410982,0.378900659809
15,0.184391233668,1.25732170154,-0.0551374799744,0.99979229052,-0.0134810464783,0.0152851955634,0.0,0.0829096894706,-0.599659328086,1.78664763951,0.925164539802,-0.00128642397228,0.000991169873463,0.379562823507
15,0.18374101405,1.25183052611,-0.0522710552546,0.999816999881,-0.0150016739912,0.0118708267185,0.0,0.0825041830242,-0.597625820965,1.78070665013,0.925088641489,-0.00126214700651,0.00281660180247,0.379738698485
15,0.184148724339,1.25801933138,-0.0547276622515,0.999781080076,-0.0154079372139,0.014155825398,0.0,0.0830827921529,-0.599671691662,1.78719028909,0.925132691294,-0.000681533766126,0.00140877209893,0.379640691144
15,0.183951121493,1.25529712613,-0.0529563559697,0.999739112816,-0.016767671139,0.0155097230882,0.0,0.0828713432426,-0.598797598814,1.78424573043,0.925097884592,0.000238924130599,0.00117970310916,0.379726816462
15,0.184507187514,1.26160425326,-0.0555843638083,0.999758457957,-0.014635095636,0.0163963325116,0.0,0.0832681088732,-0.601004057311,1.79090957694,0.92572303197,-0.000609609542133,0.000245582314417,0.378201581363
15,0.184472150815,1.25523521309,-0.0526946318745,0.999837710651,-0.0133113269978,0.0121392311448,0.0,0.0827612847934,-0.598742407026,1.78434299347,0.925025439595,-0.00211478304339,0.00244149057676,0.3798914357
15,0.184777729001,1.2605631429,-0.0553322139471,0.999844340495,-0.0126442182569,0.0123052234392,0.0,0.0831108859356,-0.600685683605,1.78984484559,0.925825168861,-0.00235444306363,0.00214872397417,0.377938614441
15,0.184836325732,1.26135757241,-0.0556757652608,0.999789106267,-0.0154864941845,0.0134874566764,0.0,0.0831501464476,-0.600989903319,1.79065631852,0.925842019808,-0.000815497023566,0.00218342444923,0.377903588207
15,0.183387838889,1.24951327359,-0.0512715751574,0.999836909575,-0.0138750488608,0.0115601587236,0.0,0.0824857437157,-0.596793933413,1.77837301678,0.924781023169,-0.00172797248076,0.00268010917582,0.380486386502
15,0.183830037853,1.25597556233,-0.0544433287728,0.999873436021,-0.0112632842372,0.0112361189251,0.0,0.0827726425546,-0.599003360469,1.78523252535,0.924878258209,-0.00298983085919,0.00230362576223,0.380244607736
15,0.184744157634,1.2592495348,-0.0549937445988,0.999715875275,-0.0175887402673,0.0160874155323,0.0,0.0831342889302,-0.600218317359,1.78857618128,0.925357437662,0.000645490261117,0.00132608092337,0.37909291396
15,0.184655182728,1.25753673889,-0.0538487462462,0.999793311901,-0.0154547882735,0.0132092012602,0.0,0.0829855356949,-0.599585110098,1.78684652485,0.925075579099,-0.000962520232148,0.00220169985666,0.379775458695
15,0.184463160484,1.25686975534,-0.0540576730996,0.999794918484,-0.014391608146,0.0142478976628,0.0,0.0829068487171,-0.599399862432,1.78625731485,0.925304538228,-0.0011745324127,0.00154373248263,0.379219921548
15,0.184657016084,1.25922085212,-0.0555614517228,0.999817862418,-0.0142669735234,0.0126765711908,0.0,0.083055016394,-0.600270750165,1.78884161407,0.925585927096,-0.0015607615127,0.00217081913633,0.378528127264
15,0.185009359933,1.26250092023,-0.0570745723012,0.999716397758,-0.0177844343292,0.0158378644198,0.0,0.0833279152692,-0.601463258236,1.79225862704,0.925667358948,0.000686430522285,0.00143411571519,0.378335053496
15,0.184512911939,1.25929102819,-0.0545201713521,0.999744340469,-0.0158507135024,0.0161247816068,0.0,0.083153659393,-0.600208255167,1.78842453716,0.925378706635,-0.000118479336561,0.000771715122244,0.379043057876
15,0.184044862962,1.25506768123,-0.0528780955059,0.999818337178,-0.0150434813592,0.0117041151789,0.0,0.0829057411426,-0.59865574911,1.78403549563,0.924989191951,-0.00139761155805,0.00248210311094,0.379982737267
15,0.184245716199,1.2585495944,-0.0551528288885,0.999756144695,-0.0163955336957,0.0147931612459,0.0,0.0831178381783,-0.599946014684,1.78792377073,0.925201615505,-0.000114705077782,0.00131563331754,0.379473617816
15,0.184629641465,1.26076195435,-0.0569428734781,0.999808106411,-0.0141785481525,0.0135173639205,0.0,0.0830892904944,-0.600792294444,1.79038430273,0.925424363973,-0.00135442127132,0.00187005078736,0.378925342275
15,0.184378832885,1.25686500531,-0.055138634628,0.99979006276,-0.0141502727977,0.0148189131106,0.0,0.082933037579,-0.599380998516,1.78632373337,0.924904987616,-0.00110348834012,0.00127015800087,0.380194598719
15,0.184296860726,1.25980231856,-0.0561720688084,0.999747146442,-0.016963723146,0.0147605988556,0.0,0.0832337704951,-0.600383933462,1.78916904816,0.925328565102,0.000306093725318,0.00173164163765,0.379162174181
15,0.183715498888,1.25358579639,-0.0531766616587,0.999757408202,-0.0174920250823,0.0133848348715,0.0,0.0828008761388,-0.598216635979,1.78260619684,0.924984665959,0.000273001516914,0.00246742220128,0.379996322401
15,0.183350225791,1.25296090255,-0.0524031429975,0.999877812549,-0.0136604604388,0.00759945996955,0.0,0.0825779597323,-0.59788809466,1.78194516377,0.924934656644,-0.00269077647021,0.00413328529357,0.380094141776
15,0.184301814015,1.25808086382,-0.0539814111179,0.999862529565,-0.0124486956655,0.0109522576829,0.0,0.0829035951301,-0.59981814632,1.78724942076,0.925420269713,-0.00274413942054,0.00246553198006,0.378924418921
15,0.183317381187,1.24606747474,-0.0481461381433,0.999815770001,-0.0153972340198,0.0114608569224,0.0,0.0822503906617,-0.595436382237,1.77466553544,0.923970340583,-0.00129900827459,0.00275489592363,0.382452000713
15,0.18471913425,1.26002920913,-0.0539469868372,0.9998026528,-0.0152034137949,0.0127871678728,0.0,0.0830444255582,-0.60047874428,1.78913066114,0.925547871609,-0.00116778569325,0.00230788840457,0.378621773394
15,0.184938596124,1.26480287645,-0.0560107696181,0.999768030725,-0.0155116829102,0.0149423034557,0.0,0.0834260310742,-0.602121723,1.794108019,0.925958746849,-0.000530183885305,0.00124678116457,0.377622249842
15,0.184122993608,1.25658993702,-0.0521384754741,0.999824026731,-0.0145045935424,0.0118967364122,0.0,0.0828073525308,-0.599214363902,1.78548962336,0.925318727999,-0.00160507058539,0.00243649596311,0.379179032716
15,0.184278072955,1.26149360849,-0.0552431786942,0.999755613459,-0.0158123522433,0.0154493648398,0.0,0.0831718474671,-0.601079961197,1.7907945472,0.92595435817,-0.000232164102404,0.000853683163204,0.377634405094
15,0.184224827735,1.25780543413,-0.053952721801,0.999706653804,-0.0174957100494,0.0167483273524,0.0,0.0830589025621,-0.599617738081,1.78695613627,0.925447345894,0.000917853974194,0.00101084397842,0.378873785998
15,0.184145906685,1.25797008572,-0.0538667896732,0.999656626543,-0.0163674966041,0.0204629925478,0.0,0.0829763073674,-0.599792619239,1.78701373507,0.925228649096,0.00115203980605,-0.000916849918964,0.379407141582
15,0.184022599708,1.25540369521,-0.0515487854305,0.999755506398,-0.0147875003256,0.0164395030935,0.0,0.0828360600749,-0.598690578873,1.78410560772,0.924838728877,-0.000386008445393,0.000715648012549,0.380358599764
15,0.183886874627,1.25371370501,-0.0512329519236,0.999807197903,-0.0150308963776,0.0126348397132,0.0,0.0826917894471,-0.598197793865,1.78250051307,0.925014529898,-0.0010903676114,0.00242023091702,0.379922456638
15,0.184579509628,1.25702484862,-0.0545157917853,0.999791065274,-0.0125371920773,0.0161444917211,0.0,0.0828968844521,-0.599410738515,1.78641801618,0.92504628114,-0.00145612392533,0.000814240727067,0.37985075288
15,0.184187668275,1.25545418379,-0.0545409719824,0.999828187365,-0.013986043015,0.0121649641073,0.0,0.0828677658316,-0.598905513543,1.78474365226,0.9251909593,-0.00146887868836,0.00287767923855,0.379488142355
15,0.184292250782,1.25448479157,-0.0532656056376,0.99983402554,-0.0140165907567,0.0116385805068,0.0,0.0828315813952,-0.598458782181,1.78364372195,0.924982662788,-0.00159837602768,0.00322795214701,0.379992235527
15,0.184625087282,1.25836444994,-0.0541916511326,0.999756508944,-0.0154155648118,0.0157887043828,0.0,0.0831219729481,-0.59988813777,1.78758749848,0.92493385858,-0.000252462832471,0.00128668785249,0.380125818577
15,0.185152706733,1.26214837643,-0.0550042096975,0.999758747615,-0.0141528579377,0.0167971182035,0.0,0.0833775485713,-0.601210225307,1.79151222358,0.925534478378,-0.000648026143585,0.000700177484886,0.3786621438
15,0.184294211278,1.25690478742,-0.0528237200193,0.999770962896,-0.0152458006241,0.0150195643728,0.0,0.0829270850431,-0.599370193911,1.78599383318,0.925387668467,-0.000493960551346,0.00148925685811,0.379018734585
15,0.184348434896,1.2583556781,-0.0529022141122,0.999818927076,-0.0130677224193,0.0138328483034,0.0,0.0829675104924,-0.599832982411,1.78742919059,0.925382730361,-0.00174916356931,0.00153892923138,0.379026878298
15,0.185114208391,1.26377894467,-0.0550456729115,0.999748560678,-0.0151922374691,0.0164927663524,0.0,0.0834093416795,-0.601731093209,1.7931092228,0.925541150619,-0.00029751857675,0.000813166008172,0.378646046797
15,0.18480065239,1.256878491,-0.0515827318751,0.999813125991,-0.0141971069058,0.0131207946503,0.0,0.0829232429106,-0.599370545597,1.78594496191,0.925456378891,-0.00152026735588,0.00229192066655,0.378844198393
15,0.184271300912,1.25442763194,-0.050741117064,0.999821711373,-0.0142905045773,0.0123420802765,0.0,0.0827367525075,-0.598469578544,1.783321443,0.924860301276,-0.00143887661958,0.00281115873871,0.380293899693
15,0.184521896775,1.25779903018,-0.0534596288425,0.999837342753,-0.0135586709915,0.0118932954838,0.0,0.0829347751888,-0.599725223192,1.786973074,0.925465415984,-0.00195097505807,0.0026411034572,0.37881787456
15,0.184404370083,1.25706935904,-0.0531225427436,0.999789570233,-0.0155776565207,0.0133473544596,0.0,0.082983009753,-0.59929554044,1.78619785556,0.924794597181,-0.000640979328327,0.00244740039958,0.38045834516
15,0.184122900996,1.25448933825,-0.0521990712304,0.999786606164,-0.0156924646497,0.0134346078582,0.0,0.0827063942921,-0.598484808351,1.78347313439,0.924974459461,-0.000679784657425,0.00224755841133,0.380022020044
15,0.184384623666,1.25831977002,-0.0538530425152,0.999802272119,-0.0140781846689,0.0140435530406,0.0,0.082863039688,-0.599916019079,1.78736479983,0.925899798837,-0.00125258538198,0.00175192826315,0.377763053104
15,0.184582821967,1.25981929128,-0.0544153030355,0.999761677339,-0.0146174743199,0.0162147453931,0.0,0.08317749634,-0.600344927263,1.78893182572,0.925566502221,-0.000532026279682,0.000793935361671,0.378583856737
15,0.184327225157,1.26064967487,-0.0549329966711,0.999842017347,-0.0138179942926,0.0111804911217,0.0,0.0831052739992,-0.600678857476,1.78983476039,0.925851801859,-0.00184415592488,0.00290097329468,0.377871174393
15,0.184935589275,1.26396710281,-0.0563802594397,0.999794441974,-0.0122372814473,0.016165479928,0.0,0.0834383792627,-0.601799923377,1.7935076041,0.925536399811,-0.00153355786565,0.000536680391605,0.37865516344
15,0.184836865039,1.26080150814,-0.0552521844304,0.999787225892,-0.013724695131,0.0153992105738,0.0,0.0831844304873,-0.600797290545,1.79024270002,0.925588413878,-0.00102321241321,0.00137684724373,0.378527601931
15,0.185691475503,1.26305072273,-0.0564457906414,0.999739441393,-0.0154750993333,0.0167800662738,0.0,0.0835088198254,-0.601556003311,1.79272298881,0.925726426498,-0.000155916289041,0.0010808830218,0.378192266797
15,0.184686415761,1.25716110512,-0.0540457400302,0.999742318643,-0.0170434245707,0.0149939318631,0.0,0.0829807183085,-0.599437358243,1.78635111185,0.925244569164,0.000174058395302,0.00184911997526,0.379366627014
15,0.184809194323,1.25866686031,-0.0548519634553,0.999754335221,-0.0161374152246,0.0151938486662,0.0,0.0830298064623,-0.60003580017,1.7879420662,0.925485095265,-0.000342109234504,0.00129473322197,0.378781658834
15,0.184820952617,1.26097047562,-0.056173315446,0.999753917397,-0.0156645639893,0.0157075168099,0.0,0.0832384410793,-0.600819138642,1.79038995154,0.925529889832,-0.00031888618597,0.0010086802669,0.378673083152
15,0.18440968128,1.25593067474,-0.0533834549483,0.999774446376,-0.0157960634393,0.0141965049391,0.0,0.0828665578351,-0.599010645546,1.78519221357,0.924985651049,-0.000546774359787,0.00183965560337,0.379997186909
15,0.184392899291,1.25730638859,-0.0539417978635,0.999754838897,-0.016029930701,0.0152742732516,0.0,0.0830137175524,-0.599431503787,1.78664803025,0.924930860043,-0.000112674648819,0.00144140341754,0.380132626593
15,0.184133423622,1.25502152411,-0.0517653439871,0.99980932824,-0.0137251356681,0.0138898457329,0.0,0.0827667915322,-0.598699853434,1.78394547035,0.924853044777,-0.00151622773708,0.00152456880545,0.380318580022
15,0.1841834835,1.25814177359,-0.0528620432786,0.999798317398,-0.0145290445527,0.0138647536084,0.0,0.0829109786847,-0.599772305054,1.78711180746,0.925250160009,-0.0011782282861,0.00149497870416,0.379352762242
15,0.184564079714,1.26217157749,-0.0549383300873,0.999806921185,-0.0137814513313,0.014006853657,0.0,0.0831951915443,-0.601071397605,1.79146229265,0.925346879093,-0.00149170007171,0.00127842424349,0.379116464712
15,0.184432418975,1.25287581268,-0.0515434047469,0.999809756139,-0.0152914088944,0.0121088539361,0.0,0.0826496066726,-0.598058327071,1.78198024918,0.925320986259,-0.00113112204629,0.00314246852537,0.379170038166
15,0.185149788718,1.25960717321,-0.0549228575416,0.999753584689,-0.0159325355219,0.0154571735385,0.0,0.0831986189453,-0.600302593018,1.78918499699,0.925243194067,-0.000161667958335,0.00173992269074,0.37937050276
15,0.185121251768,1.25886668342,-0.0552487301092,0.999852086252,-0.0129999549555,0.0112608520432,0.0,0.0829821685662,-0.600214012477,1.78845698354,0.925713401476,-0.00237606323167,0.00320843700754,0.378204651721
15,0.184597066606,1.25745801458,-0.0541760026604,0.999771311036,-0.016361525923,0.0137704792622,0.0,0.0829567329324,-0.599667916231,1.78685975944,0.925448322599,-0.000567464926024,0.00181023193387,0.378869110964
15,0.184849498983,1.26323704933,-0.0570948253213,0.999789508885,-0.0152404597117,0.0137355855657,0.0,0.0833382811695,-0.601629028499,1.79293388373,0.925125481539,-0.00099596393482,0.00152709939239,0.379657107705
15,0.184468132432,1.25791852645,-0.054824515052,0.999781083149,-0.0147079301367,0.0148816184999,0.0,0.0829518844033,-0.599817147807,1.7873819293,0.925288394134,-0.000903482255884,0.00124001377257,0.379261168281
15,0.184580835808,1.25781318198,-0.0551618542164,0.999754347195,-0.0179646071397,0.0129814542443,0.0,0.0831028663526,-0.599723463898,1.78728308597,0.925172540443,0.00028638424165,0.00290424773046,0.379535576382
15,0.184463768815,1.2571744133,-0.0548863149088,0.999827302907,-0.0139572641422,0.0122702542895,0.0,0.0830012978148,-0.599476634137,1.7866300845,0.925048344962,-0.00169062469181,0.002424363573,0.379837891385
15,0.184513996311,1.25906564216,-0.0550819414683,0.999805134468,-0.0135391620945,0.0143660774181,0.0,0.0830317680788,-0.600123013971,1.78839980738,0.925407431545,-0.00151461618361,0.00125483018743,0.378968622686
15,0.183889438399,1.25424544977,-0.0528937597466,0.999839097682,-0.0147192933015,0.0102528606515,0.0,0.0827236769957,-0.598486483907,1.78329293699,0.925276202541,-0.00180286595867,0.00317282413291,0.379276458368
15,0.18426238538,1.25847262916,-0.0545775882753,0.99973897148,-0.0152396705887,0.0170217902811,0.0,0.0829353906341,-0.599994068964,1.78781584343,0.925415057839,-0.000194797741538,0.000244430288383,0.378954974941
15,0.184377374322,1.25659279278,-0.0541317441379,0.999725514069,-0.0188233540314,0.0139491169414,0.0,0.0829798698393,-0.599331487821,1.78600410835,0.925200495305,0.000795466094204,0.00241656293505,0.379470118646
15,0.184657119728,1.25704033516,-0.0535034178101,0.999806103869,-0.0143869927559,0.0134450401656,0.0,0.0828740902297,-0.599501229819,1.7864067815,0.925581948303,-0.00140000445363,0.0019810852803,0.378539525367
15,0.185233666078,1.26243075856,-0.0570102584384,0.999749038507,-0.0146345760667,0.0169614029058,0.0,0.0833456488136,-0.601435562424,1.79221887804,0.92565102851,-0.00057840895401,0.000363718364101,0.378377730014
15,0.184839883346,1.25973928298,-0.0553769051399,0.999791914142,-0.0141329924307,0.0147100965711,0.0,0.0830893932151,-0.60049224458,1.78921806049,0.925565031015,-0.00127839494951,0.00119334091933,0.378584620667
15,0.184780197446,1.26207598108,-0.0566386163235,0.999739094035,-0.0170182006858,0.0152356392664,0.0,0.0833391777013,-0.601225916046,1.79156910105,0.925469662316,0.000247227586418,0.00142134363996,0.378818984203
15,0.184516221867,1.262449785,-0.0563730093828,0.999827479029,-0.0139059503656,0.0123140863932,0.0,0.0832457483252,-0.601355624066,1.79182411461,0.925751855231,-0.00171645351927,0.0020842782487,0.378121954015
15,0.184068168386,1.25857216932,-0.0546634078034,0.999837188183,-0.0135879057368,0.0118729079925,0.0,0.0829271013451,-0.599986696447,1.78764103586,0.925653295982,-0.00191679894186,0.00227239530315,0.378361120808
15,0.184018665302,1.25945263629,-0.0554118546169,0.99982554532,-0.0138853502123,0.012493037034,0.0,0.0831100267903,-0.600263334317,1.78865907856,0.925625087275,-0.00155206454732,0.00202173532074,0.378433219325
15,0.184097471717,1.25941187138,-0.0545165979109,0.999744127325,-0.0157350374749,0.0162507992238,0.0,0.0831756550917,-0.600185745965,1.78853753399,0.925489827662,0.000115470453021,0.000849949216826,0.378771491993
15,0.183724551887,1.25654489228,-0.0530668543586,0.999845339218,-0.0142712247256,0.0102776353358,0.0,0.0828428895015,-0.599218099003,1.78556935168,0.925393438261,-0.00175322475713,0.00333422733573,0.3789891734
15,0.184842494314,1.26518323725,-0.0563154571004,0.999790580253,-0.0130588925766,0.0157562991047,0.0,0.0834014932325,-0.602243420943,1.79453663843,0.926049960396,-0.00130858062546,0.000706411508615,0.377398011986
15,0.184145703601,1.25512119471,-0.0521551989504,0.999848634821,-0.0136548783801,0.0107820101687,0.0,0.0827922525181,-0.598718893639,1.7840205488,0.925366946353,-0.00218612856486,0.00292949841695,0.379054947836
15,0.183569667323,1.25529483394,-0.0526236569435,0.999796530003,-0.015096218693,0.0133791919067,0.0,0.082854394441,-0.598701758421,1.78413013896,0.92511854191,-0.000856223973263,0.00173553915221,0.379673462595
15,0.183582718616,1.25706260535,-0.0543940881675,0.99982967612,-0.0135679322402,0.0125111935492,0.0,0.0828443918836,-0.599443000791,1.78606618496,0.925265609623,-0.00172873724021,0.00178411493882,0.379311718841
15,0.183904354097,1.25961913484,-0.0557862984957,0.999762092784,-0.016138985139,0.0146727976726,0.0,0.0831059494047,-0.600218985101,1.78887811988,0.925148223619,-0.000115913386458,0.0013129968814,0.379603776243
15,0.1839672928,1.25854636843,-0.0545280781517,0.999842183622,-0.0129407500963,0.0121714763481,0.0,0.0828767009212,-0.59991158748,1.78760747618,0.92555068623,-0.00212849091261,0.00203230880828,0.378612290433
15,0.18368769614,1.25753983815,-0.0537380501107,0.999823866117,-0.0148304060119,0.0115019911198,0.0,0.0829824072149,-0.59956754726,1.78643413927,0.925457042105,-0.00134929541554,0.00248959417367,0.378841978324
15,0.183415239969,1.25455597176,-0.0525023505001,0.999760706642,-0.0174019562942,0.0132552393739,0.0,0.082829040775,-0.598476651356,1.78335939113,0.924939860932,0.000223081006561,0.00223313941951,0.380106849428
15,0.183847651164,1.25617284286,-0.052991647431,0.999799629132,-0.0144713440389,0.0138304659567,0.0,0.0828949694925,-0.599056640166,1.78511655946,0.925104716623,-0.000966038582808,0.00176955688035,0.37970672725
15,0.184746726087,1.26167097555,-0.0559093469487,0.999820388277,-0.014117188049,0.0126450064011,0.0,0.0831918972331,-0.601121455251,1.79091903979,0.925703165069,-0.00147245872761,0.00246740455215,0.378239862999
15,0.184334808516,1.25754350482,-0.0541413226564,0.999819899188,-0.0139019047868,0.0129192194778,0.0,0.0829050773346,-0.599640270433,1.78667050277,0.92553803989,-0.00164558549674,0.00198301317674,0.378645872054
15,0.184291014993,1.25597825549,-0.0543732130721,0.999837288801,-0.0140986197252,0.011252770548,0.0,0.0827894633963,-0.599092862371,1.78530065677,0.925444440189,-0.00198162792802,0.00266964095238,0.378868756023
15,0.18403505777,1.25711638909,-0.0542223452375,0.999833312114,-0.0142544450772,0.0114087152016,0.0,0.0828816052645,-0.599440564994,1.78625039631,0.925192215048,-0.00178397159758,0.00248310189523,0.379486517368
15,0.18436335398,1.2595691388,-0.0551686304815,0.999736074145,-0.0178589275638,0.0144513238217,0.0,0.0831823465369,-0.600308381058,1.78879227849,0.925126653073,0.000600142438852,0.00205007242738,0.379652621228
15,0.183852667577,1.25737384031,-0.05351752313,0.999726652036,-0.0178444985535,0.0151061272695,0.0,0.0829701533459,-0.599444574068,1.78628370427,0.924947184744,0.000858063874158,0.0018050884176,0.380090398216
15,0.184081155185,1.25542187832,-0.052602779356,0.999749790129,-0.0148913365595,0.0166914718445,0.0,0.0828857106219,-0.598816055085,1.78436318957,0.925381521341,-0.000273011673992,0.000603061285772,0.379036412159
15,0.184301248096,1.25574583166,-0.0524831350505,0.999786692609,-0.0151220728738,0.0140674160143,0.0,0.0828866132294,-0.598953426484,1.78472407522,0.925303084781,-0.000734416699884,0.00196788510227,0.379222611872
15,0.184338915009,1.25662642013,-0.0529760012571,0.999798609163,-0.01444316102,0.0139332772561,0.0,0.0828513817885,-0.599255370572,1.78564342636,0.925230778774,-0.00116764627446,0.00174637923913,0.37939898889
15,0.184621823291,1.2593233689,-0.0541914408102,0.999759616057,-0.0149222294429,0.0160635353988,0.0,0.08311389045,-0.600157663713,1.78846331889,0.925544377494,-0.000556764674031,0.000767347048684,0.378637962281
15,0.183970168013,1.25598236457,-0.0526259949406,0.99980328082,-0.0150878153218,0.0128746840666,0.0,0.082815305267,-0.598948634078,1.7848973027,0.925228089257,-0.00105731834236,0.00215683057459,0.379403759878
15,0.184020214606,1.25581831667,-0.0517046392044,0.999810585714,-0.0141779577988,0.0133333494018,0.0,0.0827974475208,-0.598946255172,1.78452860774,0.925397845158,-0.00130837067729,0.00200057237496,0.378989596234
15,0.183636111068,1.25468017491,-0.0511747147145,0.999817941236,-0.0129744709454,0.0139909787569,0.0,0.082695231176,-0.598504016619,1.78329404726,0.92554856238,-0.00163412064708,0.00140651065611,0.378622780684
15,0.184535828081,1.26145638209,-0.0553603245635,0.999822556814,-0.0150405564991,0.0113418052403,0.0,0.08316419789,-0.600924379906,1.79063444992,0.925490566753,-0.00134755254547,0.00300604237607,0.378756331515
15,0.184483056991,1.2603880174,-0.0561808293883,0.999802289019,-0.0136431440842,0.0144653894132,0.0,0.0831250300756,-0.600678951338,1.78974208534,0.925735192658,-0.00136048854709,0.00128595299161,0.378167751758
15,0.18469763903,1.26157730091,-0.0569621127739,0.999794433146,-0.0141013540802,0.0145685711061,0.0,0.0831497277969,-0.601142868124,1.79107881311,0.925822552743,-0.00120255844349,0.00132276348204,0.377954236624
15,0.184585809832,1.25891056514,-0.0554278906964,0.999816794183,-0.0147518746934,0.0121967316763,0.0,0.0830887001482,-0.600148567115,1.78819065221,0.925753341326,-0.0014016576136,0.00252475949593,0.378116928964
15,0.184623562756,1.26157010065,-0.0557845798801,0.999841473891,-0.0134133512239,0.0117093593441,0.0,0.0832122383583,-0.600980266395,1.7908011769,0.925715606763,-0.00218812803479,0.00219158871309,0.378207647238
15,0.184389947118,1.25907413301,-0.0552524516428,0.9997359966,-0.0162484084433,0.0162458094735,0.0,0.0830486218173,-0.600171486285,1.78832653105,0.925423749433,7.18437749825e-05,0.000753388274679,0.378933122371
15,0.183698426085,1.25252113526,-0.0522583021854,0.999778757392,-0.0161218525199,0.0135100754697,0.0,0.0826301998265,-0.597821189168,1.78151635413,0.924907155827,-0.000497629445067,0.00195297979819,0.380187705396
15,0.184553836403,1.25906233268,-0.0560841455697,0.99979716796,-0.0156771360775,0.012643193592,0.0,0.0831224833571,-0.600250460595,1.78859805126,0.925485260367,-0.000874145660976,0.00243151212805,0.378774809697
15,0.184082839362,1.25666636123,-0.0541107396836,0.999807518678,-0.014265106673,0.013469681764,0.0,0.082959633608,-0.599268263982,1.78597435574,0.925072440643,-0.00127000601461,0.00172250606032,0.379784675337
15,0.184084651419,1.25784048622,-0.0538645530537,0.999791209614,-0.0158737084796,0.0128671115008,0.0,0.0829869620511,-0.59972379539,1.78702685283,0.925270981794,-0.000688935062762,0.002210613823,0.379299682053
15,0.183737709283,1.25386899411,-0.0512039482875,0.999815707468,-0.0137694017829,0.013377394169,0.0,0.0828219465464,-0.598158178462,1.78275824787,0.924976343144,-0.00153543833964,0.00151299204227,0.38001857574
15,0.184037247607,1.25400279552,-0.0512061574274,0.999832650763,-0.0142555149734,0.0114651977859,0.0,0.0827036827579,-0.598215892774,1.78282853745,0.92480942802,-0.00191649680348,0.0024202213957,0.380418179657
15,0.183808116528,1.25133748006,-0.0501296605438,0.999821754573,-0.0156687372729,0.010533268909,0.0,0.0824606196126,-0.597297340007,1.7800454244,0.92489285268,-0.00135850198062,0.0034094776659,0.380210127425
15,0.184477130416,1.2586474053,-0.0537618898375,0.999775804956,-0.0157952786919,0.0141013827226,0.0,0.0830675997289,-0.599934322456,1.78772103001,0.925247130256,-0.000499039920585,0.00187379855627,0.379359971255
15,0.184455782023,1.25844572898,-0.0543313687808,0.999815223622,-0.0140692773901,0.0130986276629,0.0,0.0830154174838,-0.599935470983,1.78762334426,0.925380155932,-0.00132079934079,0.00238521404964,0.379030517571
15,0.184978678885,1.2604405377,-0.0555060256551,0.999784186776,-0.015098653643,0.0142692161904,0.0,0.0832911813097,-0.600660330772,1.78984451289,0.925751009535,-0.00069980583761,0.00205177476153,0.378127450519
15,0.184362873707,1.25599763757,-0.0540526447483,0.999809480766,-0.0137682682808,0.0138360745326,0.0,0.082779606361,-0.599053490597,1.78517569548,0.925317261605,-0.00149331077788,0.00176173650234,0.37918680315
15,0.184400239401,1.25795051789,-0.0545895258959,0.999821385333,-0.0141365225247,0.0125441684294,0.0,0.0828976878635,-0.5997105258,1.78716103814,0.925063857269,-0.00164294341278,0.00217570690005,0.37980182597
15,0.184092537681,1.25607667906,-0.053563484912,0.999803172333,-0.0156167288794,0.0122365996936,0.0,0.0828822475315,-0.599050071421,1.78513376062,0.925217697395,-0.000954645854973,0.00254454278434,0.379426971076
15,0.18405809184,1.25534176551,-0.0527567595043,0.999826105737,-0.0140046833958,0.0123136968731,0.0,0.0827884135869,-0.598792564215,1.78431033597,0.925205635384,-0.0016330933801,0.00236421881784,0.379455235475
15,0.184402526292,1.25978987003,-0.0555706260206,0.999684053311,-0.0151699286072,0.0200416272299,0.0,0.0831031063126,-0.600383002161,1.78921903935,0.925639759762,0.000565620025397,-0.000805201884592,0.378404633788
15,0.184610997995,1.25860040317,-0.0550346502091,0.999814410839,-0.0144062387037,0.0127907843891,0.0,0.083066258219,-0.600080992107,1.78794159467,0.925709817051,-0.00133302263872,0.00243412424049,0.378224315327
15,0.183972877971,1.25272221379,-0.0521304014406,0.999869834577,-0.0128539540495,0.00975139823525,0.0,0.0825751303172,-0.597882495965,1.78192217512,0.924638565456,-0.00268060715484,0.00343534827788,0.380820871276
15,0.184693116631,1.25986027515,-0.0547515052468,0.999786731013,-0.0149424229103,0.0142554020586,0.0,0.0831931997107,-0.600386673364,1.78915281458,0.925727184645,-0.000889963349467,0.00161008835689,0.378187513267
15,0.183996000386,1.25721469307,-0.0533739469418,0.999807917985,-0.0148735736152,0.0127633828697,0.0,0.0829686812115,-0.599441695652,1.78626596991,0.925281435168,-0.00113674012704,0.00207084251544,0.379273892017
15,0.184049978123,1.25920345305,-0.054343062628,0.999802960772,-0.0150834471774,0.0129046213984,0.0,0.0829754723484,-0.60012253672,1.78837159912,0.925214745318,-0.00101183735262,0.00204878725011,0.37943702205
15,0.183911301408,1.25624363192,-0.0524530623522,0.999830367708,-0.013908878367,0.0120738938012,0.0,0.0827669196432,-0.599072069509,1.7851215435,0.925154132375,-0.00173416279668,0.0023087182896,0.379580681605
15,0.184427929197,1.25583396244,-0.0527762524356,0.999865229352,-0.0115427233134,0.0116742738709,0.0,0.0827495475508,-0.598991044305,1.78491876179,0.92537240675,-0.00302298065678,0.00224231175614,0.379040555153
15,0.184400131283,1.25835888781,-0.0545096936854,0.999831795684,-0.0136949438188,0.0121995431315,0.0,0.082947997337,-0.59985436241,1.78764157976,0.925389772925,-0.00188969385268,0.00224397337737,0.37900549047
15,0.184321707918,1.25712377773,-0.0541891936291,0.999824410882,-0.0145042395743,0.0118648404169,0.0,0.0829344649943,-0.599455658828,1.78653805241,0.925368678951,-0.0015332360772,0.0026150828222,0.379056220825
15,0.184390217109,1.25976639941,-0.0550584955105,0.999803033497,-0.0147640177225,0.0132634080008,0.0,0.0831134879787,-0.600377876257,1.78917031856,0.92544676729,-0.00111815325417,0.00190963740955,0.37887119702
15,0.184451919383,1.25734864969,-0.0531436903525,0.999835346464,-0.0140841704486,0.0114418575497,0.0,0.0828906237476,-0.599500202047,1.78645755334,0.925570268999,-0.00188161235611,0.0027834823814,0.378560944772
15,0.184539846516,1.25569744239,-0.0524759590964,0.99978068932,-0.0160055058097,0.0135054450466,0.0,0.0828732886361,-0.598784220275,1.78480732218,0.924569221833,-0.000668341506459,0.00217856851075,0.381007298089
15,0.183891957132,1.25134797005,-0.050424819518,0.999809486632,-0.0151168814639,0.0123478878788,0.0,0.0825006498534,-0.597312407048,1.78022426993,0.924271455696,-0.00119910075541,0.00259287276625,0.381725183023
15,0.184536464706,1.25593759051,-0.052917363763,0.999854672647,-0.0127681912762,0.0112963214324,0.0,0.0827346386044,-0.59908015719,1.78515296291,0.925287596586,-0.00253853173214,0.00275645146669,0.379247704589
15,0.184362881107,1.25488878032,-0.0527258617867,0.999831992293,-0.0141397992894,0.011664187251,0.0,0.0827206072759,-0.598702703403,1.78417083274,0.925124969743,-0.00179376929647,0.00282047156561,0.379648018155
15,0.184550727596,1.25479326355,-0.0526732588206,0.999736767989,-0.0165352912641,0.0159053096133,0.0,0.0828641903416,-0.598623615566,1.78391038572,0.924897922382,9.02462763204e-05,0.00128648529988,0.380213321682
15,0.184186192111,1.25679156866,-0.0537726343775,0.999858256374,-0.0123156610691,0.0114800545512,0.0,0.0828938288136,-0.599318948029,1.78589060369,0.925568488209,-0.00262871418032,0.00228099850088,0.378564209273
15,0.183771730215,1.2521684239,-0.0509530439577,0.999840604365,-0.0140603414116,0.0110033023438,0.0,0.0826059252612,-0.597645530101,1.78094380418,0.924888912379,-0.00187600072527,0.00294775843501,0.380221371177
15,0.184700918174,1.26144462064,-0.0551366982645,0.999755047107,-0.0147848222065,0.0164698153112,0.0,0.0831967101066,-0.600957730879,1.79066649014,0.925605709539,-0.000483966237163,0.000606262628476,0.378488399678
15,0.184594428255,1.25655006492,-0.0527285961755,0.999799336101,-0.0151497220244,0.013106237227,0.0,0.0829537378177,-0.599194621763,1.7856161462,0.925181849708,-0.0010553707746,0.00232502306173,0.379515514085
15,0.18422421101,1.25620442789,-0.0529489207847,0.999757327125,-0.0158862805568,0.0152614858394,0.0,0.0828786629121,-0.599112407708,1.78521098548,0.92525217237,-0.00028570443276,0.00120309728983,0.379350614149
15,0.184499773715,1.25683117497,-0.0523083606416,0.999836587263,-0.0136479575763,0.011854620376,0.0,0.0829119556282,-0.599316770013,1.78589968213,0.925421603638,-0.00197106624042,0.00258738062648,0.378925158678
15,0.185243982831,1.26592100005,-0.05665642408,0.999767891335,-0.0161082743173,0.0143068848208,0.0,0.0835094901615,-0.602516530124,1.79543437723,0.925869084036,-0.000335066362148,0.00193360256728,0.377839368167
15,0.184864512649,1.25998838555,-0.0540140496715,0.999766892382,-0.0156936387847,0.0148280342065,0.0,0.0832011471912,-0.600481408133,1.78918880789,0.925742929418,-0.000399878450235,0.00172706595155,0.37814929059
15,0.18423081184,1.25586005907,-0.053647058027,0.999819381011,-0.0144806388279,0.0123092020011,0.0,0.082773558751,-0.599077105451,1.78518544848,0.925226245547,-0.00141308977759,0.00260371782626,0.379404294101
15,0.184757157333,1.25752763587,-0.0549257636066,0.9997883883,-0.0144302900484,0.0146610145926,0.0,0.0829844916932,-0.599675985414,1.78707479853,0.925415300714,-0.000951260210379,0.00180181374826,0.378949033217
15,0.18481803133,1.25962011183,-0.0553895731582,0.999794953959,-0.0147848596512,0.0138368335796,0.0,0.0831408177814,-0.600396486221,1.78908367393,0.925361500377,-0.000987053742433,0.00204782417415,0.379079049488
15,0.18474562616,1.25994249593,-0.0545289034449,0.999726336131,-0.0165753732855,0.0165078722528,0.0,0.0831762025679,-0.600358188278,1.7891186767,0.925203053288,0.000342561166264,0.00106374473603,0.37947076473
15,0.184570706989,1.26024314451,-0.0540020212706,0.999773272421,-0.0157603905761,0.0143183044035,0.0,0.0831182556543,-0.600492789046,1.78936563668,0.925734302701,-0.000475972099098,0.00177124347317,0.378170116415
15,0.184709971766,1.25958612073,-0.0542649640512,0.999761834624,-0.0156329494792,0.0152277680837,0.0,0.0831386910467,-0.600325526706,1.78879061424,0.925544618136,-0.000328660248964,0.00149843805636,0.378635453312
15,0.184332061795,1.26055513051,-0.0555465716172,0.999763452759,-0.0153400302031,0.0154182359568,0.0,0.0831912157913,-0.600603442958,1.78977758405,0.925415014831,-0.000266401952175,0.00125956133727,0.378953021971
15,0.184453803168,1.26357850082,-0.0569463926656,0.999834515095,-0.0134603295842,0.0122377266096,0.0,0.0832403174859,-0.601693457024,1.79292790884,0.925681051417,-0.00177028118246,0.00233385971095,0.378293550369
15,0.18419195726,1.26168430263,-0.0569339588957,0.99978126357,-0.0145896754368,0.0149855392119,0.0,0.0832644137958,-0.601076623313,1.79105005663,0.925400070815,-0.000753404517696,0.000940543346048,0.378989784421
15,0.183634603259,1.25576071209,-0.0542720590604,0.999847490694,-0.0125244215578,0.0121710400863,0.0,0.0827449616677,-0.598975550215,1.78503178001,0.925203545209,-0.00235856264179,0.00168142544598,0.37946015591
15,0.184493021185,1.26441248641,-0.0573240754052,0.999783423131,-0.0143972611687,0.0150274982095,0.0,0.0833792808034,-0.60204852989,1.79382877305,0.925878629579,-0.000909151121693,0.000830237902992,0.377819067064
15,0.184183443883,1.26183550848,-0.0562046714809,0.9997873177,-0.0143740515707,0.0147887121468,0.0,0.0831676926622,-0.601122250996,1.79104628806,0.925593429848,-0.000876117031293,0.00112161760753,0.378516547874
15,0.183524582489,1.25181620422,-0.0511849946401,0.999764854683,-0.0158426388118,0.0148069624002,0.0,0.0825376378173,-0.597497960958,1.78058011377,0.924827943773,-0.000284569152086,0.00143484841379,0.380382879014
15,0.184291876522,1.26009027592,-0.0551333216478,0.999791926459,-0.0146819692829,0.0141613405052,0.0,0.0831070745862,-0.600400776503,1.78929146801,0.925357568337,-0.0009479781953,0.00149544844118,0.379091328959
15,0.184361861152,1.25846510559,-0.0544579832277,0.999760383326,-0.016893220266,0.0139210287601,0.0,0.0830978405328,-0.599851378586,1.78766690353,0.92499087355,-5.25239597476e-05,0.00198998391623,0.379984106317
15,0.183562789526,1.25022619284,-0.0505993652375,0.999834424562,-0.0152155216801,0.00998054908781,0.0,0.0824957417171,-0.596906789197,1.77904286723,0.924200572824,-0.00160723008636,0.00345875545547,0.381888406493
15,0.183682169194,1.2537485965,-0.0519725800899,0.999819099336,-0.0145362146988,0.0122665017342,0.0,0.0826751334199,-0.598180979625,1.78273909791,0.924846872161,-0.00141767959017,0.00223001120992,0.380330488244
15,0.18433692412,1.25882530325,-0.0544821179874,0.999811355959,-0.0144011556763,0.0130330046907,0.0,0.0830705956817,-0.599981761846,1.78801276451,0.925289111497,-0.00132838353326,0.00198476032957,0.37925500164
15,0.18414454186,1.25697654953,-0.0541543147165,0.999752697199,-0.0165263862891,0.0148802889925,0.0,0.0829525398216,-0.599399046381,1.7860019849,0.925165302289,6.22770254454e-05,0.00163862885722,0.379560896903
15,0.184209631777,1.25741760438,-0.0544854795084,0.999800461363,-0.0143422553866,0.0139045736713,0.0,0.0830068333205,-0.599467464449,1.78655044399,0.925166436932,-0.00113403429031,0.00164522596563,0.379556413689
15,0.183968024666,1.25603197286,-0.0534388442763,0.999818533082,-0.0151974389711,0.0114864596225,0.0,0.0827978940216,-0.599031429012,1.78498942769,0.925231881667,-0.00124779560632,0.00290346935445,0.379388953476
15,0.184231768631,1.25709178837,-0.0537236350898,0.999814018445,-0.0150480750364,0.0120616731089,0.0,0.0829263548011,-0.599450874875,1.78620898001,0.925400052773,-0.00131693273147,0.00244680577227,0.378981557807
15,0.183706274738,1.25301992575,-0.052448406311,0.999828612089,-0.014457865827,0.0115635878508,0.0,0.0826600263715,-0.59802191935,1.78205696532,0.924784551773,-0.0016195034511,0.00250965197272,0.380479449717
15,0.184095967027,1.25448820049,-0.0528621603762,0.999835720691,-0.0156095131264,0.00921274827469,0.0,0.0828259874681,-0.598475564926,1.78364093745,0.924960608357,-0.00163782995819,0.00384957037645,0.380039960147
15,0.184698718965,1.261037888,-0.0559950523918,0.999757418921,-0.0162578225313,0.0148588868355,0.0,0.0832719752216,-0.600770935219,1.79054087215,0.925334423248,-0.00020574092799,0.00139548844261,0.379149331312
15,0.184302303706,1.25745840416,-0.0540452245858,0.999777549625,-0.0146223180627,0.0151999697455,0.0,0.083026824715,-0.599568965209,1.78664953567,0.925502737023,-0.000784845289399,0.00109090904684,0.378738534741
15,0.184352039568,1.25926134994,-0.0545673966784,0.999781204817,-0.0167216202853,0.0125670167343,0.0,0.0831182975516,-0.600117576249,1.78843069983,0.925449190714,-0.000336869103989,0.00269916980232,0.378861975407
15,0.184541885102,1.26246466345,-0.0561186752673,0.999811673267,-0.0130278069135,0.014383818896,0.0,0.083231216928,-0.601223108166,1.79181725744,0.925618557966,-0.00165973859757,0.00112114613063,0.378452471848
15,0.184640193471,1.25886088196,-0.0547617817473,0.999793594648,-0.0134575496813,0.0152204617883,0.0,0.0829430414793,-0.600063562264,1.78816918774,0.925483638909,-0.00133663815468,0.00116469214089,0.37878343549
15,0.184507326457,1.25829316319,-0.05534751674,0.999813570913,-0.0147450759255,0.0124662004323,0.0,0.0830426205439,-0.599936910427,1.78769229261,0.925444671633,-0.00133218851736,0.00238833199494,0.378872908626
15,0.184571069706,1.26220027928,-0.0566534393945,0.999725182194,-0.0176237120509,0.0154584882869,0.0,0.0833709691887,-0.601164752074,1.79164697255,0.925394564366,0.000566232212424,0.00122677245256,0.379002736999
15,0.184262267159,1.26217102517,-0.0557108826961,0.999772644265,-0.0160878539893,0.0139943107631,0.0,0.0832698940302,-0.601140291498,1.79136153139,0.925473092557,-0.000422084856876,0.00142684315274,0.378810428731
15,0.183503732501,1.25448646004,-0.0522668161414,0.999885056245,-0.0112794463974,0.010131554026,0.0,0.0826905432812,-0.598285526822,1.78342401403,0.924482767677,-0.00339676112066,0.00222972191301,0.381202180768
15,0.183892180129,1.25555076617,-0.0520196032763,0.999814585419,-0.0142491160665,0.0129521223916,0.0,0.0827908850188,-0.598847215932,1.78437466343,0.92509100516,-0.00138184506288,0.00199609234325,0.379737723029
15,0.184225524257,1.25958784917,-0.0545920226352,0.999831806454,-0.0134140384701,0.0125068930581,0.0,0.0830353411237,-0.600283087321,1.78863974809,0.925349772616,-0.00185330886751,0.00203709498868,0.379104489303
15,0.183553366544,1.25506241175,-0.0525687064822,0.999846087913,-0.0130586407655,0.0117163298748,0.0,0.0827188149406,-0.598618195214,1.78383966513,0.92544098895,-0.00211616746525,0.00221888495524,0.378879366495
15,0.183889358498,1.25637944411,-0.0522616138836,0.99970431588,-0.0181663522779,0.0161636770623,0.0,0.0829436190551,-0.599050414858,1.78515448829,0.92502790106,0.000946717032709,0.000928677885324,0.379896859087
15,0.183885616136,1.25682694421,-0.0528270578771,0.99978650057,-0.0159982404406,0.0130770631749,0.0,0.0829291962598,-0.598952464956,1.78586876768,0.924298249286,-0.000665171152376,0.00190398313448,0.381665663589
15,0.183259633657,1.25292062658,-0.0512534732346,0.99986522753,-0.0135434232438,0.00927914130972,0.0,0.0824729158107,-0.59763170133,1.7818108177,0.924311412203,-0.00251060406437,0.00313628838102,0.381617968436
15,0.183800138076,1.25501751788,-0.0517968278926,0.999776219595,-0.0178342860685,0.0113775644398,0.0,0.0827993378441,-0.598387738029,1.78399974931,0.924406946341,-0.000179405413432,0.0030717756593,0.381395240615
15,0.184629321775,1.26020495846,-0.0544865574803,0.999763345431,-0.0161931317073,0.0145270650077,0.0,0.0831384112721,-0.600366618299,1.78946096533,0.925231577471,-0.000470439884277,0.0012634401651,0.379400461855
15,0.184342046479,1.25685681702,-0.0530255999026,0.99974813046,-0.0175872135716,0.0139415049854,0.0,0.0829305229953,-0.599095619858,1.78603046673,0.92488974752,5.05664545221e-05,0.00181284147975,0.380231069195
15,0.184652072958,1.26070943788,-0.0545419172294,0.999752352903,-0.0173936773606,0.0138813851257,0.0,0.0832533584942,-0.600450237949,1.78996066673,0.925084206253,-0.000106174271336,0.00159381043531,0.379758686321
15,0.183990237842,1.25636413237,-0.0527539588759,0.999729705276,-0.0201512131471,0.0115950419742,0.0,0.0828757058007,-0.598779006435,1.78551556504,0.924653388125,0.000889569381688,0.00343648030943,0.380793265564
15,0.183677341609,1.25426331833,-0.0512630670796,0.999815730316,-0.0162537813769,0.0102137164633,0.0,0.0827623949047,-0.598123191,1.78314682005,0.924655155614,-0.00117458868499,0.00314460778185,0.380790723337
15,0.183647511319,1.25802569573,-0.0537023669185,0.999800454974,-0.016633442573,0.0110624961957,0.0,0.082840798572,-0.599491417764,1.78724593111,0.924813094774,-0.000824673737765,0.00264356059247,0.380411712799
15,0.184211075184,1.26131213827,-0.0549666135734,0.999728897337,-0.0176899390729,0.0151392828311,0.0,0.0833418604453,-0.600590898513,1.79060944504,0.924769540084,0.000582194785921,0.00121693927925,0.380525265706
15,0.184021098586,1.26154682572,-0.0549797903979,0.999802616388,-0.0169283028022,0.0104000398274,0.0,0.0831465254429,-0.600740992539,1.79078454203,0.92514993936,-0.000725194926486,0.00323133863671,0.379587436891
15,0.184151267169,1.25741862513,-0.0523676704821,0.999815218796,-0.014852434783,0.0122038290992,0.0,0.0829065341396,-0.59921370712,1.78644018691,0.924798578317,-0.00132927646065,0.00240639311007,0.380447147235
15,0.184773282829,1.2615663984,-0.0543472745131,0.999692840009,-0.0198523693104,0.014836073205,0.0,0.0832961727912,-0.600672543602,1.79086570943,0.925137259601,0.00134466220601,0.0020252084241,0.379625000904
15,0.184356270086,1.26156383151,-0.0539584170809,0.999720999574,-0.0193658705959,0.0135235374859,0.0,0.0832294323217,-0.600574377508,1.79070784134,0.925305163847,0.000853837959423,0.00219377717999,0.379216049319
15,0.183723582834,1.25678228655,-0.0520336204915,0.999767589368,-0.0181652562325,0.011609940347,0.0,0.0828711997746,-0.598772830644,1.78571106628,0.924502413506,-3.7865797473e-05,0.00274267807978,0.381166320266
15,0.184139512905,1.2600467477,-0.0532076194958,0.999775495643,-0.0181507033413,0.0109320757194,0.0,0.0829940647206,-0.600117848693,1.78911160043,0.925482519103,-0.000174912812087,0.0032682166131,0.378776180614
15,0.184515264646,1.25721374203,-0.0525842859533,0.999717498455,-0.0189966096487,0.0142846807778,0.0,0.082939462688,-0.599134964482,1.78649399122,0.924692157435,0.000790141024779,0.00213016033401,0.380708880999
15,0.184148994369,1.25657761155,-0.0519386035207,0.999793447361,-0.0161534802905,0.0123340053383,0.0,0.0826983352658,-0.598963574071,1.78569347569,0.924904732109,-0.000945351077668,0.00227027242058,0.380190989762
15,0.184266177118,1.25724252758,-0.0520419764768,0.999714358489,-0.0203433416617,0.0125439180745,0.0,0.082951029272,-0.59912586781,1.7862968155,0.924847236131,0.0010207793624,0.00290645335092,0.380326307741
15,0.183797218152,1.25735585356,-0.0524717239477,0.999718470893,-0.0198688871517,0.0129694363479,0.0,0.0829448982273,-0.599120826032,1.78635106607,0.924742307243,0.000994924104389,0.00239081647808,0.380585022455
15,0.183659882859,1.2586616444,-0.0531880724389,0.999806460176,-0.0154620144253,0.012164222167,0.0,0.0829118299861,-0.599639096547,1.78772258912,0.924962654363,-0.00112123189732,0.00187207422768,0.380051741491
15,0.183882729612,1.26007358465,-0.05464369331,0.999736216795,-0.0183962160199,0.0137504932672,0.0,0.0832145694483,-0.600115478673,1.78934032539,0.924740080966,0.000645550406734,0.00184590964604,0.380594217688
15,0.183748556605,1.25649838093,-0.0532094249382,0.99974547203,-0.0184415330694,0.0129961922352,0.0,0.0829057144567,-0.598771990305,1.7856957159,0.924182827481,0.00048176771142,0.00238062651671,0.38194266835
15,0.184157293887,1.25904424224,-0.0533655175194,0.999758378893,-0.0186277725232,0.0116700439005,0.0,0.0829499580543,-0.599705995282,1.78817119366,0.925193037981,0.000158303368988,0.00304330003382,0.379484592226
15,0.184529068447,1.25976133356,-0.0544638300651,0.999714989811,-0.0196338234465,0.0135813152678,0.0,0.0830478099257,-0.599822578373,1.78909970018,0.924747028985,0.000860604245194,0.0022948939273,0.380574467358
15,0.183908540607,1.25574640421,-0.0545710545604,0.99972253584,-0.0225786228704,0.00671246032699,0.0,0.0827923762971,-0.598129809456,1.78515265376,0.924900235177,0.000960737539467,0.0060421124177,0.380160656605
15,0.18334317456,1.24786095686,-0.0510838177691,0.999598674717,-0.0282425157504,0.00220222805679,0.0,0.0824120966816,-0.59516228308,1.7770464886,0.924936813064,0.00264607868286,0.00924616367753,0.379999208636
15,0.182821204154,1.25049468098,-0.0534080730973,0.999684938955,-0.024200814859,0.00665908306426,0.0,0.0824884420902,-0.595565105379,1.77990029805,0.924979872733,0.00175735161129,0.00591769794597,0.379965955851
15,0.182475526005,1.2498119454,-0.0582075155125,0.999793697013,-0.0182763139927,0.0088622660822,0.0,0.0824459203887,-0.594923813761,1.77950547709,0.92539914482,-0.000468259576706,0.00351020345096,0.378977416174
15,0.183674276546,1.25902966954,-0.0625889030519,0.99978662456,-0.0147046118265,0.0145079200017,0.0,0.0829867567963,-0.597969976822,1.78958464772,0.925796188294,-0.000797470153395,0.000986069426427,0.378020911391
15,0.183698380976,1.25528233752,-0.0583977031739,0.999768993795,-0.0150137470549,0.0153800664721,0.0,0.0828610571996,-0.596636467165,1.78558273091,0.925587978212,-0.000236432680659,0.00139332747754,0.378529916026
15,0.183844673418,1.25779312902,-0.0578509071962,0.999831898938,-0.0121663541253,0.0137169126904,0.0,0.0829356862241,-0.597372719619,1.78804792382,0.925517559491,-0.00175075274082,0.00189430354866,0.378695911719
15,0.183083176912,1.25172570379,-0.055035183619,0.999841207544,-0.0118996163041,0.0132649474019,0.0,0.0824788183004,-0.595165418423,1.78153753661,0.925145253961,-0.00193518957466,0.00198774130062,0.379603165159
15,0.183522476899,1.25643472568,-0.0569965554824,0.999814795303,-0.01425540275,0.0129289824254,0.0,0.082893900862,-0.596898675473,1.78638217231,0.925833684444,-0.000851412824833,0.00269319607608,0.377920640532
15,0.183753020613,1.25818999437,-0.0579868707789,0.999805189075,-0.0126160739506,0.0151795446886,0.0,0.0830012737897,-0.597458778049,1.78833421691,0.92552161495,-0.00105391728766,0.00160905235661,0.378689900143
15,0.183137297762,1.25258016422,-0.0543527806058,0.999849131874,-0.0125403660901,0.0120188481162,0.0,0.0825245535956,-0.595517743402,1.78241115043,0.925251616415,-0.00164324442844,0.00320716995247,0.379336868931
15,0.183801353173,1.25987049134,-0.0569196510389,0.999855846685,-0.0113212579194,0.0126536543648,0.0,0.0830077896336,-0.598010211558,1.78999470948,0.925912528349,-0.00207645108336,0.00267673309211,0.377722799546
15,0.183610588072,1.25885736952,-0.0550902127467,0.99981394615,-0.0111045215806,0.0157722124327,0.0,0.0829929162219,-0.597623900146,1.78881112053,0.925642468025,-0.00154258309584,0.00106912803866,0.378394633672
15,0.183377669332,1.25626243987,-0.0533065948501,0.999858771935,-0.0109865909246,0.0127173505501,0.0,0.0827258646643,-0.596525982154,1.78617476371,0.92546523517,-0.00234317693335,0.00225229299328,0.378818604599
15,0.182155839468,1.24629083831,-0.0487041319717,0.999833306859,-0.0120913905707,0.0136805252217,0.0,0.0819767307078,-0.592870762694,1.77583452478,0.924269374428,-0.00170837153254,0.00164911078276,0.381733526684
15,0.18245639455,1.24878533477,-0.0500266592355,0.999821930742,-0.0138630157798,0.0128032652701,0.0,0.0822173803098,-0.593648552247,1.77855464526,0.924587910431,-0.00107572731312,0.00240604175806,0.380959643085
15,0.182407883233,1.25192369366,-0.051721429172,0.99972697284,-0.0197279141878,0.0125215485732,0.0,0.0825762191639,-0.594290079627,1.78189906415,0.924353311996,0.00128696962107,0.00266978174394,0.381526107332
