0.0250996598805,-1.04181240173,1.29672610819
0.0263655114979,-1.04142686119,1.29850144724
0.0240762248782,-1.04092763261,1.29880743826
0.0222943473225,-1.04124344639,1.2980360374
0.0206361122141,-1.04123186138,1.29758041433
0.0198804307441,-1.04084134964,1.29776183724
0.0212432152137,-1.03980434215,1.29879528339
0.024007739516,-1.03983177246,1.30009479636
0.0240219365661,-1.04002316267,1.29947264965
0.0254381193307,-1.04040284984,1.29962335656
0.0228439143622,-1.03994796831,1.29858716828
0.0234526300332,-1.04080368261,1.29812336528
0.0218707382255,-1.0409875729,1.29722011261
0.0225182583233,-1.04088643076,1.29726291911
0.022946805866,-1.03997895831,1.29813773211
0.0222016753676,-1.04024624674,1.29749267544
0.0234306884187,-1.04153118168,1.29659380415
0.0237151764171,-1.04203177122,1.29669375789
0.0244385993977,-1.04245005019,1.29670761518
0.0235993396394,-1.04191290864,1.29858504406
0.0234704806372,-1.04036743753,1.30135127911
0.0234657584239,-1.03938909814,1.30276200723
0.0236911410845,-1.03946622099,1.30200125494
0.0249218701712,-1.04056445304,1.30001802686
0.0256920175695,-1.04077575537,1.30016947018
0.027714941709,-1.04070048246,1.30072227614
0.0278250068547,-1.04067406233,1.30097628668
0.0271789355325,-1.04151569154,1.30045397707
0.0241961937874,-1.04182546907,1.29851847933
0.0238954655253,-1.04292528615,1.29618118107
0.0228664048209,-1.04262563912,1.29560834663
0.0259013894663,-1.0424800196,1.29741792521
0.0247653833183,-1.04094550992,1.29934151094
0.024087833375,-1.03995105356,1.30045842317
0.0235385362694,-1.04022453719,1.30031203102
0.021391852126,-1.04040317819,1.29854105548
0.0256000221426,-1.04140327853,1.29844913579
0.0242839986689,-1.04167707612,1.29805365103
0.0257936601901,-1.04218083926,1.29838722512
0.0218096282257,-1.04115497026,1.2971256942
0.0261374692589,-1.03983740816,1.30136705051
0.0355786509868,-1.04140693205,1.30600410011
0.0376840102234,-1.04504172507,1.30325985165
0.0316353463336,-1.0442797985,1.30044073762
0.0241400287029,-1.04547613049,1.29317889077
0.0272399958686,-1.04305907236,1.29801386671
0.0358216258212,-1.04278236741,1.30372878754
0.033997460555,-1.04036223525,1.30680228166
0.0304500990981,-1.04062779305,1.30420458223
0.021854647497,-1.04258726017,1.29565455928
0.0243151247167,-1.04221672397,1.29685403272
0.0298339176995,-1.04003377519,1.30543750096
0.0325840033555,-1.03994718046,1.30787272026
0.0299860323511,-1.04049401148,1.30615446024
0.0244730293434,-1.04134246057,1.30007941671
0.0254123001521,-1.04350632378,1.29722811321
0.0308740749876,-1.04260680097,1.3015093882
0.0288366535749,-1.04192472254,1.30167173652
0.027129325254,-1.03945190012,1.3027215316
0.0228511731906,-1.03985104701,1.30030362429
0.0258471792663,-1.04073367157,1.30074670966
0.0279254384179,-1.04160952208,1.30232454171
0.0272452981701,-1.04125196086,1.30168773885
0.0274962636868,-1.04280236448,1.29898050776
0.0255283654712,-1.04258411828,1.29834956894
0.0265073583669,-1.04211153305,1.29873808751
0.0279331088674,-1.04069947328,1.30131656983
0.0285846827226,-1.04105946644,1.30058436541
0.0273129443839,-1.04239878281,1.29892675871
0.0247734033771,-1.04258235007,1.29654994449
0.0251612245328,-1.04205492056,1.29737268464
0.0275452007148,-1.04158667323,1.29926774508
0.0281103251718,-1.04268518379,1.29969974332
0.0270752930492,-1.04342899211,1.2990855507
0.0251170124762,-1.04306302619,1.29856084564
0.0232002791428,-1.04174061561,1.2993206305
0.0234247317836,-1.04126311671,1.29962751312
0.0232184210465,-1.04137922931,1.29967291753
0.0233886693347,-1.04224949515,1.29786191788
0.0227059121757,-1.04132812869,1.29861972913
0.0237866786826,-1.04186996873,1.29826879046
0.025189313587,-1.04152150427,1.29926643227
0.0259543521805,-1.04331385079,1.29779764358
0.0254857214073,-1.04241006229,1.2986862077
0.0250894074509,-1.04333126578,1.29885000544
0.0257886927817,-1.04245414617,1.29908898572
0.0235562518606,-1.04251834541,1.29812180234
0.0228935072944,-1.04112253706,1.29896631507
0.0220322742776,-1.04115258811,1.29887024802
0.0229449385067,-1.04074641846,1.29946374059
0.0241378287286,-1.04047911352,1.29995286642
0.0241451080478,-1.04009271941,1.30096242043
0.0254270225726,-1.04150827043,1.3000657714
0.0238619164497,-1.04281983477,1.29850521498
0.0248910333627,-1.04362097372,1.29782907401
0.025125294187,-1.04331810293,1.2982414797
0.0264971847922,-1.04354506964,1.29818661401
0.0251075164642,-1.04265939887,1.29895977543
0.023176550265,-1.04264607204,1.2990061491
0.0223907793761,-1.04201709891,1.29918410092
0.022703616652,-1.04109574185,1.30019150507
0.0234548597844,-1.04071413011,1.29963965025
0.0254409541835,-1.04128616246,1.29946371982
0.0262081102839,-1.04235168657,1.2984563514
0.0260004934659,-1.04258046653,1.29857218522
0.0239150894874,-1.04125736575,1.29954495595
0.0233338311023,-1.0403643679,1.30020424101
0.0256657259545,-1.0406374733,1.30040033386
0.027730194123,-1.04115280893,1.30092258984
0.0273590014605,-1.04207281145,1.3003651488
0.0262166091507,-1.04204683027,1.30029234417
0.0243348069045,-1.04179820614,1.2995260087
0.0231342997161,-1.04129080722,1.29911230285
0.0220399697694,-1.04111739922,1.29869995522
0.0235295969898,-1.04146690108,1.29939616599
0.0257007741622,-1.04225361367,1.2995647039
0.0265120243224,-1.04204885093,1.30084814073
0.0284612620174,-1.04252199841,1.30063242137
0.0267711239185,-1.04216827561,1.29995974731
0.0277452276557,-1.04190464899,1.29980694692
0.0248827678436,-1.04188021296,1.29853465506
0.0245491837059,-1.04160321038,1.29846237252
0.0254495532121,-1.04124151549,1.29931506372
0.0251372481223,-1.04192572551,1.29766411283
0.0278212689542,-1.04222838562,1.29983279142
0.0276578743949,-1.04333827426,1.29926606914
0.0286493684443,-1.04318710115,1.3006841364
0.0273892008792,-1.04313135053,1.29812728764
0.028743282515,-1.04222982358,1.29980215494
0.0278447834437,-1.04112036429,1.30037668099
0.026633069753,-1.04012846745,1.30265547338
0.0210821452701,-1.04086049736,1.2985154918
0.021348789876,-1.04081274219,1.2995017119
0.0207422104686,-1.04110943637,1.29773867479
0.0263245361118,-1.04106435613,1.30105130534
0.0266707445472,-1.04177697704,1.29960640104
0.0271715273986,-1.04326748492,1.29869783123
0.0238982163493,-1.04298993877,1.2969356986
0.0230159213051,-1.04252647392,1.29696124817
0.0252466844075,-1.04200218339,1.29855285041
0.0265342626642,-1.04180673307,1.30003732454
0.0265026578116,-1.04087398668,1.30169138104
0.0267800219759,-1.04125087796,1.30193125633
0.0267881525208,-1.04196092381,1.30077031745
0.027624105184,-1.0423247994,1.3000434035
0.0257589732316,-1.04203352677,1.29894302326
0.0252266503921,-1.04183838107,1.29875502343
0.0248601003229,-1.04230558835,1.29845061582
0.0255146164433,-1.04279041423,1.29805932911
0.0252029063424,-1.04333272512,1.29749239278
0.0255973262996,-1.04364296335,1.29706304602
0.0248867134909,-1.04346601321,1.29764110803
0.023306644697,-1.04290579176,1.29726741268
0.0229879266568,-1.04264181426,1.29699637384
0.0241468974521,-1.04203932407,1.2979185259
0.0240998159166,-1.04078985055,1.29929657123
0.0238385616445,-1.04044028213,1.30041469549
0.0237593588366,-1.04068561853,1.30060673809
0.0271469250855,-1.04174656814,1.30105326265
0.03039987736,-1.04353594152,1.30105735913
0.0303404173146,-1.04387486209,1.3002519927
0.0283827254819,-1.0434727975,1.29969442438
0.0267381224357,-1.04293628999,1.30005543369
0.0254831543013,-1.04213268535,1.29965400097
0.0250048124552,-1.04239546495,1.29904496403
0.0239922777781,-1.04173560374,1.29804605791
0.0243634821773,-1.04249826883,1.29776771468
0.0270582239705,-1.04281447637,1.29826472391
0.0289489158075,-1.04281245814,1.29875385825
0.0287806026495,-1.04116838265,1.30001827625
0.0273294734366,-1.03999648081,1.30091782557
0.0254148486771,-1.04003967035,1.30116502407
0.0296566875463,-1.04170722036,1.30137168753
0.028573801609,-1.0426793645,1.29959654675
0.0271517253263,-1.04295101317,1.29754329539
0.0222595942292,-1.04194797117,1.2972013952
0.0226272852444,-1.04097324831,1.29909153485
0.0241438122222,-1.03925301098,1.30172547548
0.025948474826,-1.0400855961,1.301223873
0.025753165864,-1.04097714289,1.30002005725
0.0243774235942,-1.04246167269,1.29831740406
0.0235137636372,-1.04206949897,1.29903695359
0.0231968998176,-1.04240626873,1.29911590531
0.0250913710102,-1.04295077296,1.29893254983
0.0243887693815,-1.04388810285,1.29610980685
0.0228527405888,-1.04309300354,1.2959487201
0.0216883442152,-1.0417292035,1.29717826566
0.0209033844126,-1.0409708007,1.29858896669
0.0239466738706,-1.04185063004,1.29869946235
0.0224781309636,-1.04239067111,1.29767606645
0.0232300365589,-1.04134248094,1.29903307499
0.0200164189124,-1.04095385783,1.29842738564
0.0210181609125,-1.04126627229,1.29783013854
0.0189850145334,-1.04128096455,1.2974960296
0.0208506907955,-1.04129874565,1.29857526279
0.0221457421531,-1.04141911984,1.29942420508
0.0251053367857,-1.04185995538,1.29998258492
0.0270059563174,-1.0417487029,1.30071824469
0.0256816204663,-1.04104365361,1.30140172003
0.0258155212775,-1.04211722148,1.30029780524
0.0234310530152,-1.0419209356,1.29897415049
0.0227804496456,-1.04182792722,1.29801695569
0.0240894556899,-1.04090370318,1.29939498769
0.0235518816185,-1.04055671226,1.30024985533
0.0250934923861,-1.0410512235,1.30039598753
0.0239129378939,-1.04093212251,1.29943016734
0.0251841023495,-1.04220553063,1.29812735152
0.0251332856029,-1.04285290857,1.29760798684
0.0251022862449,-1.04411282709,1.29575519956
0.0259827148156,-1.04271918544,1.29716535031
0.0273626677622,-1.04301831403,1.29813011385
0.0272795139131,-1.04240010384,1.29923631539
0.0273481533892,-1.0430970308,1.29897928329
0.0257699082043,-1.04220765112,1.29835192825
0.0257525468093,-1.04217186231,1.29904492266
0.0253745600173,-1.04262575029,1.2989040722
0.0266920529074,-1.04232861475,1.30059539061
0.0271673504118,-1.04166919708,1.30070172969
0.0264454725317,-1.04262620558,1.29892189721
0.0264610750793,-1.04296588259,1.29813414297
0.0247623483671,-1.04333928434,1.29783587363
0.0248444845757,-1.04247911605,1.29889609771
0.02493507312,-1.0425639102,1.29900043052
0.0250288377359,-1.04268502113,1.29912045773
0.0261900363709,-1.04261563325,1.29925519108
0.0261506028418,-1.04261906534,1.29883434554
0.0269678902519,-1.04223881167,1.29837411248
0.025372697348,-1.04224708413,1.2977346227
0.0234952152334,-1.04242845915,1.29659727232
0.0234917400519,-1.04290847507,1.29722862652
0.0243696310459,-1.04186623063,1.2992725339
0.0239550194296,-1.04140475707,1.29989788267
0.0234562160513,-1.04149635847,1.29906736708
0.0225286514623,-1.04256635168,1.29794390714
0.0240512058603,-1.04238502325,1.29910606136
0.0256808716192,-1.04269056528,1.29947441795
0.0270622696107,-1.04138697585,1.3004017103
0.0247015819804,-1.04154621885,1.29902558177
0.0232847712747,-1.04053309841,1.29954031101
0.0218642122586,-1.04130232456,1.29839934059
0.0244357410558,-1.04234530069,1.29864987561
0.0250388445774,-1.04281448457,1.29842001797
0.0265443967898,-1.04273420818,1.29932906328
0.0250983054255,-1.04135416406,1.2999094718
0.0256987949942,-1.04204053303,1.29941561348
0.026060404436,-1.04199857043,1.29979434045
0.0267655290223,-1.04187873755,1.29999423284
0.0266804902513,-1.04063779206,1.30145848787
0.0255226156864,-1.04143357473,1.2990206146
0.0257674373549,-1.04153086524,1.2990469649
0.0256239997513,-1.04245942477,1.29724360151
0.0238280619952,-1.04165275992,1.29743357328
0.0235402240803,-1.04129481996,1.29800984904
0.0234973332929,-1.04179876778,1.29757352874
0.0244976902662,-1.04226298856,1.29807119629
0.0255703464034,-1.04264037503,1.29808852777
0.0242952356146,-1.04096918919,1.30019963308
0.0246950890537,-1.04044787744,1.30155126059
0.0238995617041,-1.04107402816,1.30015290926
0.024309490093,-1.04215624519,1.29877011166
0.0251228457008,-1.04375326004,1.29682785293
0.0262718822043,-1.0429326616,1.29902958912
0.027436858349,-1.04271609383,1.29987467809
0.0276277403168,-1.04052942241,1.3027122277
0.026382182802,-1.0412670592,1.30044243556
0.0252105431369,-1.04073644735,1.30044042899
0.0243012753137,-1.04165178531,1.29854926793
0.0258327412732,-1.04279678599,1.29879815476
0.0266295051486,-1.0435583871,1.29845315852
0.0255202422196,-1.04373912286,1.29754777834
0.0242834277099,-1.04289910552,1.29730066063
0.0251767846395,-1.04378651429,1.29664733892
0.0260285109996,-1.04310261948,1.29802100411
0.0249670068643,-1.04318801988,1.2977677779
0.0244705308895,-1.04228661036,1.29794760988
0.0233477291044,-1.04283227732,1.29662996815
0.0254475692197,-1.04236679434,1.29863439128
0.0255563854955,-1.0414081936,1.29953865866
0.0278367506851,-1.04217464954,1.30049451101
0.0242274006385,-1.04260454658,1.29781609485
0.023036122442,-1.0434858915,1.29684080189
0.0207755211723,-1.04238449812,1.29693379063
0.0232719332054,-1.04216952533,1.29833019384
0.0235367012197,-1.04106278955,1.29948430933
0.0245467002911,-1.04119263116,1.29916181372
0.0254928357678,-1.04074586991,1.29995604979
0.0253136114086,-1.04156925805,1.29972706684
0.0254620559545,-1.04106076723,1.30114030058
0.0256455986577,-1.04211943785,1.29921537779
0.0276530382981,-1.04311710129,1.29826516953
0.028459087215,-1.04545145857,1.29527981298
0.0272181328142,-1.04554027898,1.29596446112
0.0263896583456,-1.0448198112,1.29655455348
0.0249463855815,-1.04309524572,1.29779299461
0.0250816235451,-1.04149141208,1.29920902749
0.02439647369,-1.04083891779,1.29934775518
0.0260949150428,-1.04055925917,1.30096473272
0.0240690762712,-1.04184704927,1.29799753653
0.0251704198231,-1.04318743781,1.29757153343
0.0240966233908,-1.04300763699,1.29706390903
0.0275571686425,-1.04274171722,1.29958450665
0.0271870699413,-1.0427527257,1.29898048252
0.0269905887004,-1.04290916446,1.29906934106
0.026158266338,-1.0422303234,1.29932004286
0.0242548926319,-1.04122843128,1.2997055503
0.0232714437914,-1.04185655542,1.29764707121
0.0230300059721,-1.04264525105,1.29627964176
0.0246539955072,-1.04266910689,1.2968494431
0.0249427764257,-1.04246819331,1.29803946499
0.0240959744178,-1.04137097676,1.29970720369
0.0223198534908,-1.04116881413,1.30006044616
0.0253319271367,-1.04125505178,1.30081830718
0.025154077395,-1.04166555434,1.29995366047
0.0269336543416,-1.04104140695,1.29992675159
0.0237786584984,-1.04102266666,1.29816563121
0.0249572193268,-1.04064307717,1.29885851352
0.0245139587232,-1.04154276751,1.29875975314
0.0252203742768,-1.04100217347,1.30011287651
0.0227843717611,-1.04117623077,1.29929568174
0.0215937664999,-1.04096471135,1.29939551983
0.023797053945,-1.04218086938,1.29972674402
0.0261160904635,-1.04340826273,1.29848751707
0.0283924168778,-1.04286352641,1.29961209528
0.0269943597992,-1.04158867672,1.30022807626
0.0256205708625,-1.04031763796,1.30226076293
0.0236557516122,-1.04119550949,1.30055435434
0.023489301508,-1.0422272393,1.29849287565
0.0226632334004,-1.04189824599,1.2979640632
0.0240395793187,-1.04136768537,1.2988776519
0.0256129370805,-1.04131658056,1.2998583109
0.0276357086741,-1.04176267933,1.3002190129
0.0260769628132,-1.04190041012,1.29900143807
0.0230999203613,-1.04153187968,1.29800413251
0.0229426015148,-1.04180679504,1.29764525746
0.023634925902,-1.04190362739,1.29835688847
0.0254218866935,-1.04215588724,1.29947875967
0.024871909963,-1.04224069938,1.29976064044
0.0251931876898,-1.04315674429,1.29921641665
0.0239669583314,-1.04215055853,1.29960257913
0.0232959076859,-1.04329856871,1.2968538697
0.0228495178678,-1.04235361915,1.29699433105
0.0250606081517,-1.04389470045,1.29617955994
0.0256634082229,-1.04247000268,1.29851163251
0.0256555988447,-1.04201412512,1.29937153798
0.0242901176842,-1.04129790116,1.29924165414
0.0254940853105,-1.04131735644,1.29929062145
0.0263821599374,-1.04243848754,1.29868193337
0.026941155612,-1.04236095907,1.2995849816
0.0251383106453,-1.04309722234,1.29861057249
0.0251451987329,-1.04192175326,1.30008868106
0.0258853222895,-1.04120321887,1.30129222103
0.0273350195262,-1.0393948745,1.30336978515
0.0269671152948,-1.04030582186,1.30109641316
0.0257719707212,-1.04150526014,1.29895873125
0.0268072685082,-1.04158938104,1.30036293232
0.0280621687632,-1.04134312571,1.30223559288
0.0289070605378,-1.04042804341,1.30321422081
0.0266094664772,-1.04188581615,1.30034066917
0.0251301295155,-1.04289588908,1.29791689979
0.0226639071925,-1.04294714223,1.29763830524
0.0244086241496,-1.0431014751,1.29753561592
0.0247382454985,-1.04227962134,1.29890969368
0.0268514905955,-1.04262496809,1.29903336937
0.0247551271685,-1.04214419899,1.29922224097
0.0240110293399,-1.04169218981,1.29969125659
0.0229152897369,-1.04187615671,1.29889962257
0.0246586157653,-1.04199678476,1.29960924989
0.0253911778167,-1.04177099659,1.29975274911
0.0260326051806,-1.04088642071,1.30116315453
0.0255451531211,-1.04206166705,1.29934220128
0.0247116987416,-1.04170334834,1.29978597109
0.0224690686659,-1.0418499037,1.29827737238
0.0238016085603,-1.04082312823,1.29957721404
0.0250455690759,-1.04197304982,1.29797133826
0.0273122713662,-1.0428957908,1.29835372801
0.0257330059261,-1.04227756251,1.29851342278
0.0231363944324,-1.04201938045,1.29851966332
0.0241956365604,-1.04028150868,1.3007692792
0.0240643236425,-1.04080683065,1.30058336066
0.0277199873821,-1.04087009664,1.30098643198
0.0279294995843,-1.04147252563,1.30007157749
0.0274693193202,-1.04156526387,1.30004733094
0.0249298888846,-1.04018541291,1.30195242104
0.0225207944728,-1.04055037766,1.30132269248
0.0236775317692,-1.03989903786,1.30215764462
0.0251958416135,-1.04198977911,1.29987472348
0.0261838458673,-1.04289815125,1.29870604323
0.0228155109169,-1.04319337078,1.29675318111
0.0207843258722,-1.04241139659,1.29718146371
0.020210139282,-1.04228783227,1.29745811033
0.022649582243,-1.04298113492,1.29753954953
0.0240228417228,-1.04323407145,1.29696270783
0.0244742885562,-1.04189743258,1.29817741727
0.024341561746,-1.04116070212,1.29868670372
0.0263772438696,-1.04135203543,1.2995334956
0.0272337006384,-1.04167054013,1.29959794679
0.0276467558788,-1.0418350147,1.299578677
0.0255519969774,-1.04161306586,1.29962843141
0.0244204232006,-1.04278573169,1.29783156689
0.0230648608338,-1.04244236497,1.29829852486
0.0215024645553,-1.04216306903,1.29714370569
0.0214232854818,-1.04028873696,1.29956746011
0.0222594043191,-1.04139198022,1.29831670693
0.0246141252509,-1.04160388824,1.29961076796
0.0233132984716,-1.04398909012,1.29611241396
0.0226354426401,-1.04363727743,1.29802278812
0.0216586580241,-1.04394102149,1.29737638168
0.0267746454233,-1.04304131561,1.30136670989
0.0276468310707,-1.04275132501,1.30069316165
0.028038425968,-1.0421096631,1.30073665556
0.024801463002,-1.04163378182,1.29920782643
0.0246490301658,-1.041691143,1.29903360997
0.0240159628395,-1.0420739288,1.29880956191
0.0245749835421,-1.04248584186,1.29849343125
0.0237608876602,-1.04231490318,1.2980794542
0.0243830633391,-1.0420207307,1.29884844841
0.0240046150241,-1.04319990085,1.29786419796
0.0247331339291,-1.04247817878,1.29885476455
0.0255746613357,-1.04308589572,1.29888007168
0.0269090264079,-1.04175505607,1.30010789298
0.0284107242432,-1.04158018689,1.300991801
0.0277851335809,-1.04110877031,1.30108181054
0.0260527511002,-1.04084910385,1.30094975822
0.0254326452337,-1.04258488318,1.29867451519
0.0242080269271,-1.04269299075,1.29826332851
0.025870142335,-1.04249957302,1.29861649415
0.0257388669921,-1.04141328472,1.3011770701
0.0264673754622,-1.0416379392,1.30089453104
0.0254513396697,-1.04126723512,1.30100609533
0.0259911207682,-1.04334816118,1.29761717255
0.0247345394601,-1.04420739087,1.29620297193
0.0255550391448,-1.04500751028,1.29617522164
0.0234481909652,-1.04258180384,1.29806073453
0.0237416310126,-1.04136379164,1.29973052529
0.0230110687067,-1.04117486427,1.29975919568
0.0259794717682,-1.04206731503,1.30085543324
0.0261918993355,-1.04157205149,1.30179467968
0.0241058644971,-1.04136675494,1.30030448795
0.0228892399467,-1.04147227356,1.29926438265
0.0236179374789,-1.04288809062,1.2969958588
0.02660186329,-1.0444651443,1.29677691732
0.0261459841069,-1.04400466244,1.29713498425
0.0250719185121,-1.04254122493,1.29832849304
0.0257952074929,-1.04135999408,1.30080861447
0.0266370009808,-1.04063729784,1.3007669845
0.0261800690703,-1.04196207283,1.29919670825
0.023357391052,-1.04083259665,1.29816227627
0.0227716382341,-1.04067990756,1.29913158342
0.0247072343697,-1.04018149771,1.30110694132
0.0248347788624,-1.04076320456,1.30106917883
0.0259927508542,-1.0410847492,1.30148011652
0.0251944019858,-1.04068517743,1.30069039665
0.0269901812705,-1.04180290003,1.30037162256
0.025673719923,-1.04202506332,1.29956760907
0.0274855583597,-1.04185637905,1.30092439637
0.0261366656062,-1.04053017439,1.30163474399
0.0264876068127,-1.04081214692,1.30147288761
0.0252176111819,-1.04150989169,1.30054529526
0.0244850578146,-1.04138428852,1.30097881192
0.0231995742951,-1.04175053975,1.29920641789
0.0234835772891,-1.04129045639,1.29937650795
0.0260758017194,-1.04218490792,1.29887353306
0.0270836947542,-1.04200187909,1.3002264474
0.0255376975966,-1.0423122607,1.29960238886
0.0243275591494,-1.04348720314,1.29779425241
0.0258032582351,-1.04411664346,1.2976524174
0.0259241342767,-1.04251646216,1.29911231053
0.0248034782201,-1.04127818928,1.29987992427
0.023002856681,-1.04130848725,1.29840193945
0.0240920085922,-1.04202604788,1.2987556657
0.0233377670863,-1.04115481589,1.29942888743
0.0241578475545,-1.04067314248,1.30094272739
0.0235984755185,-1.04186355465,1.29860524221
0.0254740714586,-1.04224688758,1.29974016864
0.025935076716,-1.04162508372,1.30001168112
0.0261876202426,-1.03996030606,1.30237812047
0.0252613245549,-1.03966984112,1.30210158047
0.0246953327644,-1.04042941594,1.30168249481
0.0251031897109,-1.04099694433,1.30131340013
0.02716955078,-1.04195779673,1.30076346405
0.0258103874992,-1.04142249934,1.30009605867
0.0270870254571,-1.04218573267,1.29986787396
0.0271093132399,-1.04366276567,1.29781635106
0.0280990750627,-1.04330882891,1.29888737355
0.0258223266256,-1.04371137312,1.29706842703
0.0244008021953,-1.04255007305,1.29811893965
0.024478963886,-1.04293129932,1.29863215123
0.0241529235834,-1.04180830113,1.29984124025
0.0250073944818,-1.04041460209,1.30142027572
0.0243249661703,-1.04053910675,1.30084733469
0.0246531670268,-1.04056544225,1.30126376908
0.0236795309619,-1.04106121997,1.30053369318
0.0239303558872,-1.04153073414,1.29900874395
0.0259771889723,-1.0429205784,1.29831979864
0.025176654067,-1.0438352047,1.29655712082
0.0263353996406,-1.04345988729,1.29822378306
0.0247756490702,-1.04275219689,1.2980716168
0.0257232750113,-1.04203032786,1.29971883824
0.0252205032879,-1.04214246399,1.29858426902
0.0260981335293,-1.04152093552,1.29964075137
0.0283945479252,-1.03927859052,1.30400350416
0.0283511039799,-1.03935914261,1.30467495512
0.0299994184396,-1.03955761976,1.30603599917
0.0302116366116,-1.04321861282,1.30076119025
0.029306744829,-1.04227475565,1.30166527051
0.0288735966356,-1.04204189007,1.29996732391
0.0256931648536,-1.04097788558,1.30013310952
0.025780575692,-1.04300751956,1.29755530858
0.0230192360232,-1.04285193797,1.29706796579
0.022450154838,-1.04233755225,1.29740233902
0.0230535024458,-1.04165926422,1.29811121254
0.0246478959443,-1.04290447497,1.29724685479
0.0247966408166,-1.04308420208,1.29740329127
0.0249623795373,-1.04280779535,1.29775840075
0.0231877344912,-1.04238763791,1.29831115247
0.0244204863481,-1.04253425338,1.29864222683
0.0242372198501,-1.04273416232,1.29814188958
0.0259366903981,-1.04261629684,1.29955703685
0.0254401980402,-1.04208460997,1.29960890392
0.0250468270526,-1.04116205769,1.30121438029
0.0243605185549,-1.04130589659,1.29953642595
0.0239295839468,-1.04238945307,1.29781576835
0.0249253204354,-1.04312252084,1.29724435954
0.0241931277242,-1.04201355815,1.29779322247
0.0272498387362,-1.04183702033,1.29972709239
0.0262954380058,-1.04030089639,1.30094336241
0.0269037485081,-1.04094188695,1.3011475084
0.0250098842298,-1.04138283019,1.30067371675
0.0276904508161,-1.04230403179,1.3002800884
0.0273875881151,-1.04263055874,1.29991029266
0.0267848359705,-1.04163320656,1.30002686242
0.0244860257486,-1.04131724884,1.29983585921
0.0237523307666,-1.04085763762,1.29973939188
0.0228678545996,-1.04087728444,1.29911066237
0.0224608676917,-1.03999925532,1.3002182588
0.0224433923452,-1.03981991574,1.30131025323
0.0235063633605,-1.03892241403,1.3033023401
0.0225733168893,-1.0401172885,1.30142457841
0.0248006775983,-1.04138504902,1.30004569656
0.024424747904,-1.04190820672,1.29883789464
0.0248982388879,-1.04264986064,1.29856985346
0.0239554770568,-1.04107075739,1.29970644631
0.0232545734777,-1.04240001789,1.29797117172
0.0218681950963,-1.04236448031,1.29662648325
0.0225170864667,-1.04340815899,1.29642517672
0.0243581424364,-1.04275602624,1.29871955022
0.0265404641382,-1.04166101737,1.30139312046
0.0259510740681,-1.0414628295,1.30070809654
0.0254717690801,-1.04245557913,1.29782645178
0.0245078871813,-1.04307516974,1.29641809189
0.023435543912,-1.04284089679,1.29616639495
0.0219665730395,-1.04168165874,1.29723390479
0.0233701990696,-1.04095810964,1.29782925557
0.0231389666533,-1.04126051634,1.29855553471
0.0239847137783,-1.04124614235,1.29918107103
0.0237664923444,-1.04236172229,1.29869696823
0.0267166990885,-1.04247190281,1.29932725433
0.0269264048471,-1.04252870119,1.29957895478
0.0259498788665,-1.04220525602,1.29997412741
0.0246746856851,-1.04194847263,1.30016055289
0.0241203045212,-1.04138479765,1.30047082113
0.0248971479809,-1.04098472904,1.30035902229
0.0237916679844,-1.04136456183,1.29874075021
0.0225412589216,-1.04183616677,1.29784985232
0.0226401901143,-1.0421230046,1.29832287908
0.0242707975253,-1.0417718025,1.29911312478
0.0268903245329,-1.04221174252,1.29968540483
0.0265157495706,-1.04144734521,1.30041306416
0.0259012818343,-1.04168057027,1.30007064858
0.0252494957123,-1.0417364468,1.30022366859
0.0253320737244,-1.04255910501,1.29901150512
0.0266361328511,-1.04225102319,1.29999449513
0.023748781957,-1.04088204207,1.2998453224
0.0239889875562,-1.0404870509,1.30034164685
0.0229523661564,-1.04146396398,1.29906889292
0.0245226936059,-1.04205129458,1.29955548533
0.0250351930928,-1.04206129142,1.29981443272
0.0240558637602,-1.04170295638,1.29986931366
0.0239757699424,-1.04186937807,1.29836711734
0.0264540644781,-1.04247433592,1.29895949893
0.0251724397482,-1.0415568189,1.29915986978
0.0262846687336,-1.04166278677,1.30068022379
0.0228715212863,-1.04162578429,1.29953647961
0.0255855016324,-1.04171336976,1.30011780085
0.0263413758903,-1.04190126256,1.29972929687
0.0260031729899,-1.04101429544,1.30021053638
0.0259289896083,-1.04192748451,1.29977602155
0.0248716629413,-1.04142411655,1.29987001295
0.0247347465742,-1.04221796303,1.2989138599
0.02270277058,-1.04140618373,1.29869712489
0.0248340854651,-1.04264702385,1.29864795073
0.0257080137823,-1.04248993525,1.29954568721
0.0264737710003,-1.0432121672,1.29898052179
0.025273553309,-1.04264753746,1.29851446802
0.0260095137434,-1.0431395707,1.29793847031
0.0249579880749,-1.04235289072,1.2985715776
0.0231346449625,-1.04158975203,1.29932262086
0.0217551117383,-1.04068137425,1.29994208993
0.0251383492071,-1.04133787999,1.30124440897
0.0266662275711,-1.04338690328,1.2992064943
0.0275673923553,-1.04337095405,1.29904135227
0.0245536732476,-1.04227015874,1.29884560216
0.0257985845638,-1.04059999558,1.30129979286
0.0260185948181,-1.04099199476,1.30175695521
0.0277426839206,-1.04138529249,1.30185101568
0.0245167564802,-1.04085960405,1.30134247039
0.0264181077831,-1.04150080328,1.30117232595
0.0265337582723,-1.04241859353,1.30006751569
0.029726852202,-1.04272739704,1.30123851275
0.0261629957505,-1.04253220766,1.29964539703
0.0253690360655,-1.04093887604,1.30032184553
0.0236569882472,-1.04066000076,1.29916178811
0.0262667610257,-1.04001119481,1.30083882316
0.0261604203626,-1.04110593724,1.30022648297
0.0273270214681,-1.04181989759,1.3006201928
0.0261311610437,-1.0433224989,1.29896305757
0.0255262822442,-1.04253114803,1.3000495456
0.024387242307,-1.04327530802,1.29847887468
0.0236513773803,-1.04203203924,1.29920829819
0.0237439080991,-1.04280630976,1.29808328407
0.0246886432448,-1.04164012035,1.29932130282
0.0244961622476,-1.04147988678,1.29988281732
0.0255945946156,-1.0402144871,1.3010140329
0.0246313645172,-1.04058813608,1.30044150796
0.0258290828792,-1.04257214013,1.29761947064
0.0262728128058,-1.04385960714,1.29773779208
0.0261936495902,-1.0444747988,1.29728122709
0.0251780142593,-1.04286121168,1.2999184291
0.0253724234041,-1.04394334356,1.29839935936
0.0267232803902,-1.04261015938,1.30015708377
0.0272029637473,-1.04259609559,1.30013219831
0.0261830833999,-1.04198108649,1.30014289537
0.027094051149,-1.04440406625,1.29743532405
0.0273248546755,-1.04410460658,1.29721784084
0.0288045531725,-1.04380869252,1.29807187214
0.0270095836982,-1.04247008418,1.29994408874
0.028512327794,-1.04332327146,1.29982405908
0.0276864555657,-1.04254101857,1.30029863456
0.0279477565704,-1.04178478033,1.30062559657
0.026166235032,-1.04159668632,1.29975222551
0.0261438644103,-1.04250010395,1.29902727736
0.0256871198018,-1.04329577916,1.29772227689
0.0275205923967,-1.04269190704,1.29987414943
0.0270220846177,-1.04371222416,1.29813759291
0.026764961567,-1.04292637779,1.29939919116
0.0256749433982,-1.04287778073,1.2989948404
0.0262483932083,-1.04152660632,1.30050255512
0.0265322291696,-1.04214686882,1.2995766381
0.0241221969076,-1.04308143106,1.29676502924
0.0253356360059,-1.04305882793,1.2964920421
0.0252359464394,-1.04216634805,1.29740949544
0.0259686752693,-1.04131656709,1.29937151564
0.024447886399,-1.04132157043,1.30049715122
0.0246035011397,-1.04177611463,1.30016628783
0.0267319139353,-1.04174856835,1.30027043427
0.0277473439769,-1.04174820964,1.2999272944
0.0246450354406,-1.04132963582,1.2984732739
0.0238190622241,-1.04177565593,1.2980770468
0.0221126901116,-1.04072116356,1.29906878576
0.0250985260629,-1.04102199417,1.30058132522
0.0247402983769,-1.039685532,1.30221241409
0.023279518914,-1.04054721866,1.3000273826
0.0230872136306,-1.04047659305,1.30041389695
0.0251832594172,-1.04092375937,1.30120216964
0.0276130024609,-1.04099332212,1.30259630386
0.0289040058345,-1.04148366825,1.30191555827
0.0267365734896,-1.04210314244,1.29973495188
0.0254220037893,-1.04197902044,1.29890392364
0.0240505811136,-1.04235034588,1.29761118726
0.0245549464652,-1.04229662265,1.29801442691
0.0273978524432,-1.04230628634,1.30056128343
0.0285620402798,-1.04211468535,1.30220000982
0.0274478321452,-1.04266254003,1.3003687054
0.0255634818911,-1.04283238594,1.29735143766
0.0237020334545,-1.04291045958,1.29613213697
0.0242989641619,-1.04215687209,1.2981079527
0.0230288375437,-1.04230063344,1.29949113745
0.024388840673,-1.0418074582,1.30080689343
0.0245579778765,-1.04243575878,1.3002969239
0.0248717728004,-1.04158288752,1.29986483111
0.0263923056998,-1.0419626307,1.29975650806
0.0264906898692,-1.04083890357,1.3012033195
0.0270732267589,-1.04174182787,1.30090532977
0.02526892794,-1.04211221603,1.29991855502
0.0272878814799,-1.04306413514,1.29856544068
0.0265863897599,-1.04276174109,1.29865247629
0.0270930807971,-1.04138126659,1.30121738521
0.0251608627396,-1.04095498327,1.30134014326
0.0259302092997,-1.04087941538,1.30142516945
0.0253615811874,-1.04197900733,1.29913668305
0.0250513835817,-1.0423859867,1.29838793914
0.023941285499,-1.04238242889,1.29828190293
0.0244742666046,-1.04043055718,1.30018024343
0.024454788465,-1.04079526657,1.29977808463
0.0267949933179,-1.04157685743,1.29965080999
0.0271930347777,-1.04196914188,1.29971192491
0.0271326893789,-1.04303408434,1.29907896002
0.0248996449049,-1.04154132964,1.29986343753
0.0244020708194,-1.04378456865,1.29770264193
0.0246351102286,-1.04181578569,1.29990710042
0.0236111671809,-1.04244000369,1.2984202839
0.0231343728159,-1.04150968503,1.29844547142
0.0224268931231,-1.04130356344,1.29818440299
0.0248910413693,-1.04207401329,1.29876409375
0.02706516423,-1.04224106502,1.29978972417
0.0267675240597,-1.0423894791,1.2995898321
0.0274475574847,-1.04150585791,1.3006372684
0.0255938955385,-1.04121204238,1.30015546827
0.0274824077303,-1.04154218848,1.30042342374
0.0269070609868,-1.04159044196,1.30023230376
0.0277924819529,-1.04158916327,1.3010962663
0.0276659643732,-1.04128288103,1.30069403265
0.0298199614228,-1.04039210207,1.30290341694
0.0276474612964,-1.039084251,1.30300337397
0.0280859637338,-1.03898551779,1.30438944869
0.0279608599599,-1.03879394123,1.30471447341
0.0320323495395,-1.03922854456,1.30717275229
0.0339524949349,-1.03942704928,1.30758728322
0.0313839796474,-1.04104501728,1.30410905328
0.0282562933786,-1.04215361713,1.29957292914
0.0249221410468,-1.04187452933,1.29849670069
0.0251149174553,-1.04105512115,1.29969001594
0.025053303645,-1.04111413114,1.30035236686
0.0251853105351,-1.04301127726,1.2982899198
0.0241594843009,-1.04331525965,1.2973851433
0.0243096574808,-1.04291878349,1.2980897962
0.0252922700258,-1.04036948702,1.30135744971
0.0262857914849,-1.04031726655,1.3016101356
0.0273397571796,-1.04115943263,1.30039522201
0.0266739213391,-1.04173988341,1.30021323983
0.0248758747874,-1.04220914321,1.29939995873
0.0255932556484,-1.04136458752,1.30112051955
0.0254026343499,-1.04078318758,1.30056912682
0.0265921196498,-1.0400026964,1.30146767916
0.0247744249032,-1.04059783804,1.29987330352
0.023873852009,-1.04152673264,1.29880486788
0.0248130622304,-1.04332364383,1.29723776797
0.0250923724827,-1.04240364185,1.29866057915
0.0259787919378,-1.04336115295,1.29706058216
0.0271509517873,-1.04140262003,1.30119184161
0.0274557650677,-1.04211299295,1.30017201268
0.0281833165786,-1.04021936229,1.30313996033
0.0252954457081,-1.04063494284,1.3003648993
0.0230599382819,-1.04052896519,1.30016728199
0.0225678902454,-1.04143207444,1.29956451867
0.027062541925,-1.04149039792,1.30195731599
0.0277136459512,-1.04113342866,1.30267499132
0.0286108010279,-1.04081386337,1.30300876615
0.0278310639869,-1.04221580868,1.29994527383
0.029653989296,-1.04351490629,1.29922948585
0.0275588353816,-1.04378193389,1.29789381503
0.0271117577875,-1.04245463064,1.29992209332
0.026016094195,-1.04202980788,1.29949438337
0.0260137817776,-1.04122444696,1.30145841257
0.0228531535624,-1.04160545392,1.29892693105
0.0243612507877,-1.04094655663,1.30036795228
0.0253629967851,-1.04196707682,1.29924962661
0.0263988532146,-1.04256372371,1.29913871129
0.0262941170369,-1.04151352836,1.30095421842
0.0276387718852,-1.04205092712,1.30074105984
0.0263464470062,-1.04200723968,1.3009231144
0.027011536461,-1.04277518431,1.30005857854
0.025897193701,-1.0421709333,1.29993606401
0.0317879126543,-1.04085495632,1.30431504781
0.030858117534,-1.04012874108,1.3045969378
0.0299746112725,-1.04063107694,1.30368142239
0.0259094449639,-1.04154027928,1.30047105756
0.0256515140125,-1.04246700905,1.29932153499
0.0256972385736,-1.04224419881,1.29956590198
0.026333078604,-1.04177269952,1.29996490188
0.0259083088022,-1.04166267243,1.29986815884
0.0268604791403,-1.04120505677,1.30092639358
0.025619201394,-1.0414363568,1.30080432002
0.0255553572735,-1.04199568533,1.29974355619
0.0274428648187,-1.04161847568,1.30107616982
0.0278495302206,-1.04223253878,1.300319322
0.0284121533883,-1.04190900751,1.30127564128
0.0271014978508,-1.04263652573,1.30000269321
0.0281773505349,-1.04286287048,1.29981343507
0.0278635481193,-1.04318542595,1.29954861838
0.0250255064746,-1.04284955268,1.29825846177
0.0246553059175,-1.04226388696,1.29989849194
0.0249838110955,-1.04215868536,1.29985073113
0.0258640063904,-1.04265653293,1.30062922548
0.0242381190165,-1.04264865744,1.29944962583
0.023919647572,-1.04191001681,1.30010760428
0.0291456876583,-1.04174223085,1.30240450661
0.0305696141533,-1.04177375236,1.30271339866
0.0288278518754,-1.04150091377,1.30227203911
0.025065787482,-1.04090395332,1.30046366083
0.0246780191397,-1.04106389847,1.29938437913
0.0265179716834,-1.04294478246,1.29872324202
0.0266928150494,-1.04316197155,1.2987296215
0.0271572842776,-1.0426235008,1.30053034557
0.0254663523331,-1.04129604129,1.30006407351
0.0276618406177,-1.04145345958,1.30126190554
0.0281646547726,-1.04185005008,1.30176623562
0.0283865743914,-1.04181673906,1.30228654809
0.0250928380317,-1.04053827949,1.30211310332
0.0225901922105,-1.03880691256,1.30195907586
0.0233481858989,-1.03920828269,1.30221188655
0.0219974998966,-1.04083783732,1.29941039702
0.0221883515144,-1.04225229463,1.29743867527
0.0244119089101,-1.04181205564,1.29871662036
0.0260370720315,-1.0419281971,1.29959941626
0.0280755329302,-1.04271260696,1.29973691041
0.0236050730828,-1.04257384476,1.29827260211
0.023638073714,-1.04150019423,1.29931953132
0.0218875954276,-1.04132254871,1.29867776444
0.0239190372523,-1.04155263394,1.29898820631
0.0234798784284,-1.0417780042,1.29911028006
0.0237239071355,-1.0413779136,1.30037836934
0.0247635591826,-1.04127461153,1.30068961503
0.0270704043348,-1.04140078509,1.30113427234
0.0280640370352,-1.04117311763,1.30222004734
0.0288370861382,-1.04098593776,1.3029783811
0.0312067486989,-1.0408306793,1.30398210619
0.0303632330196,-1.04034835505,1.30362762547
0.0324905929776,-1.03969871656,1.30544989704
0.0271929647855,-1.04032850187,1.30185756848
0.0296641691494,-1.04032960037,1.30302325324
0.0266190058833,-1.04080034315,1.30097304379
0.0303993522835,-1.04050005813,1.30370361451
0.0292795508021,-1.04133385028,1.30207959662
0.0276278433598,-1.04076197321,1.30185082272
0.0250542542216,-1.04175048643,1.29923917065
0.0252531108619,-1.04161282303,1.29930195995
0.0266661238872,-1.04234572951,1.29959943283
0.0268574450127,-1.04151855523,1.300548676
0.0248170237544,-1.04178268074,1.2996801062
0.0260362177709,-1.0415721757,1.30072290247
0.0257193417641,-1.04149265013,1.30093855749
0.0289719080056,-1.04095598729,1.30241574662
0.0294459971447,-1.04149427657,1.30082764174
0.0293186699179,-1.04212883934,1.30011068963
0.0263101618987,-1.04235864562,1.29913268099
0.0254223760553,-1.04269609611,1.29921644841
0.0259111550293,-1.04237628385,1.30008944604
0.0283407344172,-1.0438455646,1.29999380886
0.0272734593119,-1.04234234153,1.30090515074
0.0267940813001,-1.04130316189,1.30187332766
0.0247926081991,-1.03996488756,1.30151362231
0.0299278790868,-1.0399504844,1.30506197585
0.0297422398845,-1.04088923057,1.30438355146
0.0292622081998,-1.04003125311,1.30542940093
0.026514499819,-1.0399981765,1.30437840622
0.0280644030825,-1.03902442764,1.30568486384
0.0282891984173,-1.03869891102,1.30607417936
0.0262393217139,-1.04030791856,1.30192432451
0.026505189736,-1.03975091094,1.3025968222
0.0261601082504,-1.04023695445,1.30198698767
0.0263390081298,-1.03952397165,1.30388918965
0.0262142910255,-1.04096425029,1.30175981995
0.02837674809,-1.04058403405,1.30271022113
0.0289225428941,-1.04011614926,1.30169790727
0.0264828635064,-1.03963329079,1.30139904847
0.0247689852865,-1.04106311929,1.29882529639
0.0245360699029,-1.04212869241,1.29849613134
0.0262030932666,-1.04335013867,1.29756725467
0.0284842343895,-1.0434602158,1.29917922393
0.0307863374169,-1.04140378486,1.30357451094
0.0311358126953,-1.04059146651,1.30581915497
0.0315586013184,-1.04102000984,1.30503199572
0.0285097683029,-1.04247061919,1.30034122428
0.0278866545172,-1.04254310886,1.29879214714
0.0274794959737,-1.04080968774,1.30193644163
0.0303944853996,-1.03993943979,1.30499332583
0.0311799031474,-1.04023397257,1.3051850544
0.0292878298538,-1.04036604447,1.30371847963
0.0254776422285,-1.04165241689,1.30115080968
0.0247758507172,-1.04072220984,1.30183628245
0.0254783050864,-1.04120294182,1.30086381821
0.0293672787622,-1.04107996764,1.30227963566
0.0318077487001,-1.04130506165,1.30298652298
0.0312064973188,-1.041230417,1.30232981749
0.0301334771352,-1.04085785269,1.30140017134
0.0269668268656,-1.04068972732,1.30084075533
0.0262627367734,-1.04117922219,1.3004300044
0.0254169581076,-1.04198570953,1.29945036988
0.0281138984665,-1.04172737211,1.30088190551
0.0279460452742,-1.04057087695,1.30232521168
0.0262018621388,-1.0397815428,1.30314371178
0.0229897465104,-1.0405663843,1.30062332617
0.0238883532757,-1.04148701709,1.29934156736
0.0245600055928,-1.04265246872,1.29809091373
0.0263341855554,-1.04283277039,1.29821579202
0.027494325339,-1.04325139296,1.29915323408
0.0277642448863,-1.04174286779,1.30160675727
0.0285487344468,-1.04161757572,1.30312788438
0.0274026780746,-1.04121873539,1.30271251181
0.0262462505817,-1.04153171051,1.30153302031
0.0220016044503,-1.04186758775,1.29930613164
0.0222034220649,-1.04117170641,1.30054731942
0.0260352487692,-1.04058878318,1.30322544402
0.028747043906,-1.04007196929,1.30374514782
0.0281629652042,-1.04112527832,1.3026055697
0.0243973410192,-1.04194714007,1.29958171198
0.0286190477192,-1.04089489004,1.30431516342
0.0298196529022,-1.03932914823,1.30552964593
0.0327205820845,-1.04054546595,1.30496475221
0.0335415602674,-1.04116907533,1.30459329651
0.0337253162276,-1.0420030297,1.30450233451
0.0357318833502,-1.04068188,1.30790388913
0.0306220670467,-1.04224237339,1.30294034872
0.0289160438266,-1.04177015141,1.30244694404
0.0244349796086,-1.04257325505,1.29858240255
0.0245941016749,-1.04254305408,1.29837424063
0.0249239471712,-1.0436842045,1.29743969041
0.0268401481425,-1.04396335417,1.29832510595
0.0273527291249,-1.04249320279,1.30042025959
0.0304624583018,-1.04274656138,1.30125641148
0.0303411073478,-1.04201246554,1.30218088022
0.0325710919261,-1.04247004423,1.30339989156
0.0319833287275,-1.04282195513,1.30233322445
0.0363288126214,-1.0419894295,1.30560638706
0.0348413404638,-1.04207140578,1.30443714107
0.0334494071485,-1.04192628548,1.3045054918
0.0311566525651,-1.04335443583,1.30109424006
0.0298349591082,-1.04281659273,1.30127888756
0.0305310610348,-1.04151307474,1.30254148685
0.0299487824711,-1.04142523168,1.30264759163
0.0311524301514,-1.04209302341,1.30190198888
0.0306652485558,-1.04249646148,1.30144427331
0.0290866179913,-1.04110226133,1.30098283794
0.027123288463,-1.04067058776,1.30086824328
0.0263163478239,-1.04054609751,1.30091006454
0.0246341452314,-1.04062269671,1.30096969697
0.0270668873296,-1.04008405851,1.30316621618
0.0276274302819,-1.03969191685,1.304144114
0.0341290753919,-1.03831044868,1.30888417644
0.0331562332564,-1.0397393029,1.30606966635
0.032497004073,-1.0404163438,1.3049238689
0.0275091839906,-1.04296049889,1.29949319064
0.0303957330219,-1.04154528579,1.30296263327
0.0324656792414,-1.04027340285,1.30540974021
0.0310996103868,-1.03996864786,1.30512120774
0.0282695464998,-1.04100181764,1.30235973756
0.0243995695763,-1.04189097225,1.29964186088
0.0277067299832,-1.04152948241,1.3018451266
0.0258147683878,-1.04121384489,1.30109985999
0.0298814758716,-1.04080848512,1.30367557576
0.0269195895707,-1.04112886057,1.30178473206
0.0280486985602,-1.0417774035,1.30212644329
0.0241684978982,-1.042162068,1.29939624178
0.0270876050973,-1.04118697776,1.30269503949
0.0276691435202,-1.04079748288,1.30323623955
0.0285185423206,-1.03991819874,1.30413760288
0.0266013486427,-1.04066070612,1.30080648542
0.0259585263923,-1.04140255893,1.29883780446
0.0269238497581,-1.04215533905,1.29915186297
0.0259190696856,-1.04233474327,1.29914808284
0.0255530712381,-1.04104488885,1.30111744214
0.0245558326257,-1.04099976418,1.30100766922
0.0244451070975,-1.0407478198,1.30127287642
0.0245849475196,-1.04067665573,1.30104555813
0.0252064619114,-1.04077225286,1.3009504856
0.0254632067872,-1.0404633477,1.30184988894
0.0269297976548,-1.0402859703,1.30426568751
0.0279274716205,-1.03937051779,1.30576130284
0.0260119010231,-1.03905628054,1.30520017526
0.0248772861058,-1.03974505841,1.30256365419
0.0238715929366,-1.03979957371,1.30270549169
0.0259333787739,-1.04089583639,1.30223577851
0.0278810045614,-1.04145910577,1.30164440048
0.0287740901654,-1.04311934449,1.29855733619
0.0273121626405,-1.04260321044,1.29862962396
0.0263426201007,-1.04422103728,1.2965172685
0.0251009986541,-1.0431693226,1.29743895312
0.0276967532238,-1.04142476376,1.30066912962
0.0276632518979,-1.03911563471,1.30431014008
0.0274156147808,-1.03870460716,1.30525095966
0.0256299538142,-1.04105924,1.30109493799
0.0245450736921,-1.0405725527,1.30092849051
0.0272583617982,-1.04033619837,1.30269711661
0.0290104263635,-1.0414431673,1.30246571517
0.0295270480725,-1.04125313793,1.30288247319
0.0294890020796,-1.04353040345,1.29976658671
0.0316089564601,-1.04259946516,1.30217974214
0.0334126832941,-1.04328806731,1.30196229585
0.0336776793275,-1.04216953821,1.30364561283
0.031787129448,-1.04208079804,1.3034346172
0.0299558258098,-1.04255204408,1.30232248652
0.0277315287664,-1.04176209834,1.30223282748
0.0270331581516,-1.04138795291,1.30135186413
0.0283857768652,-1.04170956286,1.30199211551
0.0259315153162,-1.04195830275,1.30028350824
0.0260577444171,-1.04080470328,1.30186920906
0.0248403715134,-1.03968178934,1.30201477118
0.0277351483754,-1.04011270639,1.30267302543
0.0274857824075,-1.04056395613,1.30251712913
0.0285034374257,-1.04199805806,1.30148810805
0.0297217895482,-1.04218565944,1.30167384637
0.0294395341534,-1.04156427178,1.30177148598
0.0301606121081,-1.04263639001,1.30018916342
0.0291750795647,-1.04251578928,1.29991473326
0.0285444951879,-1.04443319442,1.29759969827
0.0328427383625,-1.0424387933,1.30392865161
0.0317329406904,-1.04234500945,1.30372118682
0.0308838218147,-1.04174865997,1.30344521002
0.0256040612256,-1.04207021087,1.29890955726
0.0265306235951,-1.04151315914,1.30015077079
0.0271722945984,-1.04121535434,1.30057340616
0.0266388843578,-1.04003057394,1.30244727457
0.0294107388793,-1.04018850828,1.30406644407
0.0321966758206,-1.04049931748,1.30632204712
0.0319876928812,-1.04209064062,1.30395109878
0.028613260584,-1.04248194543,1.30136318841
0.0252272736523,-1.04255605745,1.29930040889
0.0251434133768,-1.0404974403,1.30166429962
0.0271764950372,-1.04108270325,1.30154731569
0.0280109079405,-1.04133758001,1.30191942388
0.0294497200836,-1.04135966882,1.30280800678
0.0264280959294,-1.04247439971,1.30000249202
0.0275046030155,-1.04198719613,1.2997613074
0.0293081956266,-1.04170268149,1.30147904913
0.0308680172869,-1.04016140815,1.30470120464
0.0311326099571,-1.04037795906,1.30564176871
0.0265181063564,-1.04168211719,1.30070612381
0.0262099293609,-1.04060196822,1.30078633961
0.026588052321,-1.0404119545,1.30114030846
0.0324702880196,-1.0403903499,1.30466758877
0.0327422069386,-1.04178090469,1.30330395869
0.0326832107141,-1.04093558532,1.30323618725
0.0327347478934,-1.04028463777,1.30481103352
0.0324262811126,-1.03983739728,1.30527793098
0.0350786023498,-1.04022799221,1.30731340096
0.029786005954,-1.04055119875,1.30379035467
0.0308706609834,-1.04160118716,1.30363007119
0.027534096909,-1.04311606388,1.29957465832
0.0301669383104,-1.04304861775,1.30136147283
0.0318672341274,-1.04103224265,1.30517074765
0.0299995086994,-1.03967023014,1.30698327013
0.0287365192373,-1.04007942755,1.30468125379
0.0267005516415,-1.04049519888,1.30317602733
0.0281352957614,-1.04081438396,1.30311244192
0.0278782782067,-1.04060462243,1.303178043
0.0280695648888,-1.04032784807,1.30242602667
0.0278793787192,-1.04006768278,1.30181950292
0.0281238991492,-1.04022643684,1.30200153321
0.0288821768314,-1.04093386669,1.30192136393
0.0287825874699,-1.04129894192,1.30223932522
0.0271944800742,-1.04174501991,1.30159608799
0.0293475054783,-1.04056111394,1.30428599364
0.0315528169347,-1.03877299266,1.30776238615
0.0346276857125,-1.03767069953,1.31032307996
0.0311803218128,-1.03821750976,1.30825859895
0.0283216528443,-1.03986378959,1.3037054047
0.029488671307,-1.04041131726,1.3040788998
0.0282210449914,-1.04071156536,1.30351864149
0.0291745108942,-1.04078185472,1.30402052739
0.0298359903451,-1.04058997645,1.30433135498
0.0286176093597,-1.04187164504,1.30142654842
0.028301931504,-1.04145829046,1.30230871258
0.0236353642867,-1.04220385,1.2986272032
0.0280089550944,-1.04225571746,1.30096801016
0.0318539797211,-1.04171511407,1.30390416208
0.034313608528,-1.04191040936,1.30532983485
0.036412540439,-1.04082228522,1.30823852278
0.0329142914994,-1.04165069878,1.30524412309
0.0318722983712,-1.04097080168,1.30528224567
0.0275130945578,-1.0411414442,1.30317382203
0.0269445679585,-1.03942105569,1.30513310411
0.0254587390229,-1.03903797182,1.30476817849
0.0255284502737,-1.03958221241,1.30303248834
0.026725119882,-1.0407879757,1.30162910326
0.02888179197,-1.04015444982,1.30335923235
0.0304120387191,-1.03945906145,1.30502728353
0.0317804675496,-1.04027908826,1.3052320383
0.0312391673426,-1.041874557,1.30246986472
0.0304572307424,-1.04222966752,1.30196644387
0.0304778203094,-1.04427443065,1.29890885084
0.031540144582,-1.04350384823,1.30093533269
0.0329925491505,-1.04485969452,1.29992026783
0.0301597686035,-1.04212118218,1.30268843446
0.0320589407997,-1.04254023864,1.30391236345
0.0332969727146,-1.04191324556,1.30547157791
0.0347968032992,-1.04152323124,1.3059076833
0.0320355560472,-1.04095471389,1.30463268148
0.0318373022289,-1.03929405434,1.30626053401
0.0302432729682,-1.04102728575,1.30319660202
0.0298120307683,-1.04203864599,1.30249891748
0.027303400043,-1.04428147447,1.29881082594
0.0303653979818,-1.04294528058,1.30208396863
0.0280755331311,-1.04270759817,1.30020701155
0.029821699696,-1.04105418851,1.30215853314
0.027693647543,-1.04176265058,1.30023180089
0.0292433695331,-1.04110985773,1.30146351385
0.0262319974832,-1.04099653599,1.30072621572
0.0300323063083,-1.03965857707,1.30465108522
0.030801884738,-1.03958819254,1.30589708906
0.0319608341172,-1.03976265003,1.30650411337
0.0283936547525,-1.04112608261,1.30298106503
0.032241310813,-1.04187674095,1.30500405223
0.0359925861005,-1.04121035896,1.30776650443
0.0364404225492,-1.0408716183,1.30740448
0.0328395389879,-1.04068964181,1.30499014629
0.0295430261117,-1.04216739949,1.30042581842
0.0318792729079,-1.04096060723,1.30430685045
0.0292619418648,-1.04106146807,1.30300549109
0.029726479687,-1.03931466538,1.30602186761
0.0269366889512,-1.03994327456,1.30351711014
0.0306704587372,-1.03945220548,1.30525811562
0.0291327114975,-1.03963777083,1.30457309132
0.0333735919476,-1.03890714816,1.30778250439
0.030061374706,-1.03933231196,1.30686840315
0.0308390902557,-1.0391812755,1.30747929624
0.0267398560361,-1.04075192087,1.30332510721
0.0289885729828,-1.0399017099,1.30449216569
0.0279477446314,-1.04092084354,1.3024703625
0.0275648688422,-1.04054802604,1.30317850621
0.0262503072161,-1.04180857,1.30059375595
0.0272318549815,-1.04235663145,1.30039488701
0.0296010861836,-1.04245702996,1.30124299081
0.0318256473583,-1.0402476008,1.30588036049
0.0304986862766,-1.04040534238,1.30512985008
0.0281601567118,-1.04032731115,1.30356431962
0.0241784988857,-1.0424036958,1.29838955347
0.0258355892952,-1.04199628057,1.29933170814
0.0254708303792,-1.04260542322,1.29785626365
0.0296574008958,-1.04099763126,1.30184240207
0.0296312597206,-1.04107421678,1.30247944661
0.0302828300845,-1.0400455646,1.30440240198
0.0286192262051,-1.04118618789,1.3021737066
0.0292894983772,-1.0411917312,1.30213923374
0.0280807205317,-1.04158768777,1.30195653755
0.0283796133779,-1.04203171225,1.30161257979
0.0259668803366,-1.04075411654,1.30227353672
0.0279920491407,-1.04083126796,1.30233647156
0.0283016456439,-1.03962480966,1.30436469082
0.030002918549,-1.0404077854,1.30485175091
0.0297400614884,-1.04030505541,1.30589060316
0.0266681302056,-1.04125890196,1.30278276756
0.031666539788,-1.04094382506,1.30573566181
0.0325859212168,-1.04053994028,1.30582534574
0.0393497578841,-1.04002047086,1.31114007519
0.0335647420427,-1.03896664248,1.30861126707
0.031581954202,-1.04014599732,1.3060356549
0.0277861340123,-1.04084802042,1.30235223646
0.0313928989572,-1.04065988831,1.30499331558
0.0333570044601,-1.04106912543,1.30489688446
0.0350433775189,-1.04040684176,1.30747569899
0.0320206671082,-1.04152347962,1.3036101841
0.0284134235403,-1.03989639069,1.30509139606
0.0262410223827,-1.04074344305,1.3014162367
0.0260408622103,-1.04034588922,1.30193279003
0.0307652405094,-1.04053115771,1.30344723412
0.0292517213422,-1.04061032228,1.30295963161
0.0264185818682,-1.04183084043,1.30110718545
0.0231367317892,-1.0418770773,1.29931298349
0.0246548548329,-1.04107891847,1.30139071119
0.0272389978546,-1.04072269851,1.30328621752
0.0268080696064,-1.04082373976,1.30266135501
0.027717572492,-1.04010184845,1.302084604
0.0278108368528,-1.04021906348,1.3005370469
0.0283972396017,-1.04002443069,1.30146643931
0.0268507816938,-1.04105914591,1.3015827185
0.0254635057821,-1.04135659609,1.30121402269
0.0275392664134,-1.04204685255,1.30247037581
0.0298516839503,-1.04218144308,1.30234379285
0.0318154015947,-1.04116741639,1.30447711222
0.0299493352064,-1.04052770282,1.30391399919
0.0275528652993,-1.0402860427,1.30432452713
0.0260421924589,-1.04156919188,1.30155937182
0.0271163673619,-1.04138544596,1.30245921389
0.0287977644963,-1.03979677087,1.30522882698
0.0291031124118,-1.03961519247,1.30514104816
0.0297430452205,-1.03999315784,1.30493938219
0.0329910639773,-1.04204370935,1.30384243233
0.0332734652117,-1.04281073205,1.30366055914
0.0321759164746,-1.04236618773,1.30344113862
0.0272561242416,-1.04240696383,1.30035628989
0.0273317177656,-1.04064320906,1.30296299431
0.0259425517216,-1.04175283614,1.30011375098
0.0245637517453,-1.04135730655,1.30038192029
0.0292749626624,-1.04008892755,1.30483852111
0.0300770156349,-1.04003962842,1.30592976853
0.0334657757531,-1.03915522355,1.30873107517
0.0277603164158,-1.04209654175,1.30152726703
0.0292269853873,-1.04213737128,1.30177550488
0.0293568866017,-1.04276893366,1.30086619784
0.0276377567042,-1.04169268423,1.30167768962
0.0269245747514,-1.04223860072,1.30126911128
0.0244574967047,-1.04210545725,1.2996288362
0.0297238152597,-1.04172380284,1.30257659545
0.0338887864811,-1.03931361941,1.30698256254
0.0342887592926,-1.03949703468,1.307560436
0.0340873677341,-1.03848280656,1.30867257571
0.0295041348913,-1.04030030113,1.30481143237
0.032772019072,-1.03964328772,1.30745880559
0.0323964399098,-1.04035927466,1.30633620717
0.0315348159291,-1.04032895849,1.30635788124
0.0328387802146,-1.0402898894,1.30773797435
0.0316802590904,-1.04121875062,1.30589866276
0.0354252216238,-1.04060899929,1.30808173742
0.0340390243283,-1.0411105186,1.30653450018
0.0352521739097,-1.03971800727,1.30958143778
0.0317918182559,-1.04005971474,1.30705404101
0.0318180221335,-1.03895307943,1.3078959674
0.0287004180209,-1.03882262808,1.30575913801
0.033262701951,-1.0376710155,1.30951376432
0.0304161865326,-1.03924581533,1.30639453414
0.0323756243082,-1.04010683462,1.3060041044
0.0322211858758,-1.04096966547,1.30538657319
0.0319067454594,-1.04014056888,1.30556313366
0.0305558163044,-1.04067318236,1.30520233907
0.0309896461154,-1.04021471593,1.30583789602
0.0329053614853,-1.04124099533,1.30626874551
0.0333444682689,-1.04158592012,1.30519718333
0.0299231841526,-1.04100525711,1.30488045452
0.0275784959654,-1.04015123619,1.30371848526
0.0318286701492,-1.03955527344,1.30614698367
0.0286748207688,-1.04067673629,1.30214303094
0.0334627438856,-1.04086336696,1.30545356073
0.0299764215475,-1.03935551596,1.30707917438
0.0323778843248,-1.03958932114,1.30841986525
0.0337858283847,-1.03875817195,1.31078386447
0.0343076774571,-1.04037327377,1.30855242785
0.0364832815712,-1.04004661757,1.30940219113
0.0316766299753,-1.04216930583,1.30340425682
0.0291625839455,-1.04110154103,1.30257248657
0.0308580429682,-1.04063234718,1.30475368406
0.0309176014014,-1.04025563102,1.30507407149
0.033906672639,-1.04130941166,1.30571943672
0.0289284375253,-1.04386365611,1.29948670873
0.0294959184894,-1.04392406469,1.30035829472
0.0281546623923,-1.04380961351,1.29969243178
0.0297363741739,-1.04300611392,1.3017394516
0.0322767693532,-1.04076722653,1.30523973241
0.0325254456124,-1.04074691086,1.30623431602
0.0362751364265,-1.039217043,1.31031094223
0.0328555452915,-1.0400362694,1.30764724308
0.032304742989,-1.04009626054,1.30669922288
0.0287063916788,-1.04048663924,1.30357201601
0.0278515391251,-1.04093421682,1.30190756194
0.0286461810183,-1.04040246887,1.30308095009
0.0265111828473,-1.04046627002,1.30280654697
0.0259725774964,-1.04023325305,1.30322183981
0.0264642007834,-1.04000991562,1.30388838579
0.0254614658321,-1.04099143368,1.30150996459
0.0270912573776,-1.04182049869,1.30163997681
0.0257132039104,-1.04233421399,1.29994495015
0.0304614014287,-1.04108120605,1.30505488723
0.033922810704,-1.03934802116,1.30936672551
0.0353294007756,-1.03847671214,1.31128999475
0.0313954000228,-1.03902954124,1.30732587878
0.0297191825951,-1.04126071888,1.30292991734
0.0277794846729,-1.04180461286,1.3010454214
0.0327976403881,-1.04224795664,1.30332822181
0.0300352230527,-1.04179827535,1.30278306248
0.0319828598778,-1.04363859388,1.30123190543
0.0287852124438,-1.0421370428,1.30219113129
0.0310972412523,-1.04076609179,1.30497758777
0.0300715704366,-1.04049899156,1.3055670641
0.0344203905585,-1.04087613873,1.30747877293
0.031394370326,-1.0417616447,1.30465925119
0.0339938444035,-1.03925277404,1.30831237478
0.0304985607718,-1.04055773516,1.30433060342
0.0344071483428,-1.04024298395,1.30704902098
0.0308585853014,-1.04148839369,1.30427703002
0.0285326314095,-1.04015310793,1.30434088686
0.0255751299706,-1.03956795853,1.3034995455
0.0298917863766,-1.04087429056,1.30461864027
0.0327775069123,-1.0400911623,1.30697124913
0.0346838338089,-1.04011974292,1.3071767006
0.0324271785186,-1.03795232602,1.30850560246
0.0329671770474,-1.03798469724,1.30930446625
0.0307871782303,-1.03811949888,1.30825618763
0.0316551879343,-1.03855993766,1.30791744138
0.0304260818264,-1.03865895959,1.30773527372
0.0339211088651,-1.03847598259,1.31000930572
0.0312218489972,-1.03976947288,1.30756530524
0.0331761877793,-1.03992068984,1.30762469428
0.0294831350465,-1.04052758969,1.30438574221
0.0298796446723,-1.04078845878,1.30381238014
0.0276697746482,-1.04046213808,1.30237160393
0.0275416804747,-1.04158716743,1.30254332682
0.0286481216317,-1.04023904451,1.30515088937
0.027115201946,-1.04101244717,1.3036430312
0.030717454002,-1.03991610909,1.30595853509
0.0283247536433,-1.04058369391,1.30357118079
0.0329961970169,-1.0394758439,1.30753567698
0.0321294219575,-1.03978868301,1.30637420427
0.0322634638143,-1.03922013027,1.3071670468
0.0276250387511,-1.03991035383,1.30322211929
0.0309319134746,-1.04024856988,1.3053185708
0.0326855819017,-1.0410205171,1.30528844921
0.0368525745108,-1.0415420054,1.30832647076
0.0344530035154,-1.03952697024,1.30912140168
0.0357219342358,-1.03950729712,1.30980984424
0.0357667143816,-1.03864474048,1.30972297383
0.0360548774544,-1.03979645056,1.30831209416
0.0369420040187,-1.040389651,1.30815525505
0.0351179575816,-1.03993056411,1.30801842611
0.0369143937846,-1.03933418088,1.30966381916
0.036369594835,-1.03740558853,1.31126291571
0.0368545741978,-1.03814460917,1.31127858632
0.0330318229603,-1.03900419937,1.308589014
0.0333014883074,-1.03996811395,1.30809354609
0.0332325180606,-1.04114893658,1.30686545202
0.0365280335685,-1.04099067786,1.30872248566
0.0338656231592,-1.04116519842,1.30698264229
0.0354539878985,-1.04000467394,1.30900219497
0.0319210263656,-1.03999614168,1.3072847927
0.0347516134773,-1.0401452385,1.30826111401
0.0356112169681,-1.03958661955,1.30959672251
0.036487010267,-1.0395337696,1.3095133926
0.0383966320797,-1.03867165945,1.31235949106
0.0331301659278,-1.04055364469,1.30670537525
0.0358291678486,-1.03972059995,1.31029266164
0.0308159061472,-1.04004576459,1.30653714972
0.0359242631708,-1.03846377994,1.31195018526
0.0325359274197,-1.04000492935,1.30714844162
0.0353437038357,-1.0397923753,1.31001518286
0.0350950340377,-1.0402694407,1.30921978444
0.0352983627569,-1.04004396409,1.30883445028
0.0374486902011,-1.03958727362,1.30968429783
0.0364585165151,-1.04010929294,1.30832145547
0.0365297178473,-1.03980015602,1.30930820599
0.0356461875848,-1.04132235077,1.30611007384
0.0363775558712,-1.04065040208,1.30725078157
0.037209229071,-1.04072719257,1.30797899655
0.033596205985,-1.04010044119,1.30878783195
0.0331862813701,-1.0399574333,1.30878954484
0.0354786852373,-1.03895577664,1.31130282784
0.0380327856083,-1.03882631196,1.31143820257
0.036616449561,-1.03952589659,1.30900637206
0.0323228450788,-1.04087915996,1.30520549021
0.0323501057002,-1.04155037473,1.3038188302
0.0350969365128,-1.04064688538,1.30706328264
0.0385496235626,-1.03905962927,1.31131630688
0.0367266790274,-1.039227308,1.31056444013
0.0330625712417,-1.0394276418,1.30815819619
0.0319714038857,-1.04029403221,1.30559775579
0.0325547844374,-1.03920391731,1.30725004738
0.0328509817819,-1.03887517094,1.30816426763
0.0318934809118,-1.04014152524,1.30603615487
0.0341973024014,-1.03985296454,1.30773309144
0.0356403764633,-1.04042535589,1.30760350912
0.0353663616316,-1.03949026045,1.30952343005
0.0335767901561,-1.039316102,1.30956636791
0.0336239260566,-1.03926128433,1.30968828061
0.0303757816503,-1.03959793697,1.30717933642
0.0284644293743,-1.04052992579,1.30417560314
0.0289432387666,-1.04011720979,1.30458507202
0.0330452229342,-1.04080442235,1.30517730172
0.0356785193653,-1.03921297983,1.3090252847
0.03563639917,-1.03919621835,1.30853473197
0.0363894489619,-1.03808085259,1.31067379734
0.0363524589012,-1.04007389025,1.30746042549
0.0325815804062,-1.04225139135,1.30281113541
0.0290363730521,-1.04313273659,1.29981130414
0.0290284304532,-1.04156105392,1.30173798643
0.0280869499827,-1.03982045657,1.30444923237
0.0304186426305,-1.03848817869,1.30777242907
0.0320144596059,-1.03808746367,1.30907641488
0.0362113118151,-1.03813186885,1.31087737437
0.0357506293007,-1.03869392736,1.30962137817
0.0320545204267,-1.0386965341,1.30870958207
0.0285053649032,-1.03888194883,1.30692792735
0.0308621884586,-1.03932715042,1.30821366886
0.030168493013,-1.04092372043,1.30508728731
0.0344479688429,-1.0405553462,1.30719461182
0.0309940188815,-1.03962513061,1.30604777198
0.0320336659469,-1.03817582183,1.30849624535
0.030525161759,-1.03809662641,1.30779667928
0.0354089597807,-1.03800045516,1.31094763638
0.0343502701819,-1.03804357257,1.31058947369
0.0363443147765,-1.03895199402,1.31048897198
0.0322712091049,-1.03920194721,1.30646875268
0.0352040974124,-1.04078663825,1.30597712277
0.0329652969244,-1.04179204465,1.30434579601
0.0369930705721,-1.04250294786,1.30692879749
0.0337749475189,-1.04224415264,1.30574112356
0.037051606752,-1.04024016562,1.30865577905
0.0346392368538,-1.03953330594,1.30852463723
0.0370492405995,-1.03887628909,1.31065031911
0.0334076587621,-1.03867339486,1.30998840281
0.0320377883347,-1.03934071637,1.30786735848
0.0329209138582,-1.03896644547,1.30861239799
0.0311180999944,-1.04002130372,1.3054508936
0.0334005139381,-1.03953631226,1.30686895193
0.0328028240725,-1.04036100509,1.30563441157
0.0353594100151,-1.03961298301,1.30896313756
0.0356687619788,-1.04025184783,1.30833097162
0.0332371186416,-1.04052525666,1.30662133219
0.0305000113741,-1.04105826821,1.30358770738
0.028959110716,-1.04110253471,1.303881694
0.0288324782197,-1.04124938056,1.30331964563
0.0314393027151,-1.0409030618,1.30491614921
0.033326536571,-1.03994723366,1.30692750031
0.0354077780825,-1.03973762271,1.30850961066
0.036536352374,-1.03976748574,1.30995596789
0.0341105078822,-1.04075229578,1.30675586855
0.0323198191173,-1.03878167892,1.30761626759
0.0318892371205,-1.03833503563,1.30847191804
0.0295724968187,-1.03800516093,1.30774493809
0.0316068841508,-1.03954170614,1.30823725712
0.0319813826735,-1.04001136433,1.30794704308
0.0330114028669,-1.03938875414,1.30942057101
0.031808429653,-1.03897696039,1.30920312647
0.0330101307695,-1.03877317684,1.30893012658
0.0349845346926,-1.03833596466,1.31100238106
0.0341790432507,-1.03828605916,1.31046520316
0.0321547069684,-1.03933068432,1.30864377611
0.0330785907337,-1.04000724807,1.30792893939
0.0338162223764,-1.04151247919,1.30595000411
0.0333695493956,-1.04145182192,1.3059877376
0.0320669902818,-1.04123005874,1.30650063509
0.030547364079,-1.04066324908,1.30715951628
0.0329595395429,-1.03959912423,1.30916806195
0.0305735669743,-1.04110996788,1.30464614266
0.0358245141523,-1.03988218051,1.30841432326
0.0350093412169,-1.04081801326,1.30711545662
0.0352896515499,-1.03815742272,1.31089623546
0.0322838255661,-1.04012141961,1.30648290149
0.0300902654438,-1.04023828571,1.30466525116
0.0308612186,-1.04045363028,1.3055459067
0.0286071968417,-1.03888055961,1.30612063416
0.0305993364613,-1.03811249562,1.30937274095
0.0343965062204,-1.03902668028,1.30968934811
0.0332673688933,-1.03965600554,1.30884928473
0.0322395136317,-1.03930321227,1.30777783965
0.0274366069032,-1.03933579165,1.30446630651
0.0309219091599,-1.03878536763,1.30707879258
0.0333716831169,-1.03920671871,1.30753357322
0.0393123356806,-1.0387528819,1.31192793329
0.037001864765,-1.03854124641,1.31104849637
0.0359467200568,-1.03877649533,1.31124780243
0.0341900336841,-1.04066749598,1.30796293006
0.0354494888013,-1.04090744852,1.30912687729
0.03196787634,-1.04101369346,1.30636715579
0.0313661826792,-1.03942900109,1.30824457038
0.0343761040013,-1.03955647698,1.30847978452
0.0373504974756,-1.03928536686,1.31141405209
0.0363873399529,-1.03925633346,1.31126348675
0.034131420017,-1.03968517948,1.30926840065
0.0313917791171,-1.03971538636,1.30675109865
0.0308029612556,-1.04035236748,1.30485929714
0.0303243995819,-1.04094530091,1.30380914852
0.0342450135913,-1.04037717754,1.3072308814
0.0337021608972,-1.04093040882,1.30578986673
0.0369563938267,-1.04037588658,1.30919092618
0.0343687390726,-1.04192185746,1.3061703793
0.0349461473251,-1.04053838107,1.30879228364
0.0334874674083,-1.03914360905,1.30930959516
0.0363969435113,-1.03883049898,1.31064828017
0.0366282304979,-1.03815837157,1.31241141552
0.0360619995226,-1.03938095459,1.31027605251
0.0352144452082,-1.03872378639,1.31083506032
0.0358699869739,-1.03972054324,1.30936025334
0.0346347317349,-1.03907020113,1.31008829094
0.031284659199,-1.03954427026,1.30732464626
0.0309880311537,-1.03944780194,1.30757581626
0.0308172981156,-1.04000292125,1.30605213943
0.0332132283569,-1.04081409244,1.30707403914
0.0319395530844,-1.04139014756,1.30543948071
0.0349533011949,-1.040856034,1.30846675725
0.037321101202,-1.03866105144,1.31207458038
0.0348520143465,-1.03811750547,1.31122470637
0.0327361870508,-1.0402279757,1.30674612117
0.0285511893395,-1.04084029618,1.30362347581
0.0315373896004,-1.04199711477,1.30374575306
0.0335944849655,-1.04070017548,1.3064385453
0.0333471637946,-1.04149119234,1.30485242608
0.0344083784104,-1.04065042347,1.30796074979
0.0319057215501,-1.03963463214,1.30868924279
0.033375409895,-1.03869183979,1.31050280669
0.0325368014258,-1.03778615895,1.31016958165
0.0354105484765,-1.03839464511,1.30992148909
0.0358294742982,-1.03832323164,1.31063530127
0.0377921370086,-1.04005514855,1.30945053788
0.0372108232617,-1.03944980115,1.31054178591
0.0375418099623,-1.03987363212,1.31002692608
0.0341044496589,-1.03888279512,1.30835780882
0.0306959845253,-1.0403204525,1.30395602676
0.0311553376261,-1.04028070498,1.30412182089
0.034110055021,-1.04060317063,1.30625460657
0.0355152016251,-1.03805619112,1.31164364536
0.0362425029007,-1.03869362257,1.31196179557
0.0343417432667,-1.03712002045,1.31246810771
0.0350252364528,-1.03849974101,1.31121514579
0.0357854488638,-1.03908440883,1.31050098664
0.036110189224,-1.04042839087,1.30894955347
0.0357238685959,-1.03999233281,1.30864381937
0.0334106711705,-1.03893187709,1.30907478495
0.0341906652554,-1.03831057752,1.31040094586
0.0351301115723,-1.0393413966,1.3092289818
0.0367251901601,-1.03844833955,1.31120845472
0.0360807570661,-1.03964717204,1.30925760717
0.0381170582544,-1.0383325972,1.31241606364
0.0363196791731,-1.03870721901,1.31053805063
0.0338909924716,-1.03820818108,1.30981221461
0.0307605256844,-1.03905378452,1.30729808958
0.0311024111565,-1.03892039534,1.30847912945
0.0363720644212,-1.03854025528,1.31273952964
0.037754753564,-1.03799096852,1.31459756766
0.0347219258764,-1.03984310526,1.31025316519
0.0323060378301,-1.0398515164,1.30873344531
0.0313418423089,-1.03991065766,1.30694031205
0.0359705230799,-1.03777672877,1.31172806093
0.0357622846692,-1.03828463881,1.31110495612
0.0382057340505,-1.0390128548,1.31092678703
0.0379329520047,-1.03857516225,1.31195067767
0.03977214633,-1.03797403284,1.31274953627
0.0364355543415,-1.03725898414,1.3133216198
0.0369749407028,-1.0389713517,1.31114992375
0.0352086156138,-1.0390074511,1.31059190975
0.0367563357615,-1.03971839618,1.30985982586
0.035510425176,-1.03999938985,1.30873246287
0.0345113087016,-1.03989669889,1.30882030759
0.0322521798357,-1.04089307388,1.30596896082
0.0356209160905,-1.04078843194,1.30796259018
0.0370854353046,-1.04100087699,1.30799007883
0.035888065562,-1.04093092578,1.30797710571
0.033901282805,-1.03978523997,1.30894503033
0.0311759938627,-1.03993261292,1.30656487591
0.0353054030201,-1.04006011621,1.30866552904
0.0342280081983,-1.04088392655,1.3064657973
0.0370975058387,-1.04095320508,1.30851084112
0.0377384174245,-1.03994843166,1.31050599765
0.0372253916917,-1.03945351814,1.31129019939
0.0376409798874,-1.03975907231,1.31170652106
0.0360656196533,-1.03882374163,1.31168464001
0.0346201214634,-1.03964911389,1.31017646828
0.0361600024002,-1.03935310239,1.31184087285
0.0377385241511,-1.04055411952,1.3114055316
0.0381890172083,-1.03920283686,1.31285277264
0.0347912784788,-1.04015452493,1.30853757332
0.0345075767402,-1.04005129343,1.30957874211
0.0327766164336,-1.04130425007,1.30737157201
0.0342296051395,-1.04043714355,1.30977470691
0.031227300288,-1.03987047594,1.30714607904
0.0350262077602,-1.03912965584,1.30901230717
0.0358014123581,-1.0393539687,1.30835343528
0.0382831522439,-1.03905048797,1.31081937532
0.0338881618522,-1.0398506347,1.30831539599
0.0334428012464,-1.03969639302,1.30816320305
0.0320312068886,-1.04079353577,1.30631790409
0.0314588477957,-1.04154395379,1.3051545174
0.0305015322426,-1.04025961537,1.30732343122
0.0321009970644,-1.03963821962,1.30804928621
0.0334154463538,-1.03819957872,1.31043764886
0.0332534274545,-1.03872419732,1.30972156926
0.0324815230067,-1.03851639856,1.31030272021
0.0353937865762,-1.03790030292,1.31171423508
0.0369474738216,-1.03799377716,1.31300535859
0.0378131069578,-1.0380045817,1.31398493447
0.0344892128795,-1.0404098874,1.30956008937
0.0330691945647,-1.04113305559,1.3067616766
0.031623587415,-1.04130707107,1.30534580708
0.0343589950006,-1.04009335854,1.30842941665
0.0348198659133,-1.03984682881,1.30878139004
0.0368825400961,-1.04038895059,1.30892941185
0.0370104250679,-1.0391436797,1.31106079315
0.0377201888211,-1.03844988658,1.31234095495
0.0368044699135,-1.03894597227,1.31130032393
0.0373032314989,-1.03916853442,1.31125089438
0.0383121484426,-1.03960320256,1.31158712978
0.0383097034845,-1.03830629813,1.31277362659
0.037149928126,-1.03901859335,1.31081615392
0.0348378173989,-1.03984150784,1.30835920159
0.035337077345,-1.04034142164,1.30831205144
0.0365384489179,-1.0401261895,1.30936123215
0.0361416878835,-1.03968607966,1.31069760398
0.0333860728744,-1.03990105207,1.30919974628
0.0310712741766,-1.04046854627,1.30690670704
0.0331274114813,-1.04012791443,1.30793131939
0.0391889817131,-1.03830917212,1.31220730631
0.0410789350211,-1.03819983427,1.31412283683
0.0422454604453,-1.03826076042,1.31437673991
0.037421808705,-1.03947622048,1.31112434803
0.0387946238545,-1.03891835435,1.31244930827
0.0355531526928,-1.03893657281,1.31114052589
0.0337630950136,-1.0399085593,1.30870549851
0.0303256274475,-1.04010367752,1.30615621684
0.0306144663744,-1.04003938255,1.3062138207
0.0349910480315,-1.04014827158,1.30914796635
0.0387981177171,-1.04028856117,1.3108099253
0.0365213560633,-1.04110914093,1.30779866091
0.036616892429,-1.04001604502,1.30846787612
0.0358458539773,-1.03936429638,1.30930077165
0.0383199708412,-1.03773329253,1.31294579537
0.0381268691521,-1.03738269871,1.31387723973
0.0340323001131,-1.03795642096,1.31072225811
0.036317005502,-1.03872089079,1.311159968
0.0366393684134,-1.03877576513,1.30997452938
0.0372608002011,-1.03905626597,1.31053962342
0.0367346120284,-1.03894333653,1.31121966188
0.0329409142808,-1.03976543239,1.30891064027
0.0361544137077,-1.04132181291,1.30734804607
0.0348630306566,-1.04112591009,1.30670132663
0.0331367930226,-1.04199135535,1.30464515694
0.0314404562212,-1.03883715438,1.3082669378
0.0312114936244,-1.0398699886,1.30686602649
0.0346329201094,-1.03914474496,1.31067334561
0.0306185672029,-1.04130369588,1.30618132836
0.0319555054053,-1.0402132233,1.30789171297
0.0288102423522,-1.0405370082,1.30562974833
0.0308692016382,-1.04028244366,1.30831519741
0.0304261594866,-1.04007198193,1.30742494383
0.0329413961683,-1.03983123388,1.3087332199
0.0333355342839,-1.03980917895,1.30709400641
0.0299490859736,-1.04080282822,1.30416904068
0.0318655314378,-1.03921134717,1.30733109902
0.0342139290975,-1.03897172308,1.30920689026
0.0381025515371,-1.03829993584,1.31310256552
0.0366232863634,-1.03901724951,1.31154357012
0.0347710327368,-1.03988377936,1.30978070239
0.0343022363094,-1.03951280302,1.3095352447
0.0320572695593,-1.03891155788,1.30833036157
0.033811153918,-1.03685256565,1.31140030895
0.0335405386619,-1.03728908847,1.31047807006
0.0353618952356,-1.0384746277,1.31059982775
0.0363454846867,-1.03846671578,1.31183283464
0.0349890063003,-1.03981246336,1.30879378397
0.0320595685756,-1.04015012626,1.30633607095
0.031281232519,-1.0400947449,1.30647661469
0.0340989424432,-1.03919989836,1.30998408499
0.0373869740919,-1.03832718251,1.31286393747
0.0372877077636,-1.03946662537,1.3105505347
0.0353364818312,-1.03922839989,1.30995180187
0.0359573264341,-1.03956405058,1.31002703263
0.0372065026174,-1.03895162246,1.31145448322
0.0369997071306,-1.03871981351,1.31183520643
0.0383987811496,-1.03875115869,1.31107657277
0.0370890808839,-1.03903690138,1.31036285768
0.0386880936708,-1.03996692643,1.30889601362
0.0382915310562,-1.039737383,1.30951956772
0.0364701347189,-1.04024756104,1.30733542598
0.0351294777032,-1.03965878676,1.30806036926
0.0343407241681,-1.03918732199,1.30866495544
0.035284142829,-1.039336477,1.31024486187
0.0359446512222,-1.03911058237,1.31094373939
0.0334970479503,-1.03995712182,1.30911049246
0.0332458911041,-1.03936330803,1.30946585763
0.0342329022782,-1.03978918561,1.30918702262
0.0365647602635,-1.03909936417,1.31163092616
0.0377567702098,-1.03917140176,1.31193806723
0.033821836694,-1.03841455804,1.31142862137
0.0337755625405,-1.03870886524,1.30996786603
0.0344545556608,-1.03882850646,1.3091944523
0.0390502897414,-1.03989231157,1.31029543573
0.0402978657233,-1.04048548097,1.31119391102
0.0393648117234,-1.03985680549,1.31210501625
0.0376533541288,-1.03966273202,1.31081014765
0.0316574194594,-1.04000190772,1.30718046973
0.0329736011323,-1.03952947714,1.30867811275
0.0292381542929,-1.04028480613,1.3065096414
0.0339117920553,-1.03869496514,1.31121104871
0.0334520820668,-1.04028630891,1.30876331502
0.037508758405,-1.0391707839,1.31146010877
0.0396358029167,-1.04074004066,1.31081499958
0.0366130089782,-1.0409234859,1.3085668329
0.0334504870953,-1.04189659616,1.30622397817
0.032103441005,-1.04103522383,1.30518299985
0.0303034628074,-1.04104150999,1.30427505499
0.0329868352058,-1.04083251147,1.30603190791
0.0325716115668,-1.04088532662,1.30696867589
0.0365098778918,-1.03984531205,1.31126615025
0.0373340006333,-1.03854045426,1.31353004685
0.0385943021023,-1.03892655454,1.31303165782
0.0377858827195,-1.03908729249,1.31209847823
0.0376633277284,-1.04026005959,1.31042927373
0.036077572565,-1.04017697909,1.31060236011
0.0365231746219,-1.04002787187,1.31131861496
0.0372613302665,-1.03914771829,1.31235403277
0.0374971163723,-1.03804286212,1.31328150968
0.0387891500901,-1.03808439613,1.31349793388
0.0364771925045,-1.03771548994,1.3131190272
0.0364722253654,-1.03802212642,1.31248022327
0.0362666226195,-1.03855655262,1.31139774168
0.038099420827,-1.03962033771,1.31102490824
0.0370232326626,-1.03973469158,1.3106000818
0.0373949143964,-1.03960707463,1.31090687778
0.0372222105346,-1.03961459854,1.30992671905
0.0376690868014,-1.03990499518,1.31045908558
0.0350113076984,-1.04072443323,1.30872084866
0.0357434769912,-1.04007128593,1.3099926749
0.0354848010251,-1.0393294681,1.30918603567
0.0361076519809,-1.03835197291,1.31005874476
0.0335605505073,-1.03829816046,1.30999576619
0.0361487442111,-1.03913832691,1.31056062467
0.0375513985243,-1.03893368548,1.31167993923
0.0389968769319,-1.04022225484,1.30982562652
0.0373827672803,-1.04013106222,1.30997264034
0.0380567291686,-1.03940581227,1.31112628822
0.0388010506468,-1.03890030598,1.31178623744
0.0386352397826,-1.03943363625,1.31058445814
0.0361390214196,-1.03926691463,1.31049198229
0.0361421932566,-1.03878206181,1.31230879114
0.0366455725355,-1.03718202091,1.31405676237
0.036366326478,-1.03779941245,1.31236642298
0.0379077709506,-1.03801447856,1.31306786611
0.036938293893,-1.03880761331,1.31223226401
0.0403231020193,-1.03912926136,1.31430823728
0.0377357576051,-1.03837421844,1.3133750048
0.0378222462883,-1.03882891205,1.31327412033
0.034487086165,-1.03854826885,1.31170760516
0.034458178857,-1.03869421237,1.31142701477
0.0327663182203,-1.03890152085,1.30955872468
0.0352878416782,-1.03832655651,1.31097611601
0.0337853689252,-1.03928934596,1.30991406561
0.0350918547636,-1.03937357636,1.31083634653
0.0339562137549,-1.04057788152,1.30915273305
0.036681501396,-1.03944338708,1.31152731689
0.0363244708882,-1.03772260869,1.3130170483
0.0366758309259,-1.03678042186,1.31424480802
0.0358846281819,-1.03676579103,1.3131961931
0.0375387807557,-1.03746835453,1.31376438234
0.0381487992505,-1.03779730714,1.31343831684
0.0377079616694,-1.03701998655,1.31468465811
0.0365872503856,-1.03741230745,1.31348363542
0.0344978623562,-1.03745759588,1.31256398486
0.0336691052121,-1.03913343917,1.3095712409
0.0358498786097,-1.03873606869,1.31063005974
0.0389434890488,-1.03818342113,1.31295927135
0.0394726953161,-1.03733201818,1.31427012127
0.0373949558387,-1.03837104413,1.3124024704
0.0357389142812,-1.0380843117,1.31095584306
0.0354249461476,-1.03799966678,1.31056623935
0.0335359746101,-1.03751854996,1.30914189033
0.033636221401,-1.03887060301,1.30836574918
0.0327456245137,-1.03946712455,1.30723346897
0.0358278431535,-1.039894417,1.30915815999
0.035267942484,-1.03973656625,1.30965924951
0.0390462222575,-1.03958966886,1.3116929942
0.0405935766112,-1.03960872143,1.31325433786
0.0377903128993,-1.03801312626,1.31316737844
0.0380189435379,-1.03854833525,1.31302629596
0.0355348598858,-1.0387378738,1.31140016681
0.040039628136,-1.04078934379,1.31108907759
0.035104170064,-1.03996927124,1.30963033143
0.0359515385747,-1.0389083857,1.31074481218
0.0348876406608,-1.03876128127,1.31073303234
0.0360791808247,-1.03917753814,1.31073290566
0.0349436163302,-1.04016737324,1.30874244351
0.0360676706527,-1.03950208025,1.30983423271
0.0401069066145,-1.03900249351,1.31226459179
0.0428334251129,-1.03888010871,1.31385538652
0.0431917202704,-1.03892411725,1.31375477653
0.0413390194929,-1.03884133373,1.31236617764
0.0390109991469,-1.0375020522,1.31297829203
0.0384105364335,-1.03739804501,1.3130698535
0.0337042124295,-1.03915626724,1.3089569687
0.0337719798375,-1.0403448489,1.30763823267
0.0317080119027,-1.04176969329,1.3043370444
0.034566554181,-1.04008382808,1.30880146694
0.0329342730162,-1.03953016045,1.30878940162
0.0328712185067,-1.03850227028,1.31122735782
0.0320004029895,-1.03804198692,1.31066102219
0.0339806046031,-1.03895092238,1.30977108151
0.0359728538281,-1.03824240463,1.31091756389
0.0369139709658,-1.03851102539,1.31207182428
0.0359360913342,-1.03726238862,1.31352004731
0.0371099205813,-1.03795956665,1.31310177667
0.0350330878858,-1.03837870682,1.31093516161
0.0363678795029,-1.03873583154,1.31187283819
0.0334765463659,-1.03878339462,1.31103535293
0.0357601675658,-1.03880867609,1.31239680802
0.0345512486431,-1.03831185253,1.31195340142
0.038292024906,-1.03831509524,1.31342277398
0.0390874138609,-1.03794066183,1.31413893986
0.040406288046,-1.03873332391,1.31369613127
0.0382306980357,-1.0378249221,1.31308854803
0.0374197760791,-1.03729915406,1.31429924757
0.0362927788751,-1.0369618282,1.31441246714
0.03427173817,-1.03712436329,1.31498078925
0.0356746633541,-1.03848528918,1.31352967618
0.0331396992176,-1.03894867233,1.31135236715
0.0349456611762,-1.03904161363,1.31104475984
0.0337735033536,-1.03890562128,1.3103145299
0.0381992077395,-1.04000480668,1.31175084649
0.0363001663566,-1.04002149936,1.31047968378
0.0344805728849,-1.04003333615,1.30846094785
0.0339756872161,-1.03963962545,1.30815551358
0.0352927968429,-1.03919710764,1.30990563778
0.0385951292283,-1.03808478742,1.3130866948
0.0380651564902,-1.03729354663,1.31398889274
0.0391537477311,-1.03814791623,1.31283386167
0.0393238993841,-1.0396640592,1.31184081266
0.0369873414749,-1.04025548805,1.31004005348
0.0351684082292,-1.04042814037,1.30895517425
0.0335571317448,-1.03964729124,1.30881723051
0.0350148811287,-1.04007688598,1.30873513503
0.0378292600657,-1.0394554611,1.3110286661
0.0378808303363,-1.03945574477,1.3112243272
0.0366979885705,-1.03808328922,1.31308187102
0.0341765991917,-1.03757977691,1.31303221903
0.0335752065761,-1.03634933758,1.31433030732
0.036288586517,-1.03538734731,1.31545333504
0.0353810761565,-1.03692798264,1.312587975
0.0374129219308,-1.03793332561,1.31290277944
0.0356734296243,-1.03905894442,1.31164438338
0.0359376962102,-1.03930967953,1.31214624062
0.0362161958389,-1.03967224326,1.31132558619
0.0380564800878,-1.03926421457,1.31287318105
0.0401908806662,-1.03776223489,1.31538848124
0.0362053866535,-1.03841480857,1.31126745878
0.0366390667446,-1.03894970729,1.31071357392
0.0364883924752,-1.03876982087,1.31004053605
0.0400502948718,-1.03824215151,1.31347708187
0.0363057000805,-1.03856301077,1.31113775147
0.034538956164,-1.03924657253,1.30965322942
0.0317745033302,-1.03969201823,1.30831182335
0.0351596757938,-1.03983609775,1.31024143359
0.0359518967115,-1.04007223135,1.311517225
0.0381488374737,-1.03853302446,1.3143033524
0.0353907088879,-1.0383941272,1.3127937474
0.0351358822995,-1.03734920977,1.31379114905
0.0328117109222,-1.039817652,1.30930709972
0.0309408988678,-1.03943183521,1.30845848124
0.0309372401558,-1.03912799207,1.3076445786
0.032690218565,-1.03893361729,1.30877984907
0.0374152720395,-1.03845064438,1.31184625613
0.0415529029259,-1.03941108901,1.31279488792
0.0422371829575,-1.03898298131,1.31345619738
0.0415605800194,-1.04041692507,1.31152929478
0.0372043137491,-1.04112572434,1.30899893908
0.0381104687391,-1.03978526227,1.31118587374
0.0355284057965,-1.03848568925,1.31197029335
0.0378260676052,-1.03904886018,1.31253478419
0.0363535715249,-1.03981977819,1.31137449251
0.0398719376839,-1.04002960145,1.3119119895
0.0385950176856,-1.03872464972,1.31211251707
0.0378492638523,-1.03863215455,1.3119130344
0.0364437781554,-1.03821231752,1.31185716875
0.0347771067933,-1.03798671149,1.31236120662
0.0360324970553,-1.03742166037,1.31267327103
0.035832264137,-1.03746665046,1.31267358061
0.037855568417,-1.03858711549,1.31175505636
0.0374590843394,-1.03951670912,1.31123794736
0.0375796846639,-1.03974631044,1.31051190419
0.0353267854475,-1.03942940761,1.30932615611
0.0361727456153,-1.03926837884,1.31000577492
0.0368232536496,-1.03864858605,1.31216983043
0.0372829402911,-1.03803410503,1.31324970914
0.0353957163248,-1.03675399586,1.31371537881
0.0335115965572,-1.03719563024,1.31166821967
0.0369119004038,-1.03805240847,1.31287269309
0.0366798132107,-1.04017363736,1.30956215134
0.03846923431,-1.04028363041,1.31078785102
0.0379028419807,-1.04140830852,1.30974094522
0.0396661441347,-1.03983177886,1.31321462646
0.0381988280138,-1.03984062522,1.31198857044
0.0363630718125,-1.03873713987,1.3122144298
0.0387057011645,-1.03950225463,1.31221714684
0.0391593724507,-1.04028036573,1.31113268785
0.0383086041705,-1.04027848198,1.30982336351
0.0353115305175,-1.04127054776,1.30777438217
0.0359454278219,-1.03995785405,1.31044680771
0.0424522600936,-1.04046981965,1.31267580474
0.0424874566845,-1.0402457213,1.31278363627
0.043568783298,-1.04187897292,1.31088611915
0.0380720045049,-1.04104859189,1.30995907622
0.0406475528104,-1.03974194581,1.31184557946
0.0400808926104,-1.03872068403,1.31231573193
0.0393892213417,-1.03931382339,1.31104821829
0.0357324447934,-1.04019225274,1.30911765118
0.0352422596103,-1.04048072135,1.30967401918
0.035911648195,-1.03978505338,1.311963894
0.0341786128788,-1.03926193699,1.31194571228
0.0315913404877,-1.03918146148,1.30967436324
0.0336343273983,-1.03911476424,1.3099333468
0.037771762451,-1.03864595199,1.31213488387
0.0382158945136,-1.03940468544,1.31221735402
0.0348985234571,-1.03835120483,1.31216272287
0.033983383202,-1.03882465852,1.31102191407
0.0330034521787,-1.03867222905,1.30941134158
0.0321116953908,-1.04014215032,1.30657548298
0.0310342098693,-1.03977104832,1.3065703836
0.0335287903577,-1.03934184336,1.3088582669
0.0366688511951,-1.03920135904,1.31138328766
0.038185186123,-1.03923270613,1.31154312324
0.0399654027158,-1.03908344551,1.31281972469
0.0396327391256,-1.03817147285,1.31251196628
0.0398949283563,-1.03777908118,1.31279382965
0.0400230008315,-1.03759204293,1.31295571543
0.0388283605277,-1.03891875761,1.31073299071
0.0385635174667,-1.04041591802,1.30984119919
0.0363523831029,-1.04018371229,1.30897385128
0.0366266045523,-1.0397159717,1.31073885704
0.0368337274054,-1.03954097777,1.31106575242
0.0363005159398,-1.03957334661,1.31099379437
0.0379373797547,-1.0392790472,1.31254652197
0.0381743693363,-1.03828732589,1.31424103052
0.0391866679655,-1.03967426264,1.31320032057
0.0377240733997,-1.0402473861,1.3113176198
0.0385307282128,-1.04094168343,1.31027651785
0.0374369774008,-1.04036497699,1.31072241622
0.0371012266559,-1.03913824822,1.31161993049
0.0351618548089,-1.03778498429,1.31257068472
0.0382534976088,-1.03800883725,1.3132266317
0.0399184560861,-1.0382533229,1.31395467693
0.0411771700918,-1.03886896554,1.31360440333
0.0372680087344,-1.03845628897,1.31221087908
0.0368980294488,-1.03858900801,1.31154993918
0.0340468151191,-1.03887736001,1.30976057696
0.0357582669723,-1.03821861013,1.31219308312
0.036475821913,-1.03801458353,1.31326622518
0.0387501995766,-1.03881308697,1.31380821066
0.0413409573117,-1.03904008272,1.31435815403
0.040184069105,-1.03999239792,1.31209783379
0.0378911085356,-1.03888198001,1.31163808927
0.0376311462401,-1.03855551166,1.31205116401
0.0362828397241,-1.03766977774,1.31292678598
0.0370104365493,-1.0377176328,1.31355048765
0.0360673384284,-1.03861867335,1.31184789586
0.035103360552,-1.04033292399,1.30885430005
0.03169391648,-1.04015819827,1.30673128804
0.0295247214649,-1.03970441829,1.30686627059
0.03023841266,-1.03775197791,1.31050434084
0.0347707101248,-1.03760177686,1.3139869926
0.0360678573727,-1.03773506108,1.31413496075
0.0389633749009,-1.04032509576,1.31246886644
0.0391669221484,-1.04031881774,1.3128009187
0.0389707426655,-1.04019205063,1.31329396195
0.0377927881853,-1.03826018657,1.3143249638
0.0379114715268,-1.03918934053,1.31293615092
0.0385571533134,-1.03913044654,1.31286180487
0.0384674653349,-1.03901688389,1.31305504992
0.0393210387678,-1.0387696692,1.31323107133
0.03801463496,-1.03836394886,1.31296744352
0.036947424027,-1.03801046187,1.31240579294
0.03251808473,-1.03853048008,1.30881312866
0.0314723375965,-1.03816250584,1.30895887105
0.0329379542849,-1.03957388325,1.30830270778
0.0379060758005,-1.03909693416,1.31264869092
0.0402540055534,-1.03974633557,1.31317664632
0.0391581119884,-1.03899035454,1.31470087098
0.0357702504788,-1.03767007373,1.3141340896
0.0353830478395,-1.03859368382,1.31234791561
0.0369071328291,-1.03813332036,1.31340045308
0.0391576987687,-1.03926036255,1.31322176964
0.0394165977333,-1.03885265926,1.31389111305
0.0383560995172,-1.03995060871,1.3112667926
0.0356659921375,-1.04021424569,1.3101607967
0.0366362114776,-1.03884888207,1.31212579619
0.0385889405976,-1.03896056784,1.31235280534
0.0407494919947,-1.03949487605,1.31299709961
0.0396280976381,-1.04103361712,1.31050708603
0.0386598916871,-1.04063650705,1.31080606962
0.0404579818021,-1.04015824815,1.31179092672
0.0395017006426,-1.03923234649,1.31259732354
0.0405528093068,-1.03846571272,1.31495941431
0.0402613311293,-1.03830027963,1.31512172054
0.0423446959887,-1.03808452043,1.31648124653
0.0391652434086,-1.03841735788,1.31467198338
0.0373772750301,-1.03843580286,1.31375850453
0.0373254770253,-1.03935068623,1.3129624846
0.0377601104883,-1.03910164379,1.31232209894
0.0392277162058,-1.0390311374,1.31310881354
0.0371937049683,-1.03841501854,1.31299842031
0.0407211584811,-1.03938681439,1.31441141045
0.0392183262506,-1.03928404464,1.3135326744
0.0396134879478,-1.04005248165,1.31211931677
0.0370048590634,-1.04038663845,1.30986530548
0.0389525639251,-1.03963654082,1.3112012845
0.0398209674479,-1.03881276881,1.31233010368
0.0402219701977,-1.03774971936,1.31371232793
0.0382538548892,-1.03827109374,1.31301634367
0.0358323381438,-1.03807545229,1.31268411275
0.036523420361,-1.03833246568,1.31259756397
0.0341514836942,-1.04019729093,1.30806468952
0.035414340423,-1.04201171616,1.30682232386
0.0355395923114,-1.04089575797,1.30861345859
0.0380695231735,-1.04032885449,1.31152225429
0.0374726244115,-1.03905844571,1.31177770992
0.0362302151116,-1.03928192924,1.31100432385
0.0356465453324,-1.03751009588,1.31245124222
0.0384309222312,-1.03661271601,1.31608269876
0.0394205949125,-1.03680075412,1.31589794089
0.0386191395856,-1.03767485395,1.31429766872
0.0382510824645,-1.03802514077,1.31271752962
0.0371525702038,-1.03808952315,1.31286750952
0.0371024982825,-1.03732683219,1.31330700362
0.0358044566073,-1.03851248678,1.31109914312
0.0351585117299,-1.03913375037,1.31004587141
0.0349279703926,-1.04057637079,1.30903191232
0.0353645871727,-1.03977410114,1.31065007266
0.0365088243879,-1.03904003042,1.31219661359
0.0390132667301,-1.03787097429,1.3149406915
0.0387255156555,-1.03729433839,1.3152075265
0.0383086921244,-1.03754786475,1.31380760512
0.0385583210594,-1.03800333297,1.31327753508
0.0378042595565,-1.03863918483,1.31297996489
0.0367805697557,-1.0380375004,1.31391199621
0.0372574510205,-1.03736615304,1.31480738545
0.0372598163469,-1.03695048674,1.31480230829
0.0380534019622,-1.03636158089,1.3164547426
0.0358203605314,-1.03615691059,1.31571479328
0.034874355538,-1.03665433024,1.31468360439
0.0355060606941,-1.03755277107,1.31273372133
0.0375111715763,-1.03832191398,1.31262888411
0.0411000428183,-1.03830102136,1.31408975446
0.0397018638729,-1.0378598778,1.31452059046
0.038928953508,-1.03759776588,1.31455297587
0.0357921740758,-1.03814288779,1.31237796394
0.0380001497106,-1.03817654086,1.31289882528
0.0366913316545,-1.03808014789,1.31227337899
0.0384022700966,-1.03894149169,1.3118654384
0.0370671221178,-1.03892337757,1.31160685475
0.0377930651058,-1.03948239064,1.31062765893
0.0397741463775,-1.03842922532,1.31302813193
0.0398252102296,-1.03983922191,1.31068785797
0.0407297570859,-1.03878375054,1.312847354
0.0360360633032,-1.0388096472,1.31033402705
0.0349102575328,-1.03688828974,1.3122326626
0.0360306297756,-1.03605976628,1.31382497815
0.0342509550543,-1.03709660031,1.31146786293
0.0371414850295,-1.03846993455,1.31063970356
0.037738914978,-1.04077077779,1.30952680329
0.0395568920262,-1.03943277373,1.3131755213
0.0398646529333,-1.03837056077,1.31624398143
0.0375467105999,-1.03755980993,1.31478434614
0.0391958055243,-1.03713370175,1.3156144069
0.0369272000698,-1.03790055396,1.31356308076
0.040266653458,-1.03801367605,1.31557226294
0.0399383995291,-1.03824840722,1.31548116621
0.0385249648924,-1.03772371753,1.31533229595
0.0351771576953,-1.03787101328,1.31324995508
0.0347851404243,-1.03809565122,1.31210350906
0.0358383968492,-1.03886497702,1.31122738757
0.0372520707287,-1.03966950464,1.3109013436
0.0358820994795,-1.04014382506,1.31018169299
0.03715898936,-1.03968666389,1.31099157903
0.0355503451091,-1.0392334465,1.31053820118
0.0387043584079,-1.03875960522,1.31259299718
0.037602635629,-1.03811984794,1.31283321394
0.0352522757555,-1.03737436923,1.31266261416
0.0342276880159,-1.03739689073,1.31133394118
0.0336641652748,-1.03866161194,1.30985413667
0.0386286461788,-1.03978432888,1.31042057937
0.0411339072057,-1.04023233629,1.31185638974
0.041808226115,-1.04075777529,1.31165241027
0.0393171086501,-1.0392334557,1.31272852292
0.0397405097679,-1.04068992002,1.31077478665
