0.207114447093,-0.933400709653,0.786800786541,0.923723800863,-0.0187978855856,0.00766877849093,-0.382520808655
0.20658009614,-0.935830131828,0.779925472819,0.922773530846,-0.0203826578465,0.00681831606705,-0.384742860357
0.208297144324,-0.932213695122,0.786364236341,0.923825659849,-0.0188818832727,0.00700494601753,-0.382283344418
0.20940855831,-0.929213753989,0.792354563294,0.924736521849,-0.017390878008,0.00744790640074,-0.38013741096
0.209454484033,-0.930196862889,0.790762051413,0.924462393128,-0.0174846883303,0.00734554731426,-0.380801276653
0.207780355205,-0.933570126333,0.783143836375,0.923320875147,-0.0191302715929,0.0069891990628,-0.383488911604
0.205957444552,-0.937799583699,0.774859196476,0.922001161797,-0.0208349008035,0.00666829701989,-0.386568620518
0.205647250463,-0.934410876165,0.782611476052,0.923143110388,-0.0193061764405,0.00788106616423,-0.383890554833
0.205966392143,-0.934771646431,0.78299543651,0.923166215357,-0.0194197759299,0.00771060570946,-0.383832720968
0.206126352593,-0.934389004908,0.782949184367,0.923205607763,-0.0195210885557,0.00758477631276,-0.383735330749
0.207323358024,-0.933874784018,0.783791053958,0.9233798047,-0.0195212134596,0.00706287803713,-0.383325937358
0.206983153928,-0.93369014753,0.783651819702,0.923371462122,-0.0195741972726,0.00717742799125,-0.383341203457
0.207513410356,-0.933905448542,0.784087344332,0.923393378507,-0.0192324519506,0.00712383716934,-0.383306707828
0.206372095158,-0.934357445597,0.783343249934,0.923252339421,-0.0194054888063,0.00751761546379,-0.383630069489
0.206306941079,-0.931019727414,0.790287080565,0.924287759043,-0.0178347558675,0.00858591048219,-0.381182819795
0.206753567965,-0.929562351868,0.792874579989,0.92471085491,-0.0174670493267,0.0086526972664,-0.380170840319
0.20649377801,-0.932934772357,0.786722666811,0.923744404438,-0.0186713107215,0.00796454296341,-0.382471206081
0.207254623108,-0.93640097051,0.78001330345,0.922718783563,-0.0199765513069,0.00673156416837,-0.384896960109
0.206793085529,-0.934303583113,0.785124788999,0.923448618419,-0.0189115642533,0.00767522872373,-0.383178930452
0.206666710776,-0.93388864508,0.785572241943,0.923540782423,-0.0190034059446,0.00769960366197,-0.382951706965
0.207521224163,-0.930642097879,0.79266819065,0.924590852014,-0.017405154676,0.00837999483085,-0.380471539869
0.20890607748,-0.930328189671,0.792251270327,0.92460155772,-0.0173963452053,0.00771911295978,-0.380459908439
0.211370675577,-0.926732820677,0.798527737777,0.925615454987,-0.0157974444278,0.00761398966528,-0.378058854414
0.210520468897,-0.929743044749,0.79151622765,0.924617341032,-0.0174880807343,0.00688429039229,-0.380433366362
0.209869732111,-0.9297760559,0.791957389703,0.924644259882,-0.017389031438,0.00726446015395,-0.380365405725
0.208443846889,-0.930274734561,0.791629015633,0.924521782638,-0.0172968595991,0.00794982808637,-0.380653506892
0.208328968337,-0.927012733517,0.798274310861,0.925520970186,-0.0160868453383,0.00882550955636,-0.378251579685
0.207233538497,-0.928786673191,0.795038173902,0.925010695415,-0.0169133707646,0.00879674865999,-0.379462473073
0.207369537127,-0.928826098892,0.794611400268,0.924974955052,-0.0171762399475,0.00859011440543,-0.379542513089
0.20863460077,-0.928834610948,0.794165908761,0.924928172091,-0.0169212340729,0.0081370980625,-0.379677937132
0.210081521766,-0.927023916707,0.797403680934,0.92545593741,-0.0161527841666,0.00796685842899,-0.378426907928
0.210596934779,-0.926911646908,0.798151521433,0.925546822718,-0.0158581096085,0.00791647435685,-0.378218096803
0.210076938252,-0.927043467905,0.799031950367,0.925614630479,-0.015693652747,0.00827747663008,-0.378051251139
0.210182025485,-0.92684973315,0.799879491709,0.92572066003,-0.0155477913456,0.00835360866866,-0.377795901249
0.209745882172,-0.927042257029,0.799012162096,0.925621110889,-0.0159610427218,0.00830197381592,-0.378023651936
0.208416441146,-0.930291977229,0.792063369185,0.924582087539,-0.017554991465,0.00786844984099,-0.380496876693
0.20601071867,-0.934590374344,0.783450616529,0.923239746627,-0.0196073489899,0.00762642266925,-0.38364796336
0.205159293657,-0.937960790358,0.777453501238,0.922268782632,-0.0209143975793,0.00715077009382,-0.385916761807
0.206799845619,-0.934823392012,0.78452720894,0.923341485334,-0.0192662536782,0.00751376357011,-0.383422555788
0.209267626906,-0.930861739238,0.792279692055,0.92456583602,-0.0174618502367,0.00757086745,-0.380546686513
0.209389155446,-0.930670896181,0.792028713755,0.924537750976,-0.0171621956602,0.00764525578872,-0.38062705648
0.208066301159,-0.933590783386,0.785401863611,0.923555084877,-0.0186526065435,0.0072376293432,-0.38294347127
0.208309265099,-0.933280067193,0.786034861612,0.923656687963,-0.0184960749229,0.00721421861189,-0.382706379674
0.208159035214,-0.933413974265,0.786126538763,0.923662617077,-0.018707767484,0.00718679486905,-0.382682295422
0.208056385891,-0.933665555665,0.785716604886,0.923597545105,-0.018876110853,0.00712383449678,-0.382832232313
0.206586642029,-0.937392706086,0.778048728201,0.922402219022,-0.0204852271329,0.00671677505265,-0.385628560593
0.207904981728,-0.933890204244,0.78464825094,0.923449148328,-0.0188762792827,0.00715222618634,-0.383189512113
0.207953860633,-0.93304822216,0.786172729769,0.92369839029,-0.0186622013447,0.00728583078643,-0.382596292046
0.208475405651,-0.931649298629,0.788740597462,0.924101690172,-0.0180278237163,0.00745005790155,-0.38164847757
0.207405649844,-0.932124614559,0.788200653263,0.923976529161,-0.0181367435368,0.00788177328581,-0.381937573096
0.207640256355,-0.929740525719,0.793092806679,0.924708302354,-0.0170248910647,0.00851330532215,-0.380200252859
0.205659883011,-0.931249801523,0.790926150852,0.924310704268,-0.0176362305055,0.0090457043543,-0.381125780527
0.205216904689,-0.933266806343,0.786646523905,0.923670743234,-0.0186596184135,0.00858338963371,-0.382636253061
0.205505751237,-0.933247639598,0.786932276515,0.92370011372,-0.0185245151095,0.00853929739764,-0.382572898483
0.207711093735,-0.929847093777,0.794015370523,0.924786091702,-0.0167932100332,0.00865473669959,-0.380018115653
0.208963748305,-0.926985805064,0.798855060909,0.925583258694,-0.015815160218,0.00870393784569,-0.378113413408
0.209741156847,-0.927198419275,0.798994114056,0.925589013996,-0.0157542777548,0.00840849669021,-0.378108551987
0.208403676633,-0.93025125126,0.791923653203,0.924564723952,-0.0174833620793,0.00789537263887,-0.38054180633
0.206107665173,-0.934605499656,0.784342630401,0.923332043418,-0.0193633622715,0.00776561207367,-0.383435383173
0.206080608906,-0.934279810096,0.783935810793,0.923313656839,-0.0193134538545,0.00775494564291,-0.38348238866
0.207072669165,-0.931303722294,0.789382082872,0.924174035779,-0.017989456728,0.00815558160233,-0.381460636931
0.209359913805,-0.927107120236,0.796635145024,0.92534615288,-0.0161788710999,0.00823735578311,-0.378688377759
0.206772936208,-0.929660880048,0.791686016991,0.924563298018,-0.0174797935068,0.00859405825792,-0.380530297007
0.206006801829,-0.933048237735,0.784965345454,0.923533399093,-0.018975981734,0.00795693991215,-0.382965612012
0.2061408053,-0.933385567007,0.785199681864,0.923510389655,-0.0186658816468,0.00810456142008,-0.383033237651
0.208184863801,-0.931053930842,0.790478074318,0.924312043964,-0.0174248483005,0.00799270692395,-0.381155790564
0.209263645476,-0.927372157474,0.79860661656,0.925520033931,-0.015781974819,0.00859906271304,-0.378271928887
0.20837617428,-0.9275421512,0.799036021136,0.925543639249,-0.0158876444169,0.00896424461936,-0.378201265094
0.208313233044,-0.927522265611,0.79920421676,0.925553303542,-0.0157426841783,0.00908196774326,-0.378180866859
0.208355097825,-0.927476248355,0.799061547625,0.925543501796,-0.0157898998783,0.00904569622011,-0.378203755567
0.207652822737,-0.931043292406,0.791431018707,0.924426416458,-0.0176307218846,0.00816728640055,-0.380865138381
0.208498868898,-0.930483267453,0.792206892256,0.924581291891,-0.017508754872,0.00786127599867,-0.380501088735
0.208324403846,-0.933745300007,0.784749368014,0.923495999356,-0.0190710930907,0.00687291158548,-0.383072050231
0.209985430017,-0.929870234061,0.791387744252,0.924569407631,-0.0173866775429,0.00717540878191,-0.380549113028
0.208807336739,-0.930572312461,0.78991783982,0.924333173833,-0.0177980975806,0.00744704344332,-0.381098350846
0.208609489664,-0.930695992719,0.789641170754,0.924283273105,-0.0177728833416,0.0075357481674,-0.381218793051
0.207912003273,-0.931061539693,0.790587996645,0.924333745785,-0.0176090481286,0.00800771437467,-0.381094377205
0.20781266578,-0.934338609373,0.783819231388,0.923320637239,-0.0191473541782,0.0070448911579,-0.383487612819
0.208059143972,-0.931346404877,0.791119241626,0.924363663104,-0.0175493932623,0.00801682083331,-0.381024366297
0.208480097401,-0.931184760087,0.79123781105,0.924409450192,-0.0176940739982,0.00776162256949,-0.380911860351
0.209263039077,-0.927707646351,0.798605265925,0.925495088015,-0.0159437911631,0.00853762204168,-0.378327565204
0.207155573739,-0.930899981197,0.79158407755,0.924450352213,-0.0176810668971,0.00836127327877,-0.380800492747
0.207979200569,-0.930473487769,0.791625377621,0.924513331253,-0.0176783589489,0.00796405614634,-0.380656209421
0.208136879828,-0.930150669351,0.79246764109,0.924637672727,-0.0175384626265,0.00799318351846,-0.380359942055
0.208273401011,-0.927408586322,0.798875068379,0.925541694861,-0.0160818720188,0.00890752179302,-0.378199154575
0.206285424842,-0.927866549667,0.798146951567,0.925388646514,-0.0162868605856,0.0096777291632,-0.378545813123
0.205424726107,-0.928600068223,0.796092858039,0.925087257669,-0.0166478435514,0.00980040190675,-0.379262926117
0.208288408887,-0.927468934493,0.797065466006,0.925350852333,-0.0163453780089,0.00866504976727,-0.378660198089
0.208230948214,-0.930264090047,0.790741897388,0.924432249238,-0.0176266238216,0.00782242942117,-0.380858409779
0.208495054205,-0.9298334288,0.791643310259,0.924583084107,-0.0175717252174,0.00776469914928,-0.380495814043
0.207326191498,-0.933497028298,0.785634081534,0.923594167291,-0.0189372968164,0.00742065451077,-0.382831721285
0.20837725899,-0.930438870109,0.79228437867,0.924592002725,-0.017469492873,0.00792620765448,-0.380475518986
0.207392700015,-0.934001885675,0.784379784756,0.923415342037,-0.0192368264117,0.00719979769899,-0.383252153958
0.208422213948,-0.930342932225,0.790849627987,0.924454157828,-0.0178197794994,0.00764461651134,-0.380799849491
0.208884091956,-0.930402593983,0.791053611153,0.924477459237,-0.0178020337077,0.00746576873869,-0.380747655614
0.210270887676,-0.926536598164,0.799804372919,0.925756790463,-0.0157935644262,0.00816615143892,-0.377701260529
0.210160614316,-0.926690172159,0.799659338917,0.925717245555,-0.0156736179996,0.00828099101371,-0.377800667243
0.208527781937,-0.93051244712,0.792441318954,0.924583317489,-0.0171665444433,0.00804170025493,-0.380507989181
0.20865073655,-0.930696654427,0.792455821283,0.92457073295,-0.0171915624797,0.00797854569947,-0.380538766435
0.20820783706,-0.930718650729,0.791843839022,0.924507005617,-0.0175487216086,0.00797071164131,-0.380677431287
0.208196160532,-0.930356238655,0.790509644197,0.924412389499,-0.0178912117252,0.00770370879994,-0.380896694071
0.207633943157,-0.930510745708,0.789736564605,0.924310738713,-0.0181283484916,0.0078101465067,-0.381129929149
0.207680114755,-0.930342072232,0.790781864122,0.924444927565,-0.0180839445867,0.00786201095793,-0.380805377628
0.210214786132,-0.926492102863,0.799474881922,0.925741799926,-0.0161179862027,0.0080266353347,-0.377727287228
0.211042482787,-0.925976870687,0.800112310495,0.925871498144,-0.0159435903613,0.00775163808839,-0.377422419788
0.211105363297,-0.926172599885,0.799472773862,0.925775237791,-0.0158107888435,0.00776973830669,-0.377663685328
0.208481303493,-0.930177010263,0.792122197041,0.924613770294,-0.0177275939053,0.00774177416501,-0.380414475447
0.208081226878,-0.930520240705,0.791285078145,0.924471350659,-0.0176760245941,0.00790871065712,-0.380759415198
0.207533531511,-0.930814549876,0.791336804312,0.924447655784,-0.0178352762337,0.00808323363496,-0.380805850758
0.209552793381,-0.926936239183,0.798992860948,0.925622389395,-0.0159501092086,0.00838248096853,-0.378019206232
0.21035245919,-0.926857456592,0.799418016339,0.925691358014,-0.0159307404561,0.00805552743521,-0.377858213733
0.210908899966,-0.926505010516,0.798787005106,0.925673760823,-0.0160601089694,0.00768933725982,-0.377903473808
0.209090383275,-0.930366164879,0.790656621667,0.924447601594,-0.0178871565607,0.00729755032602,-0.380819415598
0.207512466944,-0.933884099147,0.782731315532,0.923264875667,-0.0196855693993,0.00680870921896,-0.383598864957
0.207743106168,-0.934119065128,0.783219576637,0.923286024823,-0.0193755703795,0.00690105895392,-0.383562092787
0.209214567077,-0.9307312892,0.790918162507,0.924428467988,-0.0175821522977,0.00743465425617,-0.38087740995
0.210317019075,-0.92703362094,0.799356029124,0.925663304428,-0.0157999386525,0.00814483651744,-0.37793051003
0.209449790743,-0.930949335857,0.791696415268,0.9244943275,-0.0174603599361,0.00744923483423,-0.38072284296
0.209476648915,-0.930780825776,0.791395326697,0.924485884853,-0.0175868890598,0.00733298341934,-0.380739776481
0.208103558474,-0.933901377846,0.784408803003,0.923447746788,-0.0192521106559,0.00684875862264,-0.383179735494
0.208036787854,-0.930488999545,0.792074635161,0.924565026731,-0.0176332040402,0.00798679495026,-0.38053224905
0.208515574749,-0.930131252088,0.792449094426,0.924636237719,-0.0174023274531,0.00790118450879,-0.380371605381
0.207577559266,-0.930957475252,0.79129188349,0.924412037697,-0.0175343928624,0.0082328788745,-0.380903070784
0.207676361768,-0.933557633169,0.785065183732,0.923530313966,-0.0190106121988,0.00720369155963,-0.382986243406
0.206505535998,-0.934294777546,0.784137745408,0.923341546258,-0.0192910935572,0.00758032826372,-0.383419849886
0.208496808112,-0.930627730409,0.791554695782,0.924487314388,-0.0175682632134,0.00781870386747,-0.380727500363
0.209621722564,-0.927483177014,0.798179111756,0.925477514092,-0.0159958032662,0.00832896233344,-0.378373008517
0.210806628513,-0.927346880553,0.798586164544,0.92554506093,-0.0157461827369,0.00793822376964,-0.378226628519
0.208953575462,-0.927523258291,0.798244962915,0.925468715323,-0.0159819894247,0.0086383896176,-0.378388175287
0.208590226972,-0.927357335923,0.798193515928,0.92547577865,-0.0160566004916,0.00876132995285,-0.378364913557
0.207401427014,-0.930632245876,0.791292554432,0.924439981315,-0.0175810014622,0.00829449417799,-0.380831761674
0.20830882103,-0.933095684966,0.786317435868,0.923712486503,-0.0186431088374,0.0071629867401,-0.382565508629
0.208670349982,-0.932904647089,0.78589751336,0.923690723117,-0.0186808959545,0.00694338759024,-0.382620257597
0.207895642522,-0.932749963657,0.785511292246,0.923671026848,-0.0190908921444,0.0070559113742,-0.382645509727
0.207639446311,-0.933272588117,0.784045679567,0.923464540124,-0.0194346485732,0.0069455947762,-0.383128302636
0.206199359588,-0.934142584726,0.783108916197,0.923239111901,-0.0194657301072,0.00757018653263,-0.383657816138
0.207450880393,-0.931520164997,0.790077920631,0.924206606225,-0.017514847391,0.00826394946487,-0.381401476492
0.207600527492,-0.931395019781,0.790310515432,0.924234711649,-0.0173151324398,0.00830685738835,-0.381341553062
0.20840674944,-0.931103294055,0.791202563833,0.924374812544,-0.017146410276,0.00806293512988,-0.381014692138
0.208207745553,-0.930860616252,0.791627457804,0.924455236456,-0.0173230024041,0.00808990101065,-0.380810954252
0.209099851065,-0.927755143863,0.798337343531,0.925448478389,-0.0158626678391,0.00866098985431,-0.378442171106
0.209537719535,-0.927242765556,0.79889575512,0.92557560333,-0.0159195515576,0.0084401755105,-0.378133751252
0.210264975008,-0.926432911514,0.799229328931,0.925712918883,-0.0159801492398,0.00804346830159,-0.377803559089
0.210420381208,-0.926568643754,0.798725200909,0.925655191859,-0.0161142558165,0.00788030270789,-0.377942717052
0.208859248366,-0.930361069756,0.791711742212,0.924542506792,-0.0175630590035,0.00763211037958,-0.380597481579
0.208145296053,-0.930885357182,0.790925701623,0.924382700276,-0.0175114114112,0.00796495230349,-0.380981014533
0.20735499766,-0.931043062685,0.791047366049,0.92436830942,-0.0175307460092,0.00832185615041,-0.381007412257
0.207962450233,-0.92768439465,0.796987149444,0.925318779726,-0.0164225878133,0.00878607190965,-0.378732437793
0.208868603951,-0.927347031127,0.797901908146,0.925464361885,-0.0162861841683,0.00849218917197,-0.378389161855
0.208967391092,-0.93017479435,0.791737088855,0.924563413455,-0.0175411315274,0.00759954860686,-0.380548354438
0.208768595662,-0.92994798697,0.791903618626,0.924593361144,-0.017378477569,0.00777595571368,-0.380479486384
0.207040777548,-0.934086033198,0.784904844039,0.923440218307,-0.0188824818751,0.00757907181958,-0.383202521863
0.207805867098,-0.930577774452,0.791729253521,0.92449875193,-0.0173785656794,0.00821538897265,-0.380700079485
0.206863614024,-0.934334970663,0.785069965953,0.923435416594,-0.018921598669,0.007648792687,-0.383210778104
0.206122413692,-0.934025240213,0.783607883602,0.923289681649,-0.019118552434,0.00779157125912,-0.383549131313
0.204945866071,-0.937561896219,0.775769694077,0.922102428489,-0.0208825138141,0.00714251869403,-0.386315954133
0.206928431184,-0.934218859166,0.782937201468,0.923194882738,-0.0189363431086,0.00749900691527,-0.383792115984
0.209809557069,-0.930425745697,0.791376312028,0.924492148406,-0.0171455490397,0.0073974521309,-0.380743450877
0.209998461662,-0.930621225155,0.79154606471,0.92450161217,-0.0172593813873,0.0072718083659,-0.380717748013
0.209162914452,-0.933525698885,0.785009803195,0.923563903953,-0.0191028010063,0.00646877428189,-0.382913767404
0.207787303331,-0.933704499418,0.78464746031,0.923487512498,-0.0192922080687,0.00698672007172,-0.383079379124
0.207052135466,-0.934398985366,0.783636216313,0.923283968319,-0.01927587604,0.00730932956388,-0.383564503244
0.206242983843,-0.931712278466,0.789314591908,0.924096809114,-0.0178047180004,0.00860434488353,-0.381646491733
0.206977740506,-0.93177932172,0.789243618366,0.924093040945,-0.0177661792765,0.0082949459793,-0.381664261389
0.208460170839,-0.927643312364,0.79746056216,0.92537521534,-0.0161989812877,0.00866794956091,-0.378606881199
0.208082645095,-0.931098241256,0.79031657768,0.924300230346,-0.0176516568859,0.00789766727913,-0.381175983036
0.208206502248,-0.930570583293,0.790801914992,0.924406613763,-0.0175624584406,0.00789353558672,-0.380922124036
0.205808317569,-0.934293798035,0.782834369367,0.923164474262,-0.0191509766242,0.00790840705037,-0.383846389397
0.206499444286,-0.933580872023,0.783121960732,0.92331000434,-0.019562918869,0.0073544873359,-0.383486426889
0.206645664047,-0.93402238081,0.783431129005,0.923297314362,-0.0194485593878,0.00738269767964,-0.383522253077
0.208562737223,-0.9334884389,0.785170337661,0.923554652645,-0.0188349683827,0.00690311498464,-0.382941763911
0.208192850667,-0.933848046204,0.786112941508,0.923593348638,-0.0183790071816,0.00736798068611,-0.382861921987
0.207303128391,-0.934143437984,0.785300968412,0.923461886405,-0.0185354088573,0.00765850737879,-0.383165669444
0.205964790426,-0.934547705034,0.784835420002,0.923362740199,-0.0188846370984,0.00807350430231,-0.383378975717
0.207087508721,-0.931435494292,0.791108806988,0.924315540773,-0.0172903899888,0.0085843331643,-0.381140568194
0.20689776744,-0.931154426324,0.790995240646,0.924339141308,-0.0174895831909,0.00855478043814,-0.381074903474
0.208277128482,-0.927427354045,0.797613600073,0.925395186419,-0.016073056296,0.00885686682915,-0.378559059757
0.208407347523,-0.92730802776,0.797739853979,0.925428781457,-0.0161569632313,0.00876481068578,-0.378475496016
0.208956941688,-0.927275864506,0.79785112499,0.925444748729,-0.0159803624481,0.0086007502727,-0.378447713907
0.209045569003,-0.930040806489,0.791383295062,0.924525506338,-0.0173083420139,0.00764503489683,-0.380650184379
0.2098813548,-0.929716039683,0.791993933507,0.924637685761,-0.017202894581,0.0073373929087,-0.380388450343
0.208774499764,-0.929997612029,0.791810109816,0.924569101663,-0.017274775826,0.00781604750427,-0.380542333744
0.208342635097,-0.930394003597,0.791633716188,0.924514291733,-0.0175036823293,0.00791281123316,-0.380663017517
0.207157626464,-0.933738591736,0.783336308953,0.923323509714,-0.0194634156174,0.00714106087705,-0.383463006184
0.206841829162,-0.937478244386,0.776346486091,0.922229507594,-0.0210566052199,0.0062424447059,-0.386018635021
0.207781873249,-0.934954683261,0.783439489943,0.923226568856,-0.0194026530496,0.00695126772249,-0.383702905242
0.207337485187,-0.93482394052,0.784139577057,0.923281731323,-0.0189269018828,0.00743654472791,-0.383584820858
0.209007092622,-0.9303326596,0.791052476464,0.92445768217,-0.0173815964221,0.00764448943854,-0.380811548886
0.209212768854,-0.929767807837,0.791065638709,0.924524249585,-0.017419917513,0.00749947584178,-0.380651042642
0.210130770852,-0.927083758252,0.79847461507,0.925563079011,-0.0160470208383,0.00805884744526,-0.378167337131
0.209382034579,-0.927887402918,0.798955315608,0.925512921273,-0.0159099542666,0.00853281398808,-0.378285470242
0.208877297296,-0.928192830702,0.799144950534,0.925493840735,-0.015888237651,0.0087957812804,-0.378327039608
0.209583123203,-0.927301802288,0.799535815827,0.925634575251,-0.0158027500944,0.00850748815587,-0.37799276294
0.208634392438,-0.93053541701,0.79298832769,0.924650367437,-0.0172766081135,0.00796601641379,-0.380341635104
0.20884534139,-0.930566480284,0.792511096099,0.924586245502,-0.017171016755,0.00790538054355,-0.38050352925
0.207744932122,-0.93149083198,0.791208610849,0.924335684704,-0.0173861953155,0.00826087451774,-0.381094502908
0.208355577225,-0.927972796421,0.79698384548,0.92527103523,-0.0161265201468,0.00877377417092,-0.378862069358
0.206745773893,-0.930911099194,0.790277618123,0.924293412255,-0.0178336210199,0.00839851209845,-0.381173339858
0.207407873589,-0.930564669624,0.791256382935,0.924435419724,-0.0175153404548,0.0083068463105,-0.380845590643
0.20744525003,-0.930583815525,0.792304019122,0.924531731843,-0.0171238662613,0.00855553757915,-0.380624030767
0.208983194023,-0.927220765578,0.798962548759,0.925557850067,-0.0157001858622,0.00879733606198,-0.378178234728
0.208783493038,-0.927301431185,0.798366316273,0.925489073894,-0.0158479146954,0.00877316145975,-0.378340916819
0.208445727602,-0.930642244549,0.791001386892,0.924433885161,-0.017736337004,0.00771087905712,-0.380851620268
0.206320498841,-0.934543955412,0.784409436358,0.92333549674,-0.0191884174885,0.00773395696063,-0.383436501918
0.206592369427,-0.934368450088,0.784519109009,0.923373661554,-0.0192240980896,0.00758877723202,-0.383345699938
0.206187408151,-0.934866207742,0.78411343799,0.923253242363,-0.0190008116968,0.00789346200085,-0.383640603793
0.207976562296,-0.931394168573,0.7906892851,0.924289557312,-0.017337940496,0.00813087315834,-0.381211357339
0.206958974395,-0.934750538617,0.783115599362,0.923160225972,-0.0189479299103,0.00750472692823,-0.383874787149
0.207824354515,-0.931231374196,0.790279613058,0.924259960221,-0.017426731162,0.00811938963115,-0.381279307707
0.206278040968,-0.935145600723,0.782538318011,0.923059603166,-0.0192523267388,0.00763706931781,-0.384098935289
0.207493185275,-0.931560082082,0.790231233016,0.924223238241,-0.0175285568329,0.00822485701776,-0.381361386767
0.206613632138,-0.934870654796,0.783046670541,0.923151059001,-0.0191671605092,0.00754679188535,-0.383885123645
0.208943427622,-0.930655381528,0.790938397395,0.924415437382,-0.0174034030832,0.00765743502753,-0.380912830423
0.20883567291,-0.930631235206,0.791241981992,0.924447218562,-0.0173775044631,0.00774722398266,-0.380835060035
0.210333162818,-0.927040660677,0.798734267863,0.925577531128,-0.0157214613166,0.00815818216307,-0.378143509251
0.208912392642,-0.927245378135,0.798388097246,0.925501002135,-0.0158844576268,0.00870385672101,-0.378311805171
0.208497481675,-0.927334243074,0.797902586704,0.925447617047,-0.016155888601,0.00871111365082,-0.378430722674
0.210021843758,-0.926815163972,0.799384393678,0.925688786477,-0.0159941459825,0.00816293424319,-0.377859529971
0.210313802849,-0.927060654888,0.799343911177,0.925659390554,-0.0158460891672,0.00810120893347,-0.377939101644
0.210224162904,-0.927044136998,0.799363828972,0.92564834056,-0.0156470922491,0.00825721258897,-0.377971079003
0.209242469746,-0.927286866277,0.797855656636,0.925438809151,-0.0157649751582,0.00857317269663,-0.378471896956
0.208544944595,-0.930281620948,0.791993331625,0.924559018769,-0.0172574335369,0.00794872923796,-0.380564868983
0.208684839048,-0.930902367475,0.792187075507,0.92451486057,-0.0171351681767,0.00799172350088,-0.380676753889
0.208160586945,-0.930918962611,0.792001489969,0.924494971674,-0.0173214567437,0.00812203442965,-0.380713865052
0.208923078641,-0.927857439185,0.798019353478,0.925395634092,-0.0158282585152,0.00873614183489,-0.378571085085
0.208984390808,-0.927093845676,0.797824111387,0.9254643065,-0.0160572906228,0.00853448756667,-0.37839812808
0.208740479405,-0.927132074967,0.797596103843,0.925432659169,-0.0161113415371,0.00859888554387,-0.378471765373
0.210220733864,-0.926066020421,0.797552416561,0.925563008279,-0.0161009746486,0.00787666294289,-0.378169055452
0.210790322367,-0.925840797389,0.797869156664,0.925629252638,-0.0160229674185,0.00768262159898,-0.378014190874
0.211657312594,-0.925963261943,0.797894610918,0.925611776357,-0.0156254176086,0.0075048037112,-0.3780771928
0.209714976747,-0.927178036911,0.797545898039,0.925407384368,-0.0155203467243,0.00847241751529,-0.378561104628
0.209198153577,-0.928145551353,0.797341143183,0.925270912376,-0.0154214738856,0.00878115628072,-0.378891551963
0.208692216681,-0.92821281807,0.797409316805,0.925271914218,-0.0155637810405,0.00893659806159,-0.378879651993
0.209053808415,-0.927958669241,0.797422014783,0.925325258696,-0.0158513043489,0.00860899395572,-0.378745015798
0.207889796071,-0.930444615961,0.79113162438,0.924429732685,-0.0172536453759,0.00818646204863,-0.380873946192
0.206535725369,-0.933585763955,0.784746433759,0.923458163081,-0.0189478393262,0.00773844522909,-0.383152863607
0.206346929401,-0.935047564356,0.780702711627,0.922884056622,-0.0196869334533,0.00729096429371,-0.384505246418
0.206429279638,-0.932111997844,0.786150275526,0.923745845726,-0.0187203764177,0.0079240848078,-0.382466166988
0.207447298043,-0.929228015427,0.792838082727,0.924716232777,-0.0170511452021,0.00855496588487,-0.380178852442
0.207066549999,-0.930641156774,0.789926053319,0.924303951718,-0.0181197363826,0.00809168732957,-0.381140924841
0.208108886312,-0.930476262743,0.790811493823,0.924431302615,-0.0178673908229,0.00778647957801,-0.380850224927
0.209101246091,-0.930018865485,0.790852264414,0.924500672897,-0.0178602082052,0.00731618699509,-0.380691465867
0.211042341983,-0.926497056209,0.798625151831,0.925641083434,-0.0157987839187,0.00775856655798,-0.377993105402
0.211604863037,-0.926579712701,0.799504403681,0.925731389437,-0.015647099716,0.00764591084376,-0.377780495697
0.210470258768,-0.926907704711,0.799002314433,0.92562870226,-0.0157804796297,0.00807152368546,-0.378017635199
0.210402206115,-0.927278078004,0.799520190675,0.925645976207,-0.015696970269,0.00818518600343,-0.377976367762
0.209930903461,-0.927159218647,0.799166191785,0.925623769954,-0.0159186732935,0.00824079446676,-0.378020266181
0.209233614394,-0.927442677944,0.79881558338,0.925546798248,-0.0159960405939,0.00852208218778,-0.378199187007
0.207160180922,-0.931338471718,0.791264320067,0.924375379927,-0.0178084086232,0.00829843290934,-0.380977891194
0.206336743108,-0.935425301646,0.783232176081,0.923117611588,-0.0192428580804,0.00768260032726,-0.383959067142
0.205917230169,-0.939049551944,0.775754978089,0.921975925285,-0.0208951389529,0.00675856621926,-0.386623988064
0.206773950848,-0.938707515079,0.775826856481,0.922035526746,-0.0208733121582,0.00635758530037,-0.386489810173
0.207506654393,-0.934841890022,0.78359334273,0.92324808456,-0.0193085848054,0.00709601224835,-0.383653228215
0.207452849707,-0.934280374622,0.784965970909,0.923448088918,-0.0190664929682,0.00729074337662,-0.383180037294
0.208041985378,-0.934097763439,0.783749792422,0.923341309488,-0.019171267798,0.00690790343334,-0.383439134094
0.207097259921,-0.934965576562,0.783167109657,0.923159754154,-0.0190911469194,0.00738207277533,-0.38387120421
0.20759729343,-0.93536709811,0.782822204166,0.923090481827,-0.0191039576296,0.00714256988972,-0.384041644692
0.207096947245,-0.931949919667,0.790591690115,0.924206013361,-0.0173795123703,0.00852637701482,-0.38140332761
0.208072484732,-0.931351075982,0.791703170302,0.924402111687,-0.0171792167563,0.00823092019425,-0.380943384735
0.20989036383,-0.926825652366,0.800312006997,0.925746080906,-0.0153381748261,0.00862780458461,-0.377736012405
0.211173242325,-0.926511064472,0.800758375304,0.925845203722,-0.0151822733476,0.00813307812221,-0.377510278483
0.211251639511,-0.926204048634,0.800538304517,0.925878580749,-0.0155608513891,0.00788158384014,-0.377418327921
0.210930056379,-0.926250248314,0.799320079372,0.925740898603,-0.0157068048241,0.00787088757631,-0.377750094725
0.210774042976,-0.926157137683,0.800000198006,0.925827069712,-0.0157424811493,0.0079649717973,-0.377535389733
0.209272663665,-0.926820433534,0.798831643612,0.925597816117,-0.0157514957189,0.00859456978338,-0.378082936077
0.207592323269,-0.930795729279,0.7919629383,0.924501166388,-0.0175063683282,0.00826785094144,-0.380687224709
0.207207360064,-0.931199646128,0.790864271273,0.924332663705,-0.0175933985991,0.00834463551527,-0.381090496066
0.208604175287,-0.930823885921,0.791547440876,0.924477061963,-0.0175629169621,0.00775284996135,-0.380753987726
0.209118535019,-0.927688303749,0.797521740692,0.925381038289,-0.016097028168,0.00845276086129,-0.378601862771
0.208795994557,-0.9295206247,0.793946088903,0.924823610915,-0.0167147297031,0.00818530925266,-0.37994066276
0.209700097651,-0.929123360521,0.794534488207,0.924933961847,-0.0165033973665,0.00788780660856,-0.379687485446
0.209782015895,-0.928460520173,0.795285100247,0.925089133499,-0.0165129009636,0.00787039777246,-0.379309208988
0.210162498346,-0.926440278739,0.799394703744,0.925726581278,-0.0159637691727,0.00811000992875,-0.377769350965
0.207858288243,-0.929762662767,0.792883286104,0.924717247581,-0.0175385830634,0.00813878240305,-0.380163346933
0.208835131076,-0.930146109795,0.792717199626,0.924655407742,-0.0171283579557,0.00790070633528,-0.38033744902
0.208965214763,-0.93042093653,0.791771105188,0.924514647711,-0.0170291574831,0.00786387969796,-0.380684690208
0.21064543787,-0.927222223355,0.797650667859,0.925431809064,-0.0155270639533,0.0080577681602,-0.37851017084
0.208726040276,-0.930450512251,0.790519614247,0.924392235133,-0.0175770284699,0.00763872207429,-0.380961538244
0.206502573039,-0.934419147922,0.78303464041,0.923202608635,-0.0193521924817,0.00748510930908,-0.383753057571
0.205401237024,-0.934839096115,0.782545536843,0.923088460678,-0.0195134782768,0.00789510377992,-0.384011178568
0.20565036299,-0.931883108623,0.789324161325,0.924070448093,-0.0179323961888,0.00883805308705,-0.381698997832
0.206753485986,-0.927834557928,0.797121113255,0.925280734239,-0.0162887333031,0.00940719298308,-0.37881624138
0.208601144172,-0.927311348628,0.798318329251,0.925498626042,-0.0161131402825,0.00869918276771,-0.378308054532
0.209194388668,-0.926892871109,0.799517510388,0.925674112331,-0.015831757991,0.00861828480502,-0.37789220469
0.209275674877,-0.927170563269,0.799839869515,0.925666997581,-0.0156133142166,0.00873562863648,-0.377916026123
0.207934283849,-0.930413196894,0.792261001521,0.924560330459,-0.0172452987098,0.00825533633496,-0.380555704775
0.207817307512,-0.931034665605,0.791039209298,0.924357107178,-0.017353293768,0.00821119169495,-0.38104511273
0.208401107073,-0.930727678958,0.79070387525,0.924369980384,-0.0174801207336,0.00785174995366,-0.381015662101
0.207584583206,-0.928060784606,0.79808753345,0.925363012416,-0.0159470739401,0.00927384671229,-0.378633043794
0.206464647841,-0.931467821731,0.791629800258,0.924371714201,-0.0174980945815,0.00879298569994,-0.380990070833
0.207383989826,-0.931722476794,0.791793390438,0.924362611314,-0.017180246014,0.00856400288468,-0.381031835686
0.208515978705,-0.931027164834,0.791988655944,0.924474469428,-0.0171505159154,0.008047330331,-0.380772971276
0.210612570176,-0.926872507813,0.799840866332,0.925714075813,-0.0154994429776,0.00817914462791,-0.377817837988
0.208759613568,-0.930318776518,0.792499858704,0.9246263551,-0.0173806774059,0.00781157125342,-0.380398468533
0.208942596708,-0.930936706577,0.791541205355,0.924453524613,-0.017383847604,0.00771445956924,-0.380820127864
0.208457378132,-0.931385143198,0.790372355874,0.924259898873,-0.0173269649668,0.00792375483401,-0.381288119051
0.209267235633,-0.93146472028,0.790655417615,0.924295105035,-0.0171827685197,0.00764216401882,-0.381215042466
0.208108891054,-0.934872376459,0.784628382308,0.923338481878,-0.0186444386181,0.00722330100592,-0.383466108952
0.209131742328,-0.934397126305,0.784404199734,0.923384009332,-0.0187696233008,0.00666555414326,-0.383360460845
0.208133380835,-0.934603018894,0.784403607537,0.923343016969,-0.0188168369271,0.00710667123395,-0.383448946911
0.207306992484,-0.93491529914,0.782877989019,0.923128242366,-0.0190006316149,0.00732450493656,-0.38395256969
0.206589879024,-0.93512158464,0.783452977209,0.923156099566,-0.0188431364292,0.00776652705721,-0.383884661196
0.207305006803,-0.934259801622,0.782361668786,0.92314364828,-0.0191084775278,0.00720053453375,-0.383912520021
0.20688145746,-0.934511707769,0.783122558552,0.923195664769,-0.0190781176463,0.0074557427108,-0.383784056311
0.206564617222,-0.934857718001,0.782809799863,0.923121970631,-0.0191727083156,0.00755219984406,-0.383954683357
0.205443186541,-0.935690168371,0.782934004155,0.923027393223,-0.0190895566564,0.00816346494248,-0.384173630051
0.206551577262,-0.934851625364,0.782522172173,0.923092643729,-0.0192080121028,0.00754999158966,-0.384023464117
0.206458271703,-0.934565794296,0.783595133916,0.923260539342,-0.0194212075469,0.00752636931832,-0.38360936766
0.206615666451,-0.934305768502,0.784851042489,0.923424759677,-0.0192214748587,0.00759476489699,-0.383222608501
0.206506862252,-0.934708912309,0.78512791897,0.923407035748,-0.019065597008,0.00774964734539,-0.383269999227
0.204867558732,-0.938724825625,0.776728427852,0.922084468185,-0.0206009345511,0.00742389802526,-0.386368633258
0.205198704962,-0.938564567597,0.777147330384,0.922154317868,-0.0205862359121,0.00730902907981,-0.386204866647
0.206805209673,-0.934973546044,0.784539057403,0.923299868665,-0.0188451563083,0.0077227448718,-0.383539530973
0.209187294674,-0.930364089036,0.793275770369,0.924702439257,-0.0171194002504,0.00779763031088,-0.380225619769
0.208649936984,-0.930428640107,0.792706740012,0.924631116013,-0.0172801137068,0.00791842040176,-0.380389268499
0.207483578264,-0.933376345737,0.785660417618,0.923606375796,-0.0189184202329,0.0073558090051,-0.382804451435
0.20731473386,-0.934078985368,0.785113751467,0.923466989485,-0.0188707433249,0.00746095348452,-0.383140899085
0.209204171552,-0.930662816083,0.790801156381,0.924398567005,-0.017314319449,0.0075681882565,-0.38095961228
0.20941779421,-0.928269831309,0.797803788495,0.925346470834,-0.0158544601875,0.00848963411975,-0.378695750067
0.208494424285,-0.928320489632,0.797067254327,0.925241421103,-0.0159576462594,0.00881738276189,-0.378940522988
0.207899550121,-0.928423662222,0.798142903076,0.92534890035,-0.016053068195,0.00909919649855,-0.378667289643
0.20802682627,-0.928089918917,0.797875446996,0.925346664847,-0.0160046699198,0.00903986832031,-0.378676222092
0.208583908954,-0.927370735859,0.797154346382,0.925375575685,-0.0164010016493,0.00850395665217,-0.378601021911
0.208367707123,-0.930359848862,0.789985761143,0.924354580807,-0.017909237513,0.00757755376546,-0.381038644801
0.208801637694,-0.930161460268,0.790721305275,0.92446259205,-0.0177949455433,0.00746999846296,-0.380784000368
0.209583855176,-0.93026272444,0.792413078694,0.924630269667,-0.0172678652095,0.00749092427543,-0.380400540615
0.208095173999,-0.930729315198,0.792671667655,0.924581809696,-0.0172419537375,0.00820682762421,-0.380504717699
0.206401220127,-0.933973938203,0.785369739064,0.923489045789,-0.0188918871673,0.00787580491376,-0.383078387023
0.204667070377,-0.937187699064,0.777265221429,0.92230520522,-0.0207930580414,0.00737732001883,-0.385832000111
0.206530278747,-0.933914415551,0.783748162539,0.923322258865,-0.0191548658302,0.00760311850697,-0.383472671762
0.207617792279,-0.930419720171,0.789896539975,0.924314706334,-0.0178151994869,0.00798111467089,-0.381131531272
0.208100744638,-0.928189798962,0.796590146076,0.925192101519,-0.0160448052932,0.00893793908232,-0.379054419252
0.208883564269,-0.92791645271,0.797458679492,0.925328046603,-0.0159052119151,0.00868849858465,-0.378734128902
0.207776461809,-0.931795832217,0.790707243666,0.924247194717,-0.0173796388653,0.00824225812893,-0.381309764354
0.208065513401,-0.931321065816,0.791604995683,0.924400468082,-0.0172540802095,0.00819952113898,-0.380944666821
0.207709408976,-0.931376462044,0.791249918831,0.924358784365,-0.0174619272566,0.00824119408238,-0.381035433503
0.2086785554,-0.927621570445,0.798236181542,0.925449627378,-0.0159552373671,0.00877252227081,-0.378432900843
0.208302897416,-0.927556547619,0.797737023329,0.925405465826,-0.0161644521906,0.00880345596154,-0.378531284662
0.206841003267,-0.931126448306,0.790916953486,0.92434321606,-0.0176229630673,0.00849566152146,-0.381060197123
0.206633603849,-0.934469936208,0.784260329175,0.923332329569,-0.0190610749167,0.00764018158212,-0.383452359781
0.205951697363,-0.937889873847,0.776561577253,0.922171488927,-0.0205808393287,0.00689387748543,-0.386171786277
0.205519229599,-0.937357395803,0.776870850583,0.922232217047,-0.0203171965848,0.00722516993017,-0.386034643891
0.205249335495,-0.933948011533,0.783290419395,0.923225103927,-0.0189285363211,0.00827837045952,-0.383703774512
0.206704674664,-0.930540023907,0.791432679285,0.924420134768,-0.0171758614382,0.00880661935256,-0.380886922426
0.207369076408,-0.930823623412,0.79133900863,0.924411594719,-0.0174346431212,0.00838015739327,-0.380905512865
0.209469890643,-0.930212027608,0.792854237222,0.924676879037,-0.0172192002294,0.00758631609394,-0.380287544268
0.208201373168,-0.931521855872,0.789257962913,0.924169640058,-0.0181441833229,0.00754581737066,-0.381476507333
0.208940601945,-0.928542024332,0.796434571427,0.925195444228,-0.0165251211273,0.00831259810108,-0.379039854189
0.206531223104,-0.93135060346,0.791189709679,0.924346520442,-0.0177059519016,0.00864287373672,-0.381045023779
0.205853223404,-0.933714418551,0.787091147513,0.923689068954,-0.018694853273,0.00832720425087,-0.382595954011
0.205788443647,-0.936099654938,0.78063092868,0.922801515283,-0.0202841683696,0.0072669176629,-0.38467272819
0.207669480894,-0.933923156429,0.785353628106,0.923530706425,-0.0190861566869,0.00720015777241,-0.38298160614
0.208682139808,-0.933136960387,0.78582738936,0.92366788578,-0.0188625525694,0.00685444045194,-0.382668077496
0.208567972205,-0.930578990625,0.791843255028,0.924517626323,-0.017409517642,0.00788224195381,-0.380659871244
0.208161152878,-0.930841590022,0.791651903502,0.924454620208,-0.0173134226106,0.00811658542869,-0.380812318097
0.208908158333,-0.927817855705,0.799135908453,0.925514238165,-0.0156155330503,0.00890446723129,-0.378285950764
0.209791814278,-0.92768333826,0.799469352029,0.925564212209,-0.0153438418234,0.00865287967899,-0.378180622545
0.209574144406,-0.927968693106,0.799169383224,0.925509898942,-0.0155323866291,0.00864648099447,-0.378305974434
0.209143850585,-0.930886229516,0.791987919764,0.924500212144,-0.0171703017884,0.00774622961898,-0.380715818437
0.208886664913,-0.930703739543,0.791838383106,0.924502736811,-0.0172884355776,0.00778288091917,-0.380703593875
0.209575014085,-0.930118192658,0.792012807126,0.924585844472,-0.0171640872181,0.00752649341283,-0.380512499413
0.20991425839,-0.927249151333,0.79870383438,0.925549196786,-0.0157840459052,0.00832496685741,-0.378206614365
0.209970779322,-0.927063164024,0.798690214495,0.92556413227,-0.0157161648741,0.00832631403829,-0.378172859566
0.209054450031,-0.92726914608,0.79781565766,0.925438895043,-0.015927847832,0.00858262487301,-0.378464653244
0.209455660967,-0.927323424398,0.797774750156,0.925423313714,-0.0157128087255,0.00849628235373,-0.378513687022
0.209691972484,-0.927191390413,0.798271943947,0.925504308307,-0.0157977489412,0.00837222405388,-0.378314832247
0.209393977071,-0.931036454385,0.791145686922,0.924408018759,-0.0173232765059,0.00751945576721,-0.380937234634
0.208244040361,-0.930447834563,0.791559343383,0.924506917378,-0.0175576710457,0.00792199654823,-0.380678249809
0.207706882457,-0.930814026059,0.790962458862,0.924402287101,-0.0177218530966,0.00805482488569,-0.380921865113
0.209247649798,-0.926773294382,0.798225329053,0.925540995561,-0.0158883655188,0.00850060869176,-0.378218409161
0.209359504949,-0.92707650557,0.798684027071,0.925553055164,-0.0156865419669,0.00858784274361,-0.378195350891
0.210224265396,-0.926397442701,0.798917193452,0.925666938465,-0.0157750204655,0.00813275621428,-0.377922910179
0.207332609987,-0.929934954401,0.791508535339,0.924557651848,-0.0179500445786,0.00809141094845,-0.380533143599
0.207221057724,-0.932411265183,0.785111006692,0.92367119276,-0.0195175855782,0.00709656786639,-0.382622830268
0.207351064879,-0.933362566509,0.784480529655,0.923482774787,-0.0191125937904,0.00725552945202,-0.383094806442
0.209524886116,-0.930041624781,0.791717221571,0.924567159753,-0.0172183727881,0.00748889485683,-0.38055618665
0.210480285297,-0.927724106425,0.797056226725,0.925322220111,-0.0157134983821,0.0080083717741,-0.378771357048
0.209429945099,-0.929793698471,0.792967582474,0.924703762309,-0.0168346589089,0.00778415166884,-0.380235391849
0.209690825216,-0.929652029919,0.794151432213,0.924853532176,-0.0166849567271,0.00778857251155,-0.379877472851
0.210664594392,-0.928930481069,0.795056036597,0.925034267999,-0.0164295970016,0.00749889178409,-0.379454131604
0.209488870599,-0.930236849081,0.791618083656,0.92453459492,-0.0171961087056,0.00751483579543,-0.380635789023
0.210547092942,-0.930405194257,0.79171194833,0.924528621375,-0.0168994705366,0.0072015541349,-0.380669638627
0.209456161705,-0.931249271354,0.790730672816,0.924318067994,-0.0170891151348,0.00759334457307,-0.381164547724
0.211446636828,-0.927523103352,0.79901696468,0.925567132806,-0.0154482842683,0.0078232035054,-0.378187295753
0.209283113392,-0.927747083331,0.797467752064,0.925369643883,-0.0161460053867,0.00838375312961,-0.378629160755
0.20839428893,-0.928639510321,0.794564138303,0.925004499619,-0.0171957848084,0.00811608035192,-0.379480052057
0.208025348561,-0.928680269406,0.793856740429,0.924909194498,-0.0171552243803,0.00825246559306,-0.379711175791
0.207937253238,-0.92901027651,0.793708646393,0.924845266038,-0.0169644701751,0.00838953480169,-0.379872421142
0.207285981148,-0.930068360572,0.792858112074,0.924616328681,-0.0167866904969,0.0087742763782,-0.380428526577
0.206920420094,-0.930375248162,0.791980961846,0.92448670125,-0.0168876633951,0.00884663958871,-0.380737288698
0.207261903327,-0.930219298555,0.793296400532,0.924653505912,-0.016785669147,0.00881859906889,-0.380337176235
0.208055508541,-0.928176750844,0.796777406426,0.92523267476,-0.0162316645616,0.00886054282479,-0.378949233279
0.208246251291,-0.927778851813,0.798644761702,0.925476724796,-0.0160767111898,0.00894980123712,-0.378357334112
0.209232341238,-0.927380085727,0.798613875517,0.9255225838,-0.0158878918669,0.00857706121551,-0.378261755652
0.209884471666,-0.926957162223,0.799482723103,0.92565509853,-0.0156021618744,0.00844736196253,-0.37795218373
0.207273013632,-0.930998955731,0.7914165199,0.924404056893,-0.0174573877658,0.00842837789573,-0.380921700167
0.207475731056,-0.930884318739,0.791727611366,0.924455770593,-0.0174822620211,0.00833291154306,-0.380797139324
0.207735375878,-0.930767335565,0.791593153889,0.92445984195,-0.0174689171681,0.00820763725529,-0.380790588442
0.210189619984,-0.930350310295,0.791176490761,0.924484249011,-0.017197438066,0.00718436032684,-0.380764371259
0.209386414984,-0.933594785703,0.783515613543,0.923371666166,-0.0188982505318,0.00639627438188,-0.383388458253
0.209333237323,-0.933648311447,0.783601253401,0.923377051519,-0.0189394977548,0.00640341769562,-0.383373332921
0.210751436926,-0.930122032362,0.791806117842,0.924591807366,-0.017227135019,0.00694226414106,-0.380506268725
0.210469607835,-0.92708076023,0.798615160517,0.925559259508,-0.015664237012,0.00810763607854,-0.378191690885
0.209877880358,-0.92791644526,0.797863253024,0.925373054497,-0.0155829932656,0.00841494448995,-0.378643723098
0.207481283058,-0.931579960026,0.790497890092,0.924236889838,-0.0173404163597,0.00836310943017,-0.381333895456
0.208121164033,-0.93139166357,0.791535969782,0.924392202187,-0.0174265249415,0.00807981047998,-0.380959432785
0.207849301818,-0.934387615077,0.784802321232,0.923423650739,-0.0191480822108,0.00708600441806,-0.383238699435
0.208462456233,-0.932723540252,0.788211948305,0.923945176683,-0.018316752995,0.00734832314226,-0.382015456745
0.207869958229,-0.932988350393,0.787447612242,0.923809503514,-0.0181601531727,0.00765715047267,-0.382344841864
0.209115493216,-0.929103488025,0.79565427798,0.925043478333,-0.0163323434183,0.00829859356978,-0.379419228687
0.209599179994,-0.926980573956,0.799461587725,0.925651320591,-0.0156708580172,0.00852174014293,-0.377956924586
0.209816968038,-0.926905835354,0.798991945424,0.925617540474,-0.0157659958567,0.0083546859781,-0.378039417738
0.208188759797,-0.930594597834,0.789921129034,0.924303486514,-0.0176061256215,0.00782235091052,-0.381171746049
0.208822256608,-0.930870138408,0.789709231888,0.924245437444,-0.0173988029069,0.00766478680458,-0.381325194636
0.208915053182,-0.930809660482,0.789832710315,0.924260809194,-0.017350214842,0.00765393198398,-0.381290366989
0.209621541113,-0.927462469393,0.797498730346,0.925376178958,-0.0157249431967,0.00842234160331,-0.378630053932
0.209147082108,-0.926888319612,0.798059067772,0.925505932317,-0.0159312212098,0.00852597826021,-0.378301828084
0.20927778058,-0.929689287146,0.791739540964,0.924601822997,-0.0172862596326,0.00754624169239,-0.380467749454
0.208119245575,-0.930375880614,0.790594805215,0.924399227312,-0.0176354743899,0.0078675628785,-0.38093721273
0.208328473037,-0.930838721261,0.790567662331,0.924345890438,-0.0175241235101,0.00784744264787,-0.381072168453
0.207949242289,-0.927815334811,0.797534486598,0.925357602184,-0.0163500042555,0.00888014522385,-0.378638519516
0.209385350313,-0.926796787227,0.799423030222,0.925678624732,-0.0159406911208,0.00848906049162,-0.377879496576
0.209185203511,-0.92664651758,0.798916829608,0.925641061676,-0.0160699296663,0.00849535578091,-0.37796588633
0.210213499221,-0.926671713929,0.799443962706,0.925702541762,-0.0158246516523,0.00816492902624,-0.377832924067
0.210603458442,-0.926444582912,0.799020459411,0.925693255761,-0.0159781033819,0.00788587767437,-0.377855143387
0.209998436476,-0.926614706354,0.798952247272,0.925660096399,-0.0160457390981,0.00811471062516,-0.377928659489
0.209208002488,-0.926925347297,0.798109312561,0.925517879988,-0.0160265249591,0.00845437068267,-0.378270178493
0.207516497903,-0.931276653525,0.79153694051,0.924395194786,-0.0174095499638,0.00835705264206,-0.380946966252
0.206885351636,-0.934790334525,0.784864824151,0.923352028949,-0.0187592688503,0.0077388926313,-0.383417826931
0.206060777068,-0.93461717214,0.784486042301,0.92331929759,-0.0189893669529,0.00798372909757,-0.383480297683
0.206546470923,-0.930804444766,0.791438760026,0.924414349712,-0.0175116848823,0.00872536703384,-0.380887541026
0.207881445308,-0.927231001136,0.798197747293,0.925459593748,-0.0158910304398,0.0091473750591,-0.378402353349
0.209198986915,-0.926618966824,0.799108147828,0.925649768798,-0.0158924853609,0.00856944152025,-0.377950392386
0.208738074722,-0.930182572836,0.791689155472,0.924537752876,-0.0173319703137,0.00780890488324,-0.380616036599
0.208524953168,-0.93026270093,0.791442699863,0.924496195896,-0.017284239154,0.00792422586102,-0.380716752317
0.208092707339,-0.930642260835,0.791394561477,0.924433290995,-0.0170657202583,0.00822849676057,-0.380872870565
0.209594447567,-0.927088406621,0.798387274568,0.925507356551,-0.015469536589,0.00856990491613,-0.37831651185
0.210463413026,-0.926948659442,0.799311211528,0.925639152338,-0.0154356157743,0.00824909242089,-0.37800245224
0.209573958658,-0.9307169731,0.790585474091,0.924369631652,-0.0171857956006,0.00745704877971,-0.381037826118
0.209857594312,-0.930694636603,0.791439537763,0.92447958252,-0.0172455036724,0.00735977163537,-0.38077017723
0.20791518007,-0.93406079425,0.78396608877,0.923353784139,-0.018957052522,0.00709729856668,-0.383416285293
0.208069192022,-0.933896261443,0.784994380704,0.923481460482,-0.0188428291253,0.00713491284109,-0.383113603198
0.208323562465,-0.933456493768,0.785013657819,0.923535125592,-0.0189018026534,0.00697406845254,-0.38298427647
0.21018681333,-0.929871699939,0.792099663533,0.924644144492,-0.0173252408906,0.00716751608685,-0.380370436284
0.21111163033,-0.926483498561,0.798669227493,0.925650166933,-0.0158708717409,0.00770698056483,-0.377968895993
0.210978956566,-0.927376532642,0.798052696875,0.925477033209,-0.01567689976,0.00786424995891,-0.378397475401
0.210274531288,-0.927643325661,0.798333272498,0.925468364092,-0.0156787806658,0.0082024430085,-0.378411420057
0.210501041091,-0.927363829515,0.799431636654,0.925623823528,-0.0156436062549,0.00816111906797,-0.378033346461
0.209994286367,-0.926856682133,0.798895978775,0.925612621635,-0.015813306585,0.0082405248123,-0.37805199081
0.208843725129,-0.927169175484,0.797792152392,0.92544031335,-0.0159344520048,0.00865079765333,-0.378459354972
0.208074201656,-0.927011005812,0.797224931876,0.925391228487,-0.0161454255545,0.00883960033921,-0.378566058883
0.208003588655,-0.927460903796,0.798035477756,0.925433085122,-0.016026765675,0.00899757191946,-0.378465046528
0.208800394169,-0.927065449099,0.798569610774,0.925556706911,-0.0161383898595,0.00858821053802,-0.378167393232
0.209158133523,-0.927664287176,0.797777087671,0.925401938967,-0.0159646399053,0.00850878966823,-0.378555124291
0.209134560861,-0.927745096499,0.797592170353,0.925371604529,-0.0159963426667,0.00851335001344,-0.378627829702
0.208347932114,-0.931510880746,0.79034383565,0.924259974241,-0.0175511230245,0.00785833036139,-0.381279037898
0.209317129027,-0.930547107619,0.79163101948,0.924517015176,-0.0174428328112,0.00750488521524,-0.380667457147
0.209651165503,-0.930221746549,0.791813893212,0.924572987741,-0.0173553285464,0.0073843689138,-0.380537848323
0.210433956217,-0.926980922762,0.799280061315,0.925641800308,-0.0156285366159,0.00817255924945,-0.377989703089
0.208568729295,-0.930984366719,0.792628480962,0.924551347309,-0.0170993808299,0.00808376733097,-0.380587795482
0.207154356478,-0.93469145636,0.784516615813,0.923342432723,-0.0190153543784,0.00746937352499,-0.383433666609
0.208457817411,-0.933958933059,0.784150825938,0.923400700026,-0.0190086756516,0.00682894550485,-0.383305599939
0.209451438903,-0.930950415568,0.790117514843,0.924301777858,-0.0174127471718,0.00738730213675,-0.381193451479
0.210753494739,-0.927095911545,0.797860410255,0.92547214857,-0.0155833069433,0.00796313530548,-0.378411219763
0.209531759658,-0.927449129903,0.798056278957,0.925432501069,-0.0155590492116,0.00855297194113,-0.378496299353
0.209280732963,-0.927139400275,0.798033099122,0.925478648221,-0.015865751531,0.0084911688096,-0.37837210477
0.209132652351,-0.927397766537,0.797729662868,0.925424723797,-0.0160377139501,0.0084873263852,-0.378496813208
0.20797120718,-0.928916177963,0.794630103933,0.924950357575,-0.0168410416105,0.00850510863002,-0.379619386315
0.207495488223,-0.932082868371,0.789122837367,0.924074709507,-0.018019132463,0.00796561222211,-0.381703800266
0.206939815263,-0.933702449105,0.784816050823,0.923453428919,-0.0187518781506,0.00766312508071,-0.383175427445
0.208367153023,-0.932070023236,0.787856790169,0.923948165161,-0.0179695686052,0.00751513673026,-0.38202147246
0.209059756303,-0.929302073012,0.794505116882,0.924897758909,-0.0164512693973,0.00822239210089,-0.379770830329
0.210364572333,-0.927185535851,0.79974422728,0.92567201545,-0.0155654397899,0.00827625192929,-0.377916049607
0.21011218588,-0.927560202537,0.799263449987,0.925559118784,-0.0153500420528,0.00848609881815,-0.378196615494
0.2104439671,-0.927541463953,0.798385910856,0.925474408424,-0.0154591967375,0.00823240322811,-0.378405021275
0.209485381158,-0.927986063757,0.797248977948,0.925284023468,-0.0155261777285,0.00858924350684,-0.378859655568
0.207376568314,-0.93152754164,0.789941708933,0.92418706038,-0.0175387494554,0.00828291673233,-0.381447326617
0.207484896315,-0.930786123911,0.790752163815,0.924356411083,-0.0175396505989,0.00823276269629,-0.381037803328
0.206595934569,-0.933910173542,0.784450933661,0.923401817418,-0.0190578234521,0.00764876281996,-0.383284984551
0.207954900762,-0.933619455447,0.784744192154,0.923485054328,-0.0189053222907,0.00710584081039,-0.383102401778
0.206110905456,-0.937389634377,0.777207824739,0.922301396229,-0.0206048769886,0.00682990469776,-0.385861278129
0.207337997247,-0.93433791288,0.783860366242,0.923312241143,-0.0191142818572,0.00727865415241,-0.383505111803
0.206875560599,-0.934352888323,0.783160206146,0.92323384523,-0.0193235930312,0.00734545963641,-0.38368204284
0.207504844462,-0.93420919456,0.78404526061,0.923332128337,-0.018888013431,0.00732443162092,-0.383467568942
0.207092541505,-0.933628531272,0.784241191064,0.923416923744,-0.019107525612,0.00739012473801,-0.383251188472
0.207192095002,-0.933608433538,0.78515910688,0.923499146669,-0.0187185032989,0.00759681845587,-0.383068182032
0.208409317694,-0.930280045421,0.791494755737,0.924501587904,-0.0174314705167,0.00790942408343,-0.380697253483
0.20821104774,-0.930774097968,0.790860237523,0.924371418003,-0.0173749389978,0.00801165804172,-0.38101365646
0.210505908276,-0.927012858289,0.798460010836,0.925554053491,-0.0157885907693,0.00803044576307,-0.378200907467
0.2103233324,-0.926926572751,0.798657973088,0.925580035609,-0.0157642550601,0.00812219760576,-0.378136372027
0.209418139632,-0.927617200145,0.798159792159,0.925421112914,-0.015657055231,0.00859675297658,-0.378519109469
0.205428046522,-0.932215377431,0.79216469547,0.924170661513,-0.0158344404446,0.0101881147948,-0.381515479648
0.204443813245,-0.93346665313,0.790522612005,0.923826871521,-0.0158533593968,0.0105902890475,-0.38233549172
0.200060877844,-0.939894163393,0.785492688001,0.922405466132,-0.0143403844472,0.0134028113571,-0.385723831349
0.1969862012,-0.942485799432,0.786152437474,0.922032485724,-0.0123279972502,0.0160282496124,-0.38658402834
0.190839963235,-0.948567611243,0.781615806599,0.920635434152,-0.0107725636519,0.0197195458512,-0.389776203439
0.195379428477,-0.942563150008,0.786130928431,0.921969561562,-0.0121697678769,0.0168623551728,-0.38670361426
0.200068308781,-0.936245417532,0.789883085981,0.923291617496,-0.0141420827264,0.0135890091714,-0.383598656656
0.199076004991,-0.937191431794,0.787856096363,0.922961375502,-0.0145074492107,0.0137793297432,-0.384372167725
0.194162079067,-0.943236630174,0.783702203306,0.921645149805,-0.0128993846679,0.0169288985679,-0.387449656225
0.188386446394,-0.950293264427,0.777813322236,0.91999381757,-0.0114517582283,0.0203693988294,-0.391235632909
0.194750606838,-0.944791819685,0.782901811316,0.921364767461,-0.0125003350877,0.0169070234801,-0.388129951771
0.194382793726,-0.944214647877,0.783403005375,0.921475414801,-0.0125169485041,0.0170515160777,-0.38786032501
0.194106537589,-0.943727070739,0.784187761303,0.921613005328,-0.0125255471751,0.0171807133787,-0.387527292156
0.194005831164,-0.941635056977,0.786029756311,0.922073934047,-0.012804305861,0.0170931573095,-0.38642403377
0.198114334477,-0.935279016237,0.789815220158,0.92336191016,-0.0144455641849,0.0142709540837,-0.383393333811
0.202976034147,-0.92904234669,0.794742780724,0.924762234099,-0.0158964862526,0.0113028296198,-0.380045205405
0.201892687679,-0.929653146625,0.794081543504,0.924607267054,-0.0159684914958,0.0117386134797,-0.380405854245
0.200749124198,-0.930235394732,0.794102693625,0.92455568896,-0.0162678182175,0.0121372814122,-0.380506008498
0.199929496136,-0.931484608912,0.791586483119,0.924162797523,-0.0168881355191,0.0120986171205,-0.381433530275
0.199569242811,-0.931477628047,0.79092393258,0.924065148285,-0.016793231423,0.0122727658094,-0.381668663007
0.200946849383,-0.932325297696,0.78982017672,0.923829598007,-0.0162928715746,0.0118929542637,-0.382272120119
0.201023402719,-0.931598141114,0.790677509379,0.923963297509,-0.0157334158637,0.0121557939137,-0.381964031234
0.196709889528,-0.937029127333,0.786358996616,0.922744548816,-0.0144552531103,0.0148169317404,-0.384855819525
0.194764001045,-0.937051210872,0.785719662438,0.922657211802,-0.0148547810003,0.0154467723769,-0.385025196857
0.19406018183,-0.937340581051,0.785140675442,0.922544732423,-0.0149407047404,0.0157143584628,-0.385280483491
0.197733727133,-0.932346015986,0.789752892866,0.923749105373,-0.0162446505614,0.0133642829207,-0.382420053857
0.198742621566,-0.931342675791,0.791758131938,0.924097350213,-0.016027453714,0.0130687652635,-0.381597190019
0.199377244106,-0.931439180872,0.791475004475,0.924069263699,-0.0160108993457,0.012786373813,-0.381675458517
0.195294380987,-0.937340956864,0.786839713496,0.922728315472,-0.0142960115659,0.0155789376302,-0.384870597191
0.190090447688,-0.944292085683,0.780586647768,0.921061331843,-0.0127729867538,0.0187701098926,-0.388755137288
0.184928421276,-0.95030246014,0.775062936076,0.919585945974,-0.0115710414343,0.0217888427437,-0.392113561737
0.185089794943,-0.951780777707,0.772985755468,0.919200421479,-0.0118829902998,0.0215270085445,-0.39302158668
0.189049401983,-0.94892395519,0.771563977374,0.919579742167,-0.0144889444828,0.0181448583852,-0.392216690615
0.192434879014,-0.946981287764,0.770432012935,0.919850403484,-0.0167404900409,0.0152595550189,-0.391614781621
0.19525017322,-0.942682881978,0.771066550302,0.92053931152,-0.0187019861806,0.0127567341602,-0.389993432499
0.189504403471,-0.949038695385,0.765170053759,0.918988504975,-0.0177543505679,0.0159070405851,-0.393563053169
0.184063240319,-0.954556615343,0.759998740832,0.917595066073,-0.0167758246335,0.0189440032554,-0.396710210566
0.179305906784,-0.961192053039,0.753073790256,0.915918141113,-0.016507926794,0.0212870699807,-0.400460120092
0.180821655544,-0.960429732153,0.753605529079,0.916098201726,-0.0166409724513,0.0205079574185,-0.400083224483
0.182142502564,-0.96015700323,0.753178482029,0.916103654221,-0.0167817726699,0.019796358819,-0.400100701083
0.18154280852,-0.960316066475,0.751483604964,0.915857543165,-0.0167945613881,0.0200094508527,-0.400652624117
0.179756852428,-0.961362419987,0.749614177203,0.915481502669,-0.0170306642178,0.0206830230359,-0.401467043859
0.18038687055,-0.961104677428,0.750176623759,0.915594877243,-0.0169912015619,0.0204279016084,-0.401223155703
0.182092620482,-0.960954873273,0.752278895822,0.915888724582,-0.0165903685711,0.0199252710968,-0.400594043174
0.183113382293,-0.960418934804,0.754031399488,0.916163818512,-0.0162801727071,0.0196614402433,-0.399990301625
0.182446279583,-0.960857801023,0.7536658994,0.916044691813,-0.0162881755898,0.0199751012962,-0.400247190202
0.18060312935,-0.960232893529,0.753725215983,0.916055707998,-0.0162766192496,0.0208217275991,-0.40017929378
0.181227874367,-0.960125206344,0.753195935875,0.916007639633,-0.016265984568,0.0205117059437,-0.400305747896
0.181524963504,-0.959809367332,0.753427978989,0.916076770929,-0.0163352255699,0.0203285265743,-0.400154046809
0.182863029985,-0.960487600579,0.752439876461,0.915958037736,-0.0169412051377,0.0193656220538,-0.400448300479
0.181544824324,-0.95936552803,0.755369046335,0.916366503017,-0.0165183083111,0.0202926887105,-0.399484398223
0.181695649437,-0.959540308145,0.75568962987,0.916383669823,-0.0163029738427,0.0203541119675,-0.399450738955
0.181724876612,-0.958913821647,0.75662422182,0.91653350797,-0.0158018787316,0.0206131596593,-0.399113676847
0.182072073344,-0.960023182452,0.752893625865,0.916037390758,-0.0167499407915,0.0198265853426,-0.40025222639
0.180845095475,-0.95995691395,0.752367485049,0.915959148672,-0.0169301796137,0.0202842386154,-0.400400745062
0.180272385155,-0.961116211831,0.750379228711,0.915597883983,-0.0171800737991,0.0203884301187,-0.401210258876
0.179754126639,-0.961688036536,0.750210821253,0.915490417481,-0.0168884146197,0.0208052975217,-0.401446405573
0.179592443638,-0.961761154235,0.749887669154,0.915458539541,-0.0171139087488,0.0207408608302,-0.401512880491
0.178336984902,-0.961521173952,0.749416200115,0.915408261779,-0.0172764977738,0.021207219594,-0.401596178677
0.179650933906,-0.961403238668,0.749998619255,0.915526245305,-0.0172111357949,0.0206521401997,-0.40135889185
0.180742463963,-0.960887306187,0.750851243406,0.915721167748,-0.0172416305056,0.0201464522199,-0.400938386262
0.181157079669,-0.960874660354,0.751266128493,0.915786868023,-0.0172723568547,0.0199595653976,-0.400796324578
0.180297959171,-0.9608257826,0.751177337214,0.915761499372,-0.0172552686574,0.0203589818071,-0.400834933397
0.179639667548,-0.961230831863,0.750883404989,0.915654278739,-0.0170361816252,0.0207792221283,-0.401067618079
0.179948180496,-0.960550556349,0.752685784133,0.915944156722,-0.0167148860757,0.0208443541084,-0.400415318454
0.179578983461,-0.959963717858,0.753586412509,0.916115582355,-0.0167356393229,0.0210128160614,-0.40001327441
0.180370628987,-0.959805466353,0.753953799857,0.916193767713,-0.0166884648169,0.0206868196238,-0.399853136338
0.18088423365,-0.960102792428,0.753156110131,0.916086527161,-0.0168855741929,0.0203254329252,-0.400109021286
0.180796941233,-0.960403432982,0.751990960735,0.915915028772,-0.017105840274,0.0202208441234,-0.400497400442
0.180113000079,-0.960910313686,0.751058146586,0.91575214809,-0.0174985094678,0.0203100679141,-0.400848233844
0.180743773484,-0.960942411414,0.750754070622,0.915737684231,-0.0176969618231,0.0199066908932,-0.40089279724
0.181246947331,-0.96131135616,0.750466689314,0.915675309487,-0.0176854167378,0.0196891913032,-0.401046492786
0.180519327444,-0.961623838873,0.749558185398,0.915498625708,-0.0175311953007,0.0200838908285,-0.401436870313
0.179498731475,-0.961732509642,0.749379878041,0.915427270541,-0.0173781414415,0.0206361210081,-0.40157821537
0.179810212689,-0.962303734577,0.749299863452,0.915355611723,-0.0171729161253,0.020613546444,-0.401751511187
0.180118760933,-0.961803899067,0.750518409284,0.915555367268,-0.0169957660129,0.0205895391852,-0.401304852053
0.179265334879,-0.961685971435,0.750206586785,0.91551564,-0.0171295329441,0.020891434289,-0.40137418949
0.177931739869,-0.960985943881,0.750839241573,0.915634018973,-0.0172048681843,0.0214635921392,-0.401070629718
0.178448775162,-0.961062394827,0.751114338547,0.915669365597,-0.0171097695697,0.021288288769,-0.401003338457
0.179850755776,-0.961475956293,0.751391577992,0.915667660539,-0.0166910209008,0.0208925448916,-0.401045691702
0.1802989544,-0.961350265559,0.751836946601,0.915744916251,-0.0166424543126,0.0207263266712,-0.400879902785
0.179679616016,-0.961312208397,0.751696122898,0.915714713956,-0.0166845176633,0.0209860888374,-0.400933627412
0.179697767038,-0.960771726408,0.752010944488,0.915819953746,-0.0168882011639,0.0208569062285,-0.400691390529
0.179758364807,-0.961172069348,0.751677552729,0.915728782319,-0.0167753800404,0.0208973499075,-0.400902338013
0.180761864427,-0.960909414073,0.751682488333,0.915787040592,-0.0168559532759,0.0203856502072,-0.400792213483
0.179980009717,-0.961440549516,0.751584091916,0.915688017903,-0.0166719161781,0.0208740768654,-0.401000965079
0.180077415782,-0.961361805151,0.750423577269,0.915576341052,-0.0170643526919,0.0205722996794,-0.401254971382
0.179081807778,-0.961330966136,0.75013095094,0.915492530826,-0.0167808137646,0.0211667120315,-0.4014272046
0.179406344915,-0.961143535752,0.75056509379,0.91558179191,-0.0168957234087,0.0209687642692,-0.401229146222
0.180393033683,-0.96114872417,0.751209758661,0.915665787735,-0.0166221434395,0.0206839682936,-0.401063639556
0.180583917576,-0.961090575701,0.751826237101,0.915769712956,-0.0168323840993,0.0205056815181,-0.400826671647
0.180383376644,-0.961134535552,0.750674018095,0.91562706989,-0.0169657448514,0.0204699428141,-0.401148618129
0.179206274854,-0.960641641658,0.751089139743,0.915693154388,-0.0168633273102,0.021062468554,-0.400971380047
0.178966073305,-0.961152169041,0.750145256662,0.915515280639,-0.016820676759,0.0211753577446,-0.401373192893
0.179248249732,-0.961269932257,0.751057103549,0.915606162545,-0.0165293227402,0.021248323754,-0.401174083581
0.178731843638,-0.961644545163,0.750030615833,0.915455477107,-0.0168499737698,0.0212841158136,-0.401502595548
0.178392288883,-0.961674608765,0.750107574602,0.915461365455,-0.0169520821946,0.0213978639315,-0.401478824707
0.17766000122,-0.961017014816,0.750290093614,0.91554064485,-0.0171388816059,0.0216098550687,-0.401278706797
0.178674330105,-0.960733193817,0.751057576617,0.915684284878,-0.0170327608094,0.0212169776032,-0.400976327666
0.179929308258,-0.959865439291,0.751603298586,0.915886298655,-0.0171612514962,0.0205481499818,-0.400544071128
0.186044405069,-0.954720895234,0.756217845423,0.91723381393,-0.0186761696318,0.0168861308983,-0.397552751034
0.187161471555,-0.954040026228,0.758616721042,0.9175940637,-0.0180471927225,0.0167710839801,-0.396754538523
0.187500236025,-0.954383974544,0.75932834807,0.917634585276,-0.0176544567055,0.0168681961793,-0.396674365218
0.181743923241,-0.959109536209,0.754729749541,0.916356554996,-0.0161209811839,0.0203518618536,-0.399520437275
0.180155313844,-0.959761743686,0.752716031709,0.916038044036,-0.0167378314392,0.0207055071719,-0.40020673264
0.180435541885,-0.959494258391,0.753515024602,0.91615128295,-0.0165518889898,0.0206947205058,-0.39995573538
0.181021902104,-0.960491909991,0.752864833338,0.915985785304,-0.0167626210656,0.0203267906079,-0.400344698029
0.181281569494,-0.960211334122,0.752241177464,0.91593888894,-0.0168462239583,0.0201231431236,-0.400458756399
0.181031341526,-0.960104160353,0.75206263309,0.915940004872,-0.017194552191,0.0200445212869,-0.400445342109
0.180970591373,-0.959721027289,0.752571024712,0.916025163848,-0.0169680798574,0.0202001658135,-0.40025234136
0.180956995597,-0.960744041736,0.751838093721,0.915817526648,-0.016725555057,0.0203576139651,-0.400729436461
0.179657868931,-0.961819686886,0.74967446219,0.91541935007,-0.0168911453129,0.0208292458441,-0.401607078181
0.179424533015,-0.96211876955,0.748958149007,0.915324466821,-0.0172371545498,0.0207350339919,-0.401813463324
0.179785696731,-0.961905202328,0.749532049933,0.91543910351,-0.0174033897961,0.0204932771503,-0.401557462115
0.180805626636,-0.961112757223,0.750624526165,0.915676355002,-0.0171974684846,0.0201443017039,-0.401042724753
0.186075655874,-0.95406610907,0.758136336323,0.917554346464,-0.0187310385115,0.0168936378678,-0.396809493941
0.185799890707,-0.953735358853,0.758554264323,0.917631117728,-0.0186856002139,0.0170500155055,-0.396627378144
0.185003649755,-0.953781114828,0.758634428349,0.917627798924,-0.0188523221123,0.017332379253,-0.396614928138
0.180171155175,-0.96132398255,0.751410726171,0.915724188067,-0.0169874200049,0.0205879428776,-0.400919911651
0.179815554646,-0.961680426041,0.751050070213,0.915635384261,-0.0169971543709,0.0207467571988,-0.401114088382
