0.0382831297879,-1.052410164,1.31754403445
0.0367228524552,-1.05248279088,1.31648581116
0.0334631851462,-1.05273210183,1.31426315663
0.0367280751273,-1.05265912971,1.3160809657
0.0342340751019,-1.05258896727,1.31538354482
0.0355184553053,-1.05173446451,1.31932674768
0.0314123406992,-1.05147379288,1.3179279708
0.0352719510306,-1.05030970186,1.32183679467
0.0334821906313,-1.05050377241,1.32014830385
0.0338610058276,-1.05074712935,1.31999062425
0.0280669548217,-1.05192185883,1.31473946262
0.027742602136,-1.05169249433,1.3142419501
0.0285556012237,-1.05089792234,1.31470542871
0.0334092696574,-1.05016089086,1.31874094425
0.0336724639176,-1.05018264221,1.31885435134
0.0344946524822,-1.05159728803,1.31722285163
0.0353277202603,-1.05223498043,1.31603170871
0.041105178045,-1.0528112532,1.31723077087
0.04212700444,-1.0504828987,1.3221444023
0.0376501710096,-1.05056064399,1.32111733495
0.0343806449969,-1.05079988764,1.32001058243
0.0350922153576,-1.05283320544,1.31471584885
0.0383988023457,-1.05354737078,1.31531151674
0.0389128998485,-1.05321629597,1.31642030949
0.0388957469588,-1.05243341786,1.31840404886
0.0418718011504,-1.05158789517,1.31957581431
0.0439337429036,-1.05139563054,1.32138313902
0.0410785329166,-1.051633077,1.31989220792
0.0406312284856,-1.05172151998,1.31930495743
0.0395926534274,-1.052362683,1.31660688951
0.0420288357403,-1.05172967411,1.32028295561
0.0387045076744,-1.05246178734,1.31926895865
0.0358421671577,-1.05263736091,1.31928544847
0.0355315438932,-1.05366638467,1.31776924117
0.0343123378206,-1.05343428629,1.31577610927
0.0331299419821,-1.05244395291,1.31459484384
0.0332369034937,-1.05098210081,1.31725016979
0.0365777885808,-1.04919054117,1.32208593742
0.041256775668,-1.05014626055,1.32363589413
0.0400990675056,-1.05126863076,1.32062090656
0.0371111437604,-1.05300017909,1.31715785204
0.0344704465215,-1.05277167542,1.31626949495
0.03571799324,-1.05255979581,1.31672870022
0.0382878215369,-1.05222682976,1.31841024386
0.0394769439227,-1.05192548892,1.31998868452
0.0403789715137,-1.05171304852,1.32133015606
0.0373927086761,-1.05182165577,1.31958384535
0.0345250826183,-1.05234550242,1.31647744012
0.0321443265981,-1.05139613484,1.317209853
0.0353467584998,-1.05178433567,1.31914997593
0.0355795350797,-1.05092144836,1.32085388786
0.0364518608541,-1.05286733979,1.31752229944
0.0327997767496,-1.05147107126,1.3182795775
0.0343524929373,-1.05169193285,1.31979983152
0.0371026338,-1.05108716449,1.3222221445
0.039349034535,-1.05279044193,1.31942699051
0.0403812659301,-1.052216584,1.32057858736
0.0400532948612,-1.05325425896,1.31831387497
0.0410960537529,-1.05261553557,1.31964901728
0.0399279250014,-1.05249116016,1.31937632819
0.0400261247378,-1.05090612987,1.32151110383
0.0404077014878,-1.0513160156,1.32141141725
0.0421392650612,-1.05107176967,1.3216619194
0.0373840701916,-1.05141500177,1.31918848563
0.0318930037638,-1.05128374521,1.31623867009
0.0299673869967,-1.05203243437,1.31532426984
0.0295820979938,-1.05236307659,1.31529675022
0.0307307462962,-1.05292272446,1.31600842547
0.0304371379185,-1.05409765395,1.31241627637
0.0319577244345,-1.0541422208,1.31328057031
0.03378684407,-1.05326508679,1.31555518494
0.033147296099,-1.05139551849,1.31776676055
0.0309877817166,-1.05149383099,1.31717360986
0.0343516205785,-1.05165503314,1.31763522553
0.03820715327,-1.05340274632,1.31672955979
0.0418817899407,-1.05325636584,1.31720188598
0.0391723192018,-1.05285867561,1.31776611834
0.0407055251803,-1.05222597703,1.32175429984
0.0421575421436,-1.05180100638,1.32297297674
0.0394787439121,-1.05104650929,1.32077590661
0.0381720400336,-1.05023474878,1.32023898277
0.0358083227496,-1.05197187319,1.31786259109
0.0367966195649,-1.05301330225,1.31808111605
0.0330928833327,-1.05365063777,1.31511952216
0.0345148096139,-1.05287938808,1.31681215983
0.0342587204845,-1.05314263602,1.31508030915
0.0378821653167,-1.0536474462,1.31636445952
0.0380291359169,-1.0510502659,1.32003520223
0.0416696166628,-1.05067844156,1.32273682343
0.0376747803782,-1.05012239255,1.32080953797
0.0377113465888,-1.05237959075,1.3186388454
0.0354338431856,-1.05250324966,1.31683570275
0.0391007751408,-1.05211991599,1.32087866297
0.0390667730635,-1.05250242144,1.31928534555
0.0418192835551,-1.05224173391,1.32288563941
0.0429540062494,-1.05266513898,1.32212604863
0.0426823564508,-1.05243754493,1.32169427038
0.0433871632254,-1.05175769429,1.32346326213
0.0363750130457,-1.05162350426,1.32096001648
0.0342938495562,-1.05158252953,1.32105444593
0.0302544215289,-1.05270495639,1.31619436946
0.0335087196608,-1.05320799279,1.31686738247
0.0377479162856,-1.05385170669,1.31651775292
0.0372248130755,-1.05346094073,1.31762864669
0.0375033738757,-1.05312652146,1.31798844702
0.0345446502669,-1.05233718771,1.31896141307
0.0327302360157,-1.05297305604,1.3165935266
0.0327190766031,-1.05243460409,1.31694544856
0.0326688326695,-1.05317515463,1.31555224679
0.0376884496602,-1.0522813958,1.31952115302
0.0377714318266,-1.05243543485,1.3195128652
0.0392384621423,-1.05195998035,1.32057064026
0.03446363662,-1.05275590906,1.31533931785
0.0358365082142,-1.05375012323,1.3143178783
0.0367956166291,-1.05233087984,1.31728700047
0.0428229859631,-1.0518987712,1.32165211311
0.0437587888709,-1.05216361178,1.32034544079
0.0420870945135,-1.05213279999,1.31956579566
0.0377250620401,-1.0518623859,1.31773115969
0.0343791341824,-1.05211889154,1.31710719931
0.0341018361192,-1.05262664411,1.31659676336
0.0344152461642,-1.05324244957,1.31643388509
0.0355495413442,-1.05256118539,1.31939691727
0.0328213790334,-1.05253004945,1.3184529887
0.0332413707103,-1.05313752977,1.31861976728
0.0360640742247,-1.05181617071,1.32022138404
0.0391697013881,-1.05147924054,1.31967868851
0.0426159125648,-1.04913363302,1.3247828911
0.0425393050199,-1.05122357253,1.32241368811
0.0390120230095,-1.05132575228,1.32294817649
0.0363642911718,-1.05367626472,1.31874561558
0.0369258544316,-1.05247522245,1.3209600123
0.0363217378658,-1.05319641736,1.31935049914
0.0338890945385,-1.0520685997,1.3190461247
0.0348272845366,-1.05127692758,1.32019105325
0.0369069173382,-1.05177363942,1.32101221997
0.0419828544844,-1.05227518361,1.32080650024
0.0357241857867,-1.05306732377,1.31734354093
0.0373553091319,-1.05275705047,1.31659754171
0.0361246722611,-1.0523651002,1.31854316243
0.0386457137834,-1.05272294435,1.31731244254
0.0359264263494,-1.05267687606,1.31655406344
0.0333809209042,-1.05293310104,1.31472890077
0.0357183011626,-1.05225093436,1.31764418704
0.0370092802141,-1.05204562747,1.31873573372
0.0377974339558,-1.05085043855,1.32146259867
0.0359081771935,-1.05071603514,1.32090745363
0.0383173487781,-1.05056256201,1.32326917208
0.0367933338235,-1.05177092621,1.31969642635
0.035052530595,-1.05189715131,1.32023827316
0.0357662473497,-1.05170196519,1.31984379145
0.0376796049912,-1.05281117544,1.31912657099
0.0376861306089,-1.05196399947,1.31945747584
0.0342690109998,-1.05287220406,1.31628787906
0.0323135661736,-1.05048092946,1.31896588622
0.0344380324514,-1.05205538582,1.3175344367
0.035298218886,-1.05130121815,1.31971673276
0.0383672498756,-1.05316691581,1.31742695735
0.0369333175648,-1.05344417854,1.31664595984
0.035162585896,-1.05442928673,1.31249640774
0.0354583283357,-1.05336886862,1.31422035353
0.0357953724894,-1.05310635287,1.3157209371
0.0413401135649,-1.0525980676,1.31975232086
0.0377979849261,-1.05350446523,1.31714660228
0.038027151639,-1.05337403201,1.31592388324
0.0352305139138,-1.05356609605,1.31538837528
0.0379138744943,-1.05324157162,1.31772614035
0.0376118945858,-1.05303705854,1.31742736229
0.0354444416298,-1.05357492241,1.31442676526
0.0293177362454,-1.05372712131,1.31156611665
0.0304825109533,-1.05311992127,1.3133984498
0.0324865041319,-1.05278486952,1.31673652396
0.0382217635486,-1.05366371339,1.31773258856
0.036359467768,-1.05397455615,1.31672503966
0.0375520537046,-1.05324092652,1.31779424622
0.0369767836447,-1.05140721135,1.32077373635
0.0387476672592,-1.05148009568,1.32086788261
0.0394285617462,-1.05167259467,1.32117493391
0.0400165896053,-1.0531685698,1.31819568204
0.0413928307672,-1.05275535837,1.31911697557
0.0401138830766,-1.05267243362,1.31827295788
0.0409872423132,-1.05267159448,1.32017559408
0.0395950652476,-1.05259250052,1.3196241656
0.038245261711,-1.05209362749,1.31954159901
0.0383827913774,-1.05137148535,1.32030689509
0.036583241418,-1.05166911914,1.32065685051
0.0361958493264,-1.05316968536,1.31919654979
0.0320229293789,-1.0536434566,1.31647647445
0.0352514408376,-1.05252275469,1.31906194778
0.0370351560174,-1.05039171831,1.32180977176
0.0418210976244,-1.04922908449,1.32578205485
0.0391938756188,-1.05022098733,1.32281540644
0.0395499693149,-1.05226445809,1.32069180472
0.0395502716109,-1.05174185762,1.3210659685
0.0413794855205,-1.05266428008,1.32142894451
0.0407102945615,-1.05175306022,1.3220150296
0.0374538068256,-1.05253547483,1.32023536476
0.0371392366108,-1.0517685568,1.32029542603
0.0380014832994,-1.05127962217,1.32249252341
0.0374990741387,-1.05213434786,1.32066519691
0.0378881518753,-1.05155972297,1.32146256094
0.0352029538446,-1.05170471466,1.31831807715
0.0352975814023,-1.0515797497,1.31758813093
0.0345831025571,-1.05123934035,1.31896884387
0.0346269380581,-1.05089042076,1.32059716812
0.0381548238339,-1.04923592662,1.3253745799
0.0374904700816,-1.05114971972,1.32183421844
0.0409468594339,-1.05179842454,1.32243187505
0.0402675709034,-1.05242615017,1.32065095383
0.0434585458209,-1.05166260834,1.32244083482
0.043541030636,-1.0501391086,1.3248336486
0.0414710722237,-1.05152135043,1.32032209425
0.0347517028934,-1.05223842065,1.31651724814
0.0291912459302,-1.05378631173,1.31125590923
0.0321820641845,-1.05257879011,1.31645963768
0.0344441792895,-1.05235776061,1.31774238993
0.0387835725469,-1.05257016637,1.31904173426
0.0341850838078,-1.05304807672,1.31593708655
0.0332998844944,-1.05220125139,1.31675935066
0.0323012401244,-1.05203769179,1.31701936309
0.0373919712417,-1.05023404852,1.32208824455
0.0391844739194,-1.0501483726,1.32329323092
0.0391363733584,-1.05096016073,1.32202339548
0.0356620377551,-1.05300389121,1.3179739618
0.0389756970943,-1.05254112425,1.32002094734
0.0400864788557,-1.05048064288,1.32378903326
0.0425812127994,-1.04890606228,1.3274249226
0.0413718445409,-1.04979097498,1.32510966606
0.0423147798953,-1.0505730644,1.32485938916
0.0403487860996,-1.05227371208,1.32162492538
0.0392981230949,-1.05251555979,1.32077747968
0.0354841206481,-1.05324353848,1.31826262974
0.0368915411791,-1.05257967848,1.3189051158
0.0354458452014,-1.05242018237,1.31755640401
0.0387238485715,-1.05209000246,1.31869882334
0.039791480636,-1.05190412024,1.32021913136
0.040509994322,-1.05345420477,1.32082517894
0.0396686004224,-1.05402168686,1.31939119657
0.034853436684,-1.05392971434,1.3172740503
0.0381646491601,-1.05224464577,1.31974069224
0.0378012410263,-1.05252228094,1.31832102145
0.0395723893351,-1.05280718948,1.31880100234
0.0353850040775,-1.05385138901,1.31626339024
0.0359157201684,-1.0532183395,1.31922114138
0.0370242224372,-1.05355363961,1.31854669175
0.0398666809778,-1.05146948097,1.32169150958
0.0409773391593,-1.05041518169,1.32304877159
0.0421993079234,-1.05094012263,1.3219658735
0.0411525336134,-1.05117086776,1.32175307862
0.0389776794423,-1.05195566563,1.31982766396
0.0373729268793,-1.05205249903,1.31901419024
0.0357980663953,-1.05347364235,1.31622646846
0.0380303318561,-1.05154935468,1.31964097465
0.0405312613637,-1.05063660042,1.32326700308
0.0391872995178,-1.04975225472,1.32343092856
0.0396332142996,-1.05107992785,1.32211754717
0.0397236829546,-1.05000157853,1.32357503582
0.037555406267,-1.05043205405,1.32281256103
0.0352111104892,-1.05088442179,1.32187317858
0.0348669266887,-1.05040969458,1.32322145726
0.0390846911164,-1.05126727753,1.32323739594
0.0390273046872,-1.05188066603,1.32009647766
0.0366673170127,-1.05389891599,1.31454975
0.0352414256794,-1.0535024765,1.3156077531
0.0345107213812,-1.05225826943,1.31771671301
0.0334775754447,-1.05176965926,1.31849623869
0.0362878412088,-1.04936901999,1.32290161497
0.0367055628658,-1.04983499263,1.32355611761
0.041275493308,-1.04917976166,1.32744342355
0.0417685607087,-1.05108568567,1.32547946776
0.0426370893618,-1.05317058619,1.32098037835
0.0417534222258,-1.05390558399,1.318388843
0.0409363390263,-1.05422553512,1.31608744416
0.0411560656126,-1.05298479554,1.31862990224
0.0400379810735,-1.05316040524,1.31852761165
0.04023160294,-1.05300787201,1.31854095494
0.0412579010636,-1.05264334208,1.3206028219
0.0441777267456,-1.05171955465,1.3216206524
0.0433994249236,-1.05109333542,1.32216571036
0.0441819005568,-1.05022058384,1.32245437037
0.0407448202869,-1.04906032133,1.3227297986
0.0426313222982,-1.04901871362,1.32522487629
0.0428223699843,-1.04924392608,1.32545333009
0.0406825566739,-1.0505605729,1.32347422121
0.0370922417169,-1.05192752128,1.31969191865
0.0378009006337,-1.05288612069,1.31866800074
0.0428105772772,-1.05250039066,1.32185216073
0.0449312292753,-1.05105425856,1.32414701099
0.0416597280517,-1.04962389939,1.32552160401
0.0395046125736,-1.04935714964,1.32428803663
0.0403519194846,-1.04928950307,1.32445502059
0.041113079599,-1.05014872749,1.32324100458
0.0400352972484,-1.0525886443,1.319153763
0.0382934033905,-1.05303976623,1.3194228861
0.0374517374629,-1.05351282641,1.31757050184
0.0365847724105,-1.05214134628,1.31983920016
0.0393182978286,-1.05239597212,1.3191546019
0.0403067346139,-1.05218142928,1.3204854896
0.0407817276293,-1.05277848929,1.32000433696
0.0374693046851,-1.05272597408,1.31946323268
0.0373841808907,-1.05305361361,1.31903144364
0.0401260816701,-1.05261558568,1.31971023277
0.0414221070371,-1.05224134216,1.31989066482
0.0367086539165,-1.05209524013,1.31788747422
0.0332341438081,-1.05220532333,1.31701457576
0.0293434296307,-1.05361880981,1.31401946268
0.0344594749015,-1.05437606211,1.31403047733
0.0368204560411,-1.05416346958,1.31488483904
0.042331488417,-1.05238367528,1.32012522051
0.0420591210629,-1.05085258302,1.32437752567
0.0405763532155,-1.05121458035,1.32244298839
0.0398162865026,-1.05089889966,1.32181254877
0.0411376882542,-1.05079766059,1.3214980731
0.0436515435243,-1.0504668088,1.32345816882
0.0413950438706,-1.05139635561,1.321054048
0.0414108928892,-1.05237093225,1.31989026385
0.0395783994578,-1.05296977764,1.31888622166
0.0428374678547,-1.05279804199,1.32109880765
0.0410518346315,-1.05229184836,1.3222061265
0.0417799166144,-1.05197088392,1.32226058938
0.0374568352088,-1.05243282052,1.3194346157
0.033814767127,-1.05312284674,1.31517986158
0.0295315397576,-1.05414968729,1.31194697561
0.0330667998646,-1.05341210279,1.31504397502
0.0371650071426,-1.05345449794,1.31646923907
0.0418620504993,-1.05102616079,1.32374679325
0.0418037330569,-1.0513808886,1.32411106179
0.0390805668051,-1.05038141036,1.32534207493
0.0395700758889,-1.0508994819,1.32385991313
0.037343493237,-1.05159909909,1.3211517335
0.0412670846675,-1.05246549791,1.32066209789
0.0368064815971,-1.05352175628,1.31689877083
0.0380097256918,-1.05266324495,1.31711001718
0.0362260853305,-1.05180728176,1.31702439443
0.0396594055032,-1.05146517756,1.31870824947
0.0397265800416,-1.05100926274,1.32106408178
0.0394023828938,-1.05189688143,1.32066377327
0.0345945950594,-1.05209676384,1.31800439344
0.0341653339964,-1.05295369366,1.31566801424
0.0350522906706,-1.05328617706,1.31563935719
0.0388122089736,-1.05400375543,1.31615176936
0.0389052367326,-1.05368286538,1.31668105853
0.0378386326368,-1.05296837142,1.31811208134
0.0384489676154,-1.05247466878,1.3196759286
0.0398797399326,-1.05254002814,1.32063129242
0.0401698104131,-1.05209317549,1.32153587409
0.0362256292559,-1.05164016403,1.32038529583
0.0367423301783,-1.05179657062,1.32113810321
0.0373094902104,-1.05270483368,1.31807044769
0.0403660057096,-1.05250006172,1.32080392295
0.0394473064485,-1.05259051624,1.3200391158
0.041921801188,-1.05235445127,1.32292937851
0.0428501947876,-1.05337408733,1.32118741393
0.0427354017481,-1.05358510467,1.32115033329
0.0376275063382,-1.05380608778,1.31739273453
0.0352509670244,-1.05388633534,1.31618035238
0.0349799605225,-1.05356079607,1.31506831859
0.036398018779,-1.05248185757,1.31878187485
0.0391118375171,-1.05166925255,1.32071068585
0.039663831877,-1.05231930388,1.31953810532
0.040357713388,-1.05329479398,1.31813579088
0.0379650579037,-1.05368024791,1.31590633106
0.0363659276286,-1.05261567382,1.31805156412
0.037986770454,-1.05190314431,1.3200710819
0.039149151375,-1.05225395984,1.32135900673
0.03810525403,-1.05241780821,1.32097595717
0.0386970765831,-1.0522693076,1.3200952434
0.0391637787833,-1.05156346478,1.32137767415
0.041402343991,-1.05119212642,1.32281293817
0.03975412084,-1.05189982748,1.32273982422
0.0411449864208,-1.05079784675,1.3231853261
0.0405875974093,-1.05193321403,1.32072144284
0.0421951260984,-1.05168377082,1.32015521838
0.0412003619198,-1.0519570921,1.32128975024
0.0386306480821,-1.05201440723,1.32154349522
0.0353588330858,-1.05278171947,1.31970734451
0.0333193333385,-1.05386983145,1.3168014868
0.035955349048,-1.05272084136,1.31862249525
0.0375767160651,-1.05200244185,1.32056917908
0.0437513299976,-1.05088383073,1.3243150842
0.0440345286269,-1.05023365666,1.32507157163
0.0427811647968,-1.05053745602,1.32397479398
0.0376829721458,-1.05094334554,1.32243683702
0.0394688344803,-1.05179000389,1.3218952994
0.0391479052851,-1.05092595869,1.32277428228
0.0407509520833,-1.05146734769,1.32185668697
0.039391784662,-1.05114090223,1.32071619523
0.039963695826,-1.05250827375,1.31822882119
0.0400137174033,-1.05186874971,1.31918697273
0.0366004841853,-1.05272936382,1.31740541819
0.0370610219986,-1.05079969097,1.32128955682
0.0374978540853,-1.05101969404,1.32232918924
0.0367295946532,-1.05103189043,1.32265027506
0.0395173754731,-1.05098797952,1.32437268698
0.036818294473,-1.05253040222,1.31978006346
0.0380907453484,-1.05292962295,1.3204405224
0.0347895736573,-1.05476052252,1.31524118934
0.0342268890091,-1.05321143442,1.31718661522
0.0366935016273,-1.05205683558,1.31809805453
0.0381535674035,-1.051557614,1.32028380738
0.0404667387101,-1.05183215219,1.32172084968
0.040329470987,-1.05284907096,1.32114377461
0.0379533250525,-1.05311123129,1.31988948421
0.0334741277701,-1.05354772494,1.31535839527
0.0351651623257,-1.05306332525,1.31614720244
0.0324930527458,-1.0521991911,1.31505431272
0.0346266671155,-1.05168544265,1.31699366905
0.0323598701376,-1.05297963295,1.31494002845
0.0379243283698,-1.05295028867,1.31822156611
0.0392382273762,-1.05278904068,1.32046526128
0.04088228379,-1.05109632656,1.32261902063
0.0402262463482,-1.05187431686,1.32074537747
0.0426401256442,-1.05146599346,1.3225325303
0.0445569511779,-1.05125427856,1.32390393846
0.0423044314818,-1.05147462874,1.32344197538
0.0437499335958,-1.0520726202,1.32170364416
0.0418091454731,-1.05275049905,1.31996451561
0.0431137134192,-1.05092639757,1.32240523831
0.0375208844177,-1.05123282759,1.31945134605
0.0351844955684,-1.05219746856,1.31661891875
0.0349025400943,-1.05279106674,1.31689054804
0.0377957311165,-1.05136780618,1.32147621314
0.0405721516976,-1.05001070537,1.32526054024
0.0386179871524,-1.05073690293,1.32269169598
0.035841592456,-1.05215895193,1.31952934235
0.032699925797,-1.05292312192,1.31712339038
0.0354790326769,-1.05279678759,1.31883542471
0.0387286370632,-1.05226055126,1.32167659446
0.0386047557217,-1.05171323892,1.32185601499
0.040002378238,-1.05141787048,1.32209173721
0.0384093966159,-1.05180076161,1.31877392323
0.0412508929423,-1.05217933859,1.31842793513
0.0412654829405,-1.05183536216,1.31915637557
0.041319374806,-1.05060980721,1.32172964722
0.0389703657885,-1.0500318103,1.3208523534
0.0335801081575,-1.05051324082,1.31713962597
0.0332210958664,-1.05085177966,1.31671818274
0.0350371751951,-1.05031781282,1.31941773414
0.0408214483618,-1.04997638817,1.32213272279
0.0435540190157,-1.0501600537,1.32341684917
0.04435469227,-1.05065107171,1.32455320939
0.0419873016926,-1.05126870726,1.32371490263
0.0390763232423,-1.05224979226,1.32005892466
0.0365068399493,-1.0534418605,1.3174196463
0.0370904002434,-1.05416088705,1.31689766532
0.0381226427035,-1.05257132012,1.32035631639
0.0398231033866,-1.05133340933,1.32286375233
0.0405622814154,-1.04957535691,1.32651481789
0.0427806120977,-1.05114008867,1.3257511212
0.0427041076897,-1.0518064638,1.32417316135
0.0401420013581,-1.05308849294,1.32007946822
0.0387895644155,-1.05166148092,1.32120576745
0.0386390189194,-1.05137507767,1.32059966844
0.0400967380893,-1.0515699546,1.3209700376
0.0406064338948,-1.05363975657,1.31750110431
0.0379766984228,-1.05462844544,1.31509393068
0.0399808953898,-1.05391146974,1.31732886586
0.0396608717915,-1.05240086487,1.31981136953
0.0389447547828,-1.05063001448,1.32248053756
0.0353939349009,-1.05078217447,1.32029627738
0.0343628943187,-1.05086091353,1.32056614454
0.0362077794584,-1.05149267302,1.32036959607
0.0392947854106,-1.0507507836,1.3236161459
0.0376168616612,-1.0506620719,1.32292088684
0.0414382013581,-1.05103924327,1.32446940799
0.0403085205731,-1.05233679529,1.32052288888
0.0426750924222,-1.05233258703,1.32140672978
0.0409847056806,-1.0518144201,1.32188679514
0.03753160741,-1.0508622066,1.32236496686
0.0383541293427,-1.05087015961,1.32169604389
0.0378179879102,-1.0510251965,1.32100868484
0.0429549229598,-1.05165432949,1.32354460532
0.0388133907585,-1.05239014698,1.3215576742
0.0367509364635,-1.05298296996,1.32066965927
0.0345132804857,-1.05235174606,1.31990876388
0.0364132266932,-1.05289881468,1.32028648169
0.0369969527518,-1.05248464025,1.31975902632
0.0380124808174,-1.05268817431,1.31954437862
0.0373131538008,-1.05215249923,1.3197359484
0.039526496504,-1.05212263563,1.32105603147
0.0376295335001,-1.05171068975,1.32146190321
0.0399545430429,-1.0505183612,1.32445941135
0.0377910421612,-1.05090912274,1.3218075136
0.0396957838451,-1.05138466455,1.32058989663
0.0391974170775,-1.05286551473,1.31758586777
0.0407564125256,-1.05192978124,1.32038305129
0.0403629179177,-1.05308497682,1.31794752607
0.0400175672724,-1.05210274539,1.3203205234
0.0411918889801,-1.05214322328,1.32102597604
0.042429392949,-1.04972452375,1.32660495746
0.0447335382557,-1.04914834381,1.32728334503
0.0443245569606,-1.04889262713,1.32699595541
0.0405433151444,-1.05039149461,1.32329947796
0.0380413260892,-1.05136895707,1.32174353976
0.0328547303089,-1.05168700134,1.32026825679
0.0313070044559,-1.05153168408,1.3195677288
0.0312209556017,-1.05148329668,1.31878732362
0.033595857693,-1.05242844929,1.31809693323
0.0388115699462,-1.05240971225,1.32013068524
0.0406954346615,-1.05168424182,1.32189502248
0.0393998575112,-1.05103116961,1.32156536238
0.0372124250216,-1.05141629686,1.32128410887
0.036321594049,-1.05161049135,1.32102534362
0.0379098526059,-1.05096096462,1.32264780893
0.0412638635278,-1.05089521431,1.32367273615
0.0400277731609,-1.05096379803,1.32240375915
0.0438751284481,-1.05217820571,1.32351411118
0.0438753935386,-1.05133039095,1.32385245197
0.0456560050042,-1.05027717307,1.32661380266
0.0416897831726,-1.04977987724,1.32572588873
0.0406043553648,-1.05017078057,1.32592668626
0.0374851613006,-1.05198760698,1.32208333942
0.0363029920053,-1.05269187732,1.32014824426
0.035062619353,-1.05283864347,1.31886031909
0.0376047317978,-1.05230432305,1.32111142337
0.0421975276242,-1.05168560417,1.32354648106
0.0410452327591,-1.05224511058,1.32192321222
0.0378453089561,-1.05211785937,1.32031808833
0.0348789142445,-1.05229432999,1.31936429783
0.0372019411606,-1.05175072352,1.32113140046
0.0394618030244,-1.05190675277,1.32228562134
0.0436910399402,-1.05145560338,1.32503269126
0.043353961526,-1.05291600749,1.32240227026
0.0454454780739,-1.05257718108,1.32351584004
0.0407669684482,-1.05286450469,1.319656939
0.0407674415477,-1.05066744442,1.32364531506
0.0376964591722,-1.05269799679,1.31928188826
0.0381589639603,-1.05273279141,1.32110050506
0.0379625644249,-1.0524985352,1.32099013298
0.0381262484915,-1.05052570339,1.32380530084
0.0415867587802,-1.05077584653,1.32446635486
0.0422306260296,-1.0505619911,1.32518086227
0.0448460042007,-1.05122442221,1.32419039009
0.0403496796272,-1.05072068037,1.32292632304
0.0419590554625,-1.05162192756,1.32192942095
0.0424119762057,-1.05054508471,1.32546129936
0.0441039625159,-1.05146650747,1.32416371276
0.0407550355494,-1.05187077994,1.32072810897
0.0408051634575,-1.05191588579,1.32041669303
0.039786919037,-1.05049355038,1.32189964964
0.0409970272675,-1.05039855241,1.32437082947
0.0409860705716,-1.05081771749,1.32291476032
0.0430000657936,-1.05134976684,1.32228487327
0.0427343030103,-1.05273047948,1.31985538139
0.0402902380283,-1.05345865114,1.31817326734
0.0400982479602,-1.05396627173,1.31904999636
0.0399291140073,-1.05297900617,1.32081083337
0.0407057419782,-1.0524508186,1.32312587412
0.0384951790581,-1.05245556355,1.32218202078
0.0376829974872,-1.05194223294,1.32245885124
0.0357260023759,-1.0525320894,1.31924113305
0.0378476423445,-1.05237010825,1.3193526661
0.0374894108594,-1.05227297045,1.32022452039
0.0408401060291,-1.05087857546,1.32376003825
0.0411562593075,-1.0505959652,1.32334004355
0.0419467030668,-1.05107330309,1.32220160924
0.0399434899453,-1.05161684481,1.3202014867
0.0419797211402,-1.05070192562,1.3242238529
0.0434682693855,-1.04965158729,1.32704329877
0.0434393456788,-1.05062420861,1.32545721902
0.0421306237596,-1.05181590637,1.32365430554
0.0422122270783,-1.05266232686,1.32172914739
0.0431660465427,-1.05178201926,1.32425796965
0.0424675223371,-1.05097089261,1.32375466456
0.0403183828241,-1.05156315482,1.32178749491
0.0426376963913,-1.05234432925,1.32078468282
0.0456472413723,-1.0526986448,1.32050365474
0.0446945016008,-1.0531801066,1.31950464403
0.0408906690701,-1.05362089188,1.31720594012
0.0364951192504,-1.0532090006,1.31692886029
0.0389789386369,-1.05159008742,1.32012774473
0.0369731027049,-1.05104324413,1.32028621889
0.0374492052843,-1.05111004455,1.32064747082
0.0382317135918,-1.05085304348,1.32231436523
0.0433856971618,-1.05092462014,1.32477718199
0.0430024841948,-1.04995471217,1.32678261396
0.0430574000037,-1.0512342052,1.32383072497
0.0372715416117,-1.05064866952,1.32306880129
0.0389185727165,-1.0515493418,1.32287862773
0.0364319252808,-1.0499463598,1.32390157034
0.0399356024614,-1.05070158235,1.32418663006
0.039815777306,-1.05196255518,1.32159531893
0.0399894914191,-1.05347872121,1.31902902332
0.0407978149279,-1.0519057294,1.32153719167
0.0387198598059,-1.05070726466,1.32143109626
0.0400285810532,-1.04980786425,1.32486820698
0.0421670091128,-1.05041140121,1.32461141508
0.0426211526266,-1.05160835305,1.32361328762
0.0416815986713,-1.05224729226,1.32168681446
0.040202400686,-1.05279385347,1.31931117506
0.0396309011231,-1.05199301771,1.32037354378
0.040455755464,-1.05150704262,1.32095290021
0.0413681968426,-1.04976162504,1.32491262045
0.0448044222743,-1.0495127084,1.32634565009
0.0442422297096,-1.04979082426,1.3262750088
0.0442576129264,-1.05136280959,1.32409843566
0.0394537748613,-1.05217579992,1.32103213109
0.036828019294,-1.05253245864,1.31933008239
0.0342353835656,-1.05195920278,1.31905959521
0.0392394581707,-1.05194675404,1.32091782672
0.0415229077481,-1.05246666607,1.32200451995
0.042297487935,-1.05237853603,1.32300150305
0.0415427080132,-1.05023716223,1.32625448492
0.0415237841744,-1.04911501109,1.32648849604
0.0402888538307,-1.04987662025,1.32402911404
0.0354777676086,-1.05135263342,1.31990925067
0.0357684581595,-1.05031147244,1.3231530636
0.0388189483972,-1.05057085292,1.32349044186
0.0411467709949,-1.05069691392,1.32461754431
0.0408248826303,-1.05219955669,1.32096764045
0.0393095016016,-1.052071702,1.32115005003
0.0415937666328,-1.05138881859,1.3231533035
0.0423664965059,-1.0513130267,1.32398798471
0.0419515177655,-1.05083634665,1.32462086674
0.0407814998205,-1.0520473657,1.32256375812
0.0403990172919,-1.05217634212,1.32364314242
0.0414375838727,-1.05191888445,1.324068435
0.0402396674394,-1.05203594122,1.32327960993
0.0387824726189,-1.05264717977,1.32069027572
0.0372124901417,-1.05440843931,1.31728778755
0.0333699887787,-1.05410879332,1.31557519287
0.0345614915066,-1.05262467399,1.31821319872
0.036030428009,-1.051549088,1.32090762455
0.0418798392337,-1.05143957529,1.32352384755
0.0400354752011,-1.05204737365,1.32098349563
0.0407069478961,-1.05110138564,1.32100532459
0.0401633302593,-1.05085266851,1.32146777985
0.0426832738717,-1.05047536718,1.32357991208
0.0413890434909,-1.05081098704,1.32467276788
0.0412291464166,-1.05046356426,1.32468175673
0.0388304131208,-1.05147879223,1.3225161317
0.0401145254348,-1.05266104371,1.31920036263
0.0389810545997,-1.05276000343,1.31834364859
0.0419673017069,-1.0520117308,1.32001946608
0.0411677381494,-1.05131161836,1.32239620564
0.0408287902653,-1.052465633,1.3209451709
0.0409362383509,-1.05207272003,1.32248648763
0.0406317582327,-1.05122267723,1.32354581285
0.0422034093334,-1.05110013713,1.32331963775
0.0401952204222,-1.052570021,1.31987936687
0.0417715264527,-1.05221872201,1.32140842793
0.0417202588298,-1.05248129081,1.32167606679
0.0424870411509,-1.0515398909,1.32420996846
0.0409997230764,-1.0527863453,1.32177907609
0.0401464797988,-1.05082257581,1.32512466437
0.0385709281204,-1.05096002392,1.32354670013
0.0391356658262,-1.05023504875,1.32550512686
0.0413776432144,-1.05111592889,1.32421994133
0.0445307832949,-1.05060175692,1.32655182788
0.0420710094316,-1.05121276982,1.32373240599
0.0389885411951,-1.05186172049,1.32282617316
0.036051750893,-1.05218353935,1.32097644505
0.0378833443806,-1.05133119281,1.32329109254
0.0375609817819,-1.05147750108,1.3231007835
0.0400938285274,-1.05157612103,1.32509710526
0.0383170508182,-1.05373528028,1.31986270285
0.0412324285384,-1.05367398858,1.32009366442
0.0424610829952,-1.0538653714,1.3187046718
0.0466815313325,-1.05302433092,1.32224131237
0.0481245620186,-1.05255151067,1.32395437458
0.044537547171,-1.05316715985,1.3224348199
0.0419509818195,-1.05337826515,1.32198685568
0.0394014988633,-1.05379259518,1.32065176164
0.0404129697827,-1.05414148943,1.3193981134
0.0387245067441,-1.05324937229,1.31910141206
0.0403362803484,-1.05258656812,1.3203349642
0.0417090314136,-1.0504110474,1.32461003963
0.0431072172392,-1.04948237012,1.32703126113
0.0422401757392,-1.0485260837,1.32860151973
0.0411076708192,-1.04960107357,1.3269653181
0.0430355298828,-1.05168257242,1.32436904766
0.0441078207455,-1.05178698176,1.32388354209
0.0455703766349,-1.05146564476,1.32409492494
0.0446932694235,-1.05059340466,1.32415615073
0.0416066676535,-1.05145556837,1.32254463287
0.0412622702895,-1.05152685621,1.323470603
0.0403144747892,-1.0506913494,1.32549743845
0.0408951311399,-1.05115728188,1.32439560094
0.0388003691612,-1.05134683514,1.32270118625
0.0395168933081,-1.0510624105,1.32270319825
0.0376509389599,-1.0504372532,1.32198832061
0.0399363700252,-1.04990127964,1.32399526283
0.0409673261045,-1.05023068769,1.32358920762
0.0448440523182,-1.05040381319,1.32522562321
0.0426130693156,-1.05090585811,1.3235448368
0.0393861374961,-1.05246239435,1.32074669736
0.0350889054397,-1.05385493662,1.31810354358
0.0373955093481,-1.05259189567,1.32122809128
0.0385121213881,-1.05220795256,1.32315362991
0.0426256447064,-1.05016182695,1.32676246252
0.0411863396366,-1.05131206049,1.32457281221
0.0399961640763,-1.05124076717,1.32367545361
0.0367468903927,-1.05200295691,1.32214789865
0.0377606685381,-1.05171838559,1.32207546402
0.0390544593,-1.05068440155,1.32431524833
0.043858740844,-1.05083491957,1.32483993764
0.0425705644911,-1.0512208787,1.32545611411
0.0417598628787,-1.05186072333,1.32438168146
0.0380388229937,-1.0517411101,1.3231764566
0.0387806972471,-1.05134049069,1.32317333001
0.0381900888319,-1.05145802552,1.32202553715
0.0398675619582,-1.05164851579,1.32267628408
0.0387866322447,-1.05303567067,1.31869741828
0.0385443057677,-1.05340468339,1.31844399951
0.0380616147621,-1.05353002999,1.31861171807
0.0377033931376,-1.05364637269,1.32019661241
0.0378371546427,-1.05241116875,1.32094128837
0.0364871544933,-1.05202383147,1.32046674326
0.0374891223242,-1.05182108753,1.32071147639
0.0395096082838,-1.05374908809,1.31866812787
0.0426531088832,-1.05315355853,1.3209726617
0.0435519422145,-1.05179448182,1.32336120341
0.0403969660051,-1.05034348572,1.32433329456
0.036881400771,-1.0518165431,1.32120392747
0.0354939214547,-1.05250295654,1.31864262259
0.0365804963096,-1.05292774685,1.31895280985
0.0381739876277,-1.05151926971,1.32085409434
0.0390171664948,-1.05069291304,1.32243146635
0.0386628905951,-1.050363459,1.32269494102
0.0360869387566,-1.05060023407,1.32204964071
0.0366848956885,-1.05003177083,1.32382950421
0.0388233561901,-1.04966147243,1.3265843289
0.0428686592517,-1.04965912317,1.32626215695
0.0390041393383,-1.05182537877,1.32152321793
0.0374417414909,-1.05177126333,1.32027300244
0.0354725028087,-1.05205031948,1.3204070134
0.0377946135392,-1.05172951058,1.32273447388
0.0378055732628,-1.05258566509,1.32101953361
0.0365361151334,-1.05271277615,1.31948994588
0.0376367333546,-1.05205079269,1.31951821495
0.0389950671238,-1.05039148173,1.32311030297
0.0410809925711,-1.05131296203,1.32399951961
0.040990917131,-1.05179619272,1.32256261644
0.0404215682569,-1.05382381263,1.31866095649
0.041828395935,-1.05275402932,1.32148761549
0.0433565629516,-1.05112469672,1.32472198021
0.0415125371421,-1.05104115147,1.32391453723
0.0413216688468,-1.05097597196,1.32384189836
0.0394110781897,-1.05249713542,1.32125135104
0.0407627922607,-1.05182741092,1.32260332964
0.0397229494264,-1.05195114724,1.32126940963
0.0397115958894,-1.05077378598,1.32262564781
0.0396683216056,-1.05134590684,1.32189446159
0.033795955645,-1.0509213579,1.31950076395
0.0335220656894,-1.05115891599,1.31950759466
0.0351697935228,-1.05039538473,1.32249680473
0.0410315462532,-1.05062504408,1.32505142026
0.0441422503274,-1.05178165424,1.32463451798
0.044698627812,-1.05170477874,1.32438966365
0.0441237871254,-1.05133823011,1.32444276406
0.0389517022818,-1.05080023166,1.32293926736
0.0362360378305,-1.05144795361,1.32034264259
0.0366267404218,-1.0505419063,1.32124022269
0.0369603183938,-1.05107287616,1.32194284713
0.0409056282422,-1.0502691924,1.32540809266
0.0405960491626,-1.0507658542,1.32511951457
0.0429966923871,-1.04921794581,1.32703295903
0.0417638894155,-1.04879326142,1.32706113686
0.0412278415839,-1.04877939995,1.32787053639
0.0400972085922,-1.04992749378,1.32745158338
0.0389889691169,-1.05097708782,1.32486429331
0.0376901334292,-1.05328114341,1.3207519714
0.0395740523333,-1.05241367818,1.32162073469
0.0416783882923,-1.05179069967,1.3232015791
0.0454336903561,-1.04937045144,1.32710502617
0.0417257639347,-1.05080629886,1.32355287894
0.03980434894,-1.05124341449,1.32220852451
0.037945571491,-1.05280773578,1.3189655126
0.0362379123598,-1.05194695533,1.31847964415
0.0363766639082,-1.05203017438,1.31825222071
0.0378399079021,-1.05107766844,1.3214856534
0.0429270801664,-1.0503968219,1.32547437171
0.0437158077358,-1.0503319325,1.32653891415
0.0435675987098,-1.05005495352,1.32625697438
0.0432330679605,-1.05128294901,1.32482501576
0.0415932964171,-1.05174461047,1.32337979603
0.0399957820068,-1.05250581709,1.32170444162
0.0426233862636,-1.0524179571,1.31994751905
0.0427962786489,-1.05203300869,1.32031999637
0.0432676533161,-1.05195324388,1.32055280767
0.0400768815344,-1.05105598184,1.32348425262
0.042700246262,-1.04992836675,1.32647573897
0.0437746051116,-1.05070171689,1.32602528519
0.04490379021,-1.0516318399,1.32397768135
0.0407257126791,-1.05316187773,1.31955982911
0.0387844143949,-1.05296211543,1.31832963453
0.0363710131356,-1.05222029122,1.31909288401
0.0374626021729,-1.051806585,1.32077173495
0.0369558712669,-1.0507646598,1.32354848831
0.034848493684,-1.05150326803,1.3212621792
0.0350070642764,-1.05199461533,1.32113773992
0.0368527643912,-1.05237457083,1.31874549574
0.0403122599231,-1.05194751622,1.3221145031
0.0418795233748,-1.05068760691,1.32362772755
0.0381525917648,-1.0507118716,1.32330686272
0.0341749413643,-1.05099154203,1.31975275322
0.0351237154613,-1.05097755136,1.32143432187
0.0383535424847,-1.05145499537,1.32247260105
0.0417877093347,-1.05034576466,1.32626590978
0.0388453558239,-1.05058463921,1.32423076709
0.0386078044933,-1.05091655769,1.32345682976
0.0392571552653,-1.05145060253,1.32227678225
0.0412751207309,-1.05140363373,1.32284078615
0.0430391692822,-1.05091141979,1.32480161636
0.0376278996232,-1.05118925287,1.32143808511
0.0333960657448,-1.05246121271,1.31636277953
0.0321946723008,-1.05254306335,1.31592509403
0.0380614753094,-1.05155208109,1.32082724902
0.0434368856116,-1.05038293993,1.32605487801
0.0452149476411,-1.0488599604,1.32810704083
0.044813029077,-1.04867011605,1.32836054108
0.0402808019877,-1.05005992687,1.32440031448
0.0393452794851,-1.05113524372,1.32323215856
0.0405769637753,-1.05215409272,1.3228861973
0.0431798212013,-1.0508848418,1.32658215617
0.0400737142963,-1.05177997031,1.32376070364
0.0387686584457,-1.05215226918,1.32206010685
0.0379527645415,-1.05277752722,1.32018620734
0.0408973002711,-1.05112035627,1.32470436381
0.0412484692591,-1.04985071576,1.32554239844
0.0424756014968,-1.04913716366,1.32768184484
0.0418155496481,-1.04911143044,1.32671603951
0.040870323952,-1.0499488617,1.32520316618
0.0413437324476,-1.04929602048,1.32635136904
0.0413099929707,-1.04875677366,1.32755575867
0.0430932392228,-1.04913852607,1.32914413858
0.0420853593102,-1.04954569183,1.32796374825
0.0418829873095,-1.05072785724,1.32596841838
0.0404865445405,-1.05156716764,1.32366005726
0.0395654719387,-1.05223103747,1.32108044806
0.0401251364299,-1.0526512859,1.3202847243
0.0400755240365,-1.05188931985,1.3202863576
0.0407606272609,-1.05164376578,1.32282987601
0.038691178739,-1.05155276421,1.32216647881
0.0383955464794,-1.05235024703,1.32248635824
0.0396117103902,-1.05189636316,1.32207015818
0.0408542038387,-1.05182320813,1.32319025002
0.0416929163053,-1.05052737807,1.32490501346
0.0413598626415,-1.05135601463,1.32405209068
0.042553425814,-1.05081132203,1.32325757481
0.0428798932331,-1.05065194523,1.32327625423
0.0417771856267,-1.04998959156,1.32318344696
0.0368159081243,-1.05087647227,1.32113314365
0.035804991094,-1.05092518087,1.32165116915
0.0373368165515,-1.05154462854,1.32210006954
0.0421893108839,-1.0517184124,1.32406587481
0.0438086136769,-1.05233882267,1.32302704071
0.0424216567725,-1.05241972539,1.32283571946
0.0402558720321,-1.05299273307,1.32039842814
0.0402990149753,-1.05267296704,1.32121321017
0.042094308649,-1.0516709545,1.32266017321
0.0428275837114,-1.04963704248,1.32537855373
0.0418558726394,-1.04916779867,1.32635981958
0.0401912482776,-1.05011273189,1.32486548029
0.0408736439205,-1.0504243783,1.32579510582
0.0391906901867,-1.05192414774,1.32215844968
0.0383328931146,-1.05150842207,1.32163650615
0.0389353416606,-1.050737791,1.32321324406
0.0400432586659,-1.05012886853,1.32425176219
0.0425927293085,-1.05065930744,1.32527887976
0.04197711513,-1.05154694417,1.32318657619
0.0440319808188,-1.0513317186,1.32520430538
0.0427111742253,-1.05120322182,1.32453166725
0.0424039970471,-1.0515697901,1.32324307551
0.0406126200743,-1.0502994709,1.32398089532
0.0381640224189,-1.05006818207,1.32354702106
0.039687480595,-1.04994411409,1.32601292451
0.04051530436,-1.05021083956,1.32486303167
0.0415662479002,-1.04991557709,1.32530579045
0.0400052718325,-1.04973302488,1.32466080507
0.0376467103892,-1.05113764676,1.323386343
0.0402858872972,-1.05140845748,1.32414569557
0.0389889487808,-1.05230319106,1.32219601078
0.0427070404487,-1.05155494698,1.32420537516
0.0425578690455,-1.05080840689,1.32538757013
0.0441345107317,-1.04992642788,1.32765678022
0.0418848558497,-1.04895301813,1.3285502803
0.0416961452376,-1.04978574947,1.32675910286
0.0417359711449,-1.05061910779,1.32340484714
0.0436333629055,-1.05227052081,1.32053862442
0.0385802713984,-1.05230604532,1.31781531206
0.0367399647345,-1.05169290335,1.31868049557
0.0361204821818,-1.05149349023,1.31959098229
0.0405928950251,-1.05102302965,1.32346436387
0.0412365735107,-1.05250972529,1.32173615013
0.040454645883,-1.05246072278,1.32174349032
0.0400183026787,-1.0525426095,1.32190701111
0.0413084800895,-1.05162665798,1.32388973262
0.0420944222302,-1.05192606991,1.32304159629
0.0385698246791,-1.0524141142,1.31901626007
0.0348833406597,-1.0520183676,1.3178393375
0.0331189001928,-1.05112606669,1.31888261845
0.0374718964775,-1.05117966615,1.32216798521
0.0405231340737,-1.05012280111,1.32698584098
0.0396916522257,-1.05089637528,1.32572081865
0.0379927290593,-1.05116575784,1.32430858975
0.0391056815253,-1.05246727154,1.32058887906
0.0387486755646,-1.05308459276,1.31881892988
0.0397738848848,-1.05138444233,1.32180391295
0.0394678175242,-1.05049007076,1.3242909719
0.0428547957037,-1.04944466821,1.32736502786
0.0435208021055,-1.05047737746,1.3268729069
0.0408889147705,-1.05193515474,1.32177204997
0.0411895915325,-1.05118847707,1.32300525196
0.0415487013346,-1.05056356115,1.32327543241
0.0436274113926,-1.04914562653,1.32762800768
0.0413643910762,-1.05059506214,1.32547057388
0.0396355432181,-1.05080735174,1.3246230103
0.0409590750847,-1.05125296445,1.3238511281
0.0381825522349,-1.05057390824,1.32315909688
0.0399769485858,-1.05029074424,1.32476898464
0.0392157958443,-1.05063358665,1.32411961744
0.0423230454503,-1.05081080656,1.32493808517
0.0403691733889,-1.05060339849,1.3241070056
0.0384338889916,-1.05136968785,1.32299002305
0.0419018465599,-1.05177497123,1.32368399628
0.042415639092,-1.05294322628,1.32184170709
0.0441467033914,-1.05158791575,1.32456462086
0.0403702063823,-1.05062307106,1.32434137618
0.0372219809277,-1.05153955982,1.32146564361
0.0367445486534,-1.05177657688,1.32075390056
0.0389386759683,-1.0513664606,1.32350521742
0.0439215435076,-1.05136806432,1.32649003224
0.0455879561563,-1.05083029975,1.32844173545
0.0434868637042,-1.05128933458,1.32565334881
0.0416638814227,-1.05047765254,1.32576600065
0.0424061818245,-1.0514445063,1.32465648602
0.0440498769329,-1.05247279425,1.32387439134
0.0445619747977,-1.05137817109,1.32575577285
0.0421849853481,-1.04987340117,1.3262013742
0.0426983150157,-1.04901433442,1.3280946362
0.039600058133,-1.04997700733,1.32579059238
0.0404176484163,-1.05121604958,1.32499909633
0.0386058221848,-1.05159636697,1.32485189072
0.0401112173353,-1.05063270951,1.32552063747
0.0377757402552,-1.05163759958,1.32275352358
0.0389075344325,-1.05193207418,1.32266418588
0.0387534513071,-1.05360385805,1.32094508786
0.0384335053145,-1.05270004224,1.32134992531
0.0368480967398,-1.05147708866,1.32144080542
0.0372523720309,-1.05013216287,1.32297201387
0.039642140222,-1.04965228378,1.3253624893
0.0406459249206,-1.05053458581,1.32470841933
0.0419974663087,-1.05077801734,1.3258409818
0.0401010770097,-1.05127258629,1.32369194302
0.0387556928008,-1.05256574437,1.32047690026
0.0398850105236,-1.05320463009,1.31992846203
0.0407988642196,-1.05290735286,1.32133062824
0.0377970338061,-1.0516419463,1.32162234158
0.0392343545418,-1.05212006358,1.32050935219
0.0412654887257,-1.05208693825,1.3222386077
0.0445869267432,-1.05248456561,1.32467998863
0.0432407475205,-1.05214724559,1.32487840207
0.0414686471206,-1.05346738039,1.3219963485
0.0405500712886,-1.05283306732,1.32176247899
0.0402702984969,-1.05263152289,1.32109205157
0.0398572746817,-1.05190105894,1.32141798515
0.0397748600082,-1.05332887753,1.31953544806
0.039241505716,-1.05437681091,1.31934234086
0.0412740897469,-1.05424980573,1.32087306537
0.0382001818001,-1.0528380458,1.32062150775
0.0394285376102,-1.05128903785,1.32298865384
0.0396972062296,-1.05035942875,1.32418283924
0.0444045689354,-1.05015796827,1.32774275782
0.0438642902559,-1.04948092461,1.3289834214
0.0427897329126,-1.0498014599,1.32700350597
0.0436243382153,-1.04935959288,1.32808707796
0.0446900112867,-1.0501518914,1.32758223846
0.0442489303865,-1.04961526152,1.32940660654
0.0427807575193,-1.05094115749,1.3261674828
0.0415949154728,-1.05024039268,1.32564730483
0.0446255700472,-1.05082551604,1.32635814061
0.0428352579838,-1.05055475175,1.32683462062
0.042314765608,-1.05140682726,1.32614624414
0.0368120371378,-1.05199055014,1.32235365416
0.0391070575419,-1.05082657164,1.32478367651
0.040723419551,-1.05080949396,1.32516642693
0.0442866100062,-1.051469585,1.32584687211
0.0407780159998,-1.05269129929,1.32126476699
0.040134218261,-1.05179178542,1.3226920044
0.0393093031237,-1.04865610834,1.32661663308
0.0424902130291,-1.04870864696,1.32850352007
0.0393991454262,-1.05050429183,1.32467173388
0.038362068783,-1.05335742019,1.32068220391
0.0392164227881,-1.05290219113,1.32245053235
0.0407248735736,-1.05208544254,1.32383478922
0.040313709227,-1.05106906864,1.32513521013
0.0392301852165,-1.05129458165,1.32412565355
0.0404192621681,-1.05109921951,1.32416470891
0.0413243992677,-1.05122294994,1.32447165142
0.0411065498004,-1.05174780117,1.32314830504
0.0397025790059,-1.0519410297,1.32300047503
0.0409679112977,-1.05180592676,1.32367594853
0.0422749722533,-1.05072781935,1.32648983367
0.0394143583657,-1.05200660713,1.32261650869
0.0389220543109,-1.05228582822,1.32251314929
0.0355030357867,-1.05317810309,1.31804241992
0.0367513161802,-1.05229915902,1.32047024785
0.0371060091399,-1.0534396227,1.31774692205
0.0397836901812,-1.05247303256,1.32241200697
0.042846362425,-1.05174883893,1.32441516287
0.0413675442945,-1.05015257182,1.32654969613
0.0432145562496,-1.05016897721,1.32691688617
0.0440522313108,-1.04930110115,1.32799689834
0.044355223344,-1.04890311506,1.32980587161
0.0431100970053,-1.04944270714,1.32743857934
0.03890805137,-1.04931317462,1.32665042208
0.0372959765065,-1.05061627611,1.3231299633
0.0350787822096,-1.04958812111,1.32348147452
0.0384014455651,-1.05074505768,1.32237493874
0.0383721126058,-1.05077872235,1.32205422106
0.0411645614585,-1.05186840501,1.32267416176
0.0398145408563,-1.05239108424,1.32243744661
0.0401394404593,-1.05264319074,1.32214758085
0.0384635116544,-1.05181467675,1.32183900848
0.0398569698277,-1.05050609415,1.32410413306
0.0398817633079,-1.0493670702,1.32556797883
0.040432300835,-1.0500944224,1.32623658541
0.0361982137064,-1.05194309192,1.32055748794
0.0382759522759,-1.05171767533,1.32188685381
0.0376385792212,-1.0525889378,1.31951891488
0.0377105208086,-1.05162311935,1.32145156052
0.0378770375449,-1.05273697197,1.32049906278
0.0417900262232,-1.05158895696,1.32380680296
0.0469189740754,-1.05215895813,1.32665129942
0.046749197868,-1.05103872771,1.32742852534
0.0454765632255,-1.05141093074,1.32645491085
0.0422397554763,-1.04959944292,1.32763296549
0.0389125376721,-1.05110921007,1.32325293986
0.0332653720734,-1.0508051763,1.32086344021
0.0333474717146,-1.05256154449,1.31717161244
0.0372816415177,-1.05126452557,1.32162152635
0.0407336217915,-1.04944843968,1.32639229216
0.0424974227697,-1.04836023662,1.32863306663
0.0405032065366,-1.04838679187,1.32869257581
0.0416488613625,-1.04947814041,1.32609329312
0.0432680184143,-1.04966742274,1.32652427822
0.0446729169701,-1.05066841247,1.32424475682
0.0416306049809,-1.0512728237,1.32361079986
0.0404448350137,-1.05144039066,1.32392925654
0.0396922672525,-1.05212960867,1.32370452973
0.0420606143245,-1.05105603426,1.3257889108
0.0420368545439,-1.05235024529,1.3230800623
0.0425968974437,-1.04967378521,1.32745063791
0.0415887133508,-1.05053077309,1.32557039849
0.0401382506692,-1.04876638012,1.3278950743
0.038582894598,-1.05120924828,1.32257053696
0.0405024738672,-1.05100722074,1.32339190706
0.0388154838237,-1.05207128812,1.32105530398
0.0396980662785,-1.05108915213,1.32286355348
0.0387352509982,-1.05117526941,1.32243670705
0.0413005069888,-1.05019576828,1.32400203383
0.0404550352991,-1.05010347578,1.3235807112
0.0413775130143,-1.05093508101,1.32323446114
0.0412897567043,-1.05151762313,1.32436863302
0.0402093417537,-1.05337444321,1.32227183092
0.0380839322973,-1.05290674438,1.32281528945
0.0336834884623,-1.05387761316,1.3173386969
0.0366249604777,-1.05192000696,1.32120587251
0.0378476755412,-1.05178807995,1.32135128915
0.0437794942558,-1.04981453553,1.3269897732
0.0426059198539,-1.04979397183,1.3265419259
0.0427523882048,-1.04950087672,1.32629889617
0.0418994669076,-1.05095304347,1.32455971962
0.0431606712734,-1.05144998644,1.32297097438
0.0442354016672,-1.05227819638,1.32277042668
0.0423583772249,-1.05273542497,1.32115948337
0.0416077699137,-1.05241960181,1.32271232269
0.0423711482725,-1.05217509538,1.32294400396
0.0443632447677,-1.05083747693,1.32597003027
0.0434948595396,-1.05172125033,1.32444218553
0.0415115547651,-1.05155487256,1.3243096901
0.0414307103854,-1.05191813345,1.32418422896
0.043906685761,-1.0510101223,1.32667271697
0.0446198947883,-1.05141564837,1.32558679893
0.0448077827967,-1.05152316876,1.32407274328
0.0427227581067,-1.05087294029,1.32359901633
0.0418066179939,-1.04995867093,1.32474542309
0.0424417058517,-1.04951123415,1.32811429792
0.0456959351383,-1.04949187381,1.32866593026
0.047458418028,-1.05115495977,1.32835651085
0.0452225228865,-1.05046328219,1.32782682145
0.0421327584271,-1.05241042139,1.32507153963
0.039506477269,-1.0503130023,1.32557770915
0.0361520581796,-1.05040808301,1.3232294206
0.0386515567139,-1.04929468483,1.32595688056
0.037408707528,-1.0503264726,1.32428608034
0.0386605545926,-1.05149346164,1.32203326513
0.0372764056035,-1.05120558002,1.32218253488
0.0401950973794,-1.05251385347,1.32051544749
0.0449411777742,-1.05167471097,1.32526011585
0.0440906910893,-1.05122608724,1.32529641206
0.0434231559112,-1.04974104176,1.32847675731
0.0408352998776,-1.04979193881,1.32634579405
0.04120107233,-1.04977929339,1.3262689103
0.0418611118577,-1.04977532617,1.32644878341
0.0435367439967,-1.04901972184,1.3284238117
0.044997730969,-1.04976895152,1.32817034081
0.0425413681591,-1.05112234197,1.32500959298
0.0426880524183,-1.05215343738,1.32430855616
0.0417628679518,-1.05270677895,1.32300911367
0.0409744117506,-1.05218843939,1.32373868371
0.0373149765652,-1.05246149097,1.32106827618
0.0358611850322,-1.05142819415,1.32195130982
0.0388172676781,-1.05104155762,1.32343700428
0.0405372706826,-1.05002571018,1.32660314465
0.0402999572558,-1.05177299732,1.32256024158
0.0368398970589,-1.05253629875,1.32003407863
0.035602345071,-1.05300518052,1.31837416389
0.0386886338994,-1.05136997716,1.32262313725
0.0424644027758,-1.04947950635,1.32766330323
0.0457598050627,-1.04936782654,1.32891729487
0.0426994171354,-1.05068941539,1.32619379455
0.0412381413665,-1.05178608269,1.32267463207
0.0384450110328,-1.05214036846,1.32203067152
0.038740853369,-1.05169240924,1.32319311073
0.0391103422117,-1.05174937356,1.32496056783
0.0410225870255,-1.05294263876,1.32323148304
0.0428050680983,-1.05254289819,1.32525703055
0.0448416238949,-1.051328081,1.32663981843
0.0408056671741,-1.05032708432,1.32541345307
0.0397919931319,-1.05062130554,1.32383941779
0.0362382231524,-1.05182336643,1.32108446613
0.0384835029386,-1.05189529694,1.32291520769
0.0377098240267,-1.05252339473,1.32237063513
0.0411752341885,-1.05184289583,1.32458143432
0.0439339270171,-1.05202019543,1.32518850492
0.0456956504856,-1.05012388292,1.32806205106
0.0427800375525,-1.0496441687,1.32827142451
0.0394004781649,-1.0498036514,1.32695977055
0.0382908037269,-1.05153906112,1.32316427839
0.0414101780227,-1.05116212144,1.32436496916
0.0423189756846,-1.05105922087,1.32490326202
0.0428039009786,-1.04940750275,1.32810954654
0.0404563294178,-1.05093720397,1.32462172801
0.0417511417703,-1.05099415895,1.32532596086
0.0410768301761,-1.05118287163,1.32484168822
0.0438593651403,-1.05076264731,1.32705187459
0.0402071295739,-1.05065391113,1.32520900342
0.0394741192146,-1.05025777503,1.32532559129
0.0375328306573,-1.05085196943,1.32385400221
0.0400522059402,-1.05004720497,1.32601936499
0.0387631170839,-1.05159998055,1.32340636831
0.0382011757613,-1.0522636245,1.3206701844
0.0385729235562,-1.05371580078,1.3193841342
0.0426616530412,-1.0521496245,1.32259308177
0.0436014204253,-1.05027962986,1.32789628545
0.0431389513621,-1.04900886666,1.32972010801
0.0383532196091,-1.05003511086,1.32627755541
0.0373279745362,-1.05044413126,1.32406577409
0.0395517906173,-1.04983824654,1.3255459083
0.0429754706148,-1.04942151607,1.32768163288
0.043015634832,-1.04888612525,1.32770459027
0.0422892919864,-1.04913166331,1.32608978908
0.0408340420858,-1.05024694385,1.32402030174
0.0423119520438,-1.05053092728,1.32356137024
0.0420767043864,-1.05013687466,1.3243767958
0.0404164235338,-1.05031802973,1.32468396056
0.0391348641926,-1.05011725547,1.32622661258
0.0384743093945,-1.04996428759,1.32588304636
0.0420667790656,-1.04909747034,1.32856824074
0.0440276718771,-1.04940172425,1.32884811612
0.0442459926337,-1.05128982354,1.32632545329
0.0403945381015,-1.05190056016,1.32213965733
0.0387808593653,-1.05083856925,1.32267591489
0.0407174504869,-1.05016902521,1.32530703852
0.0459365133283,-1.04939011509,1.32869678173
0.046079334076,-1.05053577283,1.32682097168
0.0438426749102,-1.0497710842,1.32631436301
0.0436298293446,-1.04993604654,1.32644644427
0.0426475465554,-1.05086176304,1.32525045772
0.0446419747421,-1.05181621854,1.32479749174
0.0415133032696,-1.05148707293,1.32380613264
0.0435505256911,-1.05150095428,1.32411252651
0.0432584587679,-1.05071664217,1.3245500906
0.0397792740031,-1.05164738689,1.32204553924
0.0400919631447,-1.05122817258,1.32305512021
0.0386573916087,-1.05134356044,1.32361855653
0.0439026943776,-1.05017308485,1.32715895723
0.0431203628447,-1.04905725071,1.32791103779
0.0404583886084,-1.0498310498,1.32529134274
0.038768448698,-1.0492374988,1.32445110994
0.0358878069687,-1.05091531984,1.32111321367
0.0368075423717,-1.05060405851,1.32174449574
0.0403960095656,-1.0516420735,1.32365304197
0.0411600929362,-1.05118614839,1.32549454912
0.0425350718849,-1.05097196361,1.32684338278
0.0414975610815,-1.05085869842,1.32668996514
0.0421882387488,-1.0511480321,1.32693770406
0.0414366246957,-1.05132388099,1.32649682303
0.0395678010203,-1.05083121103,1.32560252687
0.0410138205335,-1.05033660153,1.32553282203
0.0416323901527,-1.05003223429,1.32536840938
0.0414307988175,-1.05136098124,1.32316397758
0.0414424928368,-1.05085013804,1.32356448409
0.04005404473,-1.05098648391,1.32231202494
0.0418727619129,-1.05074918136,1.32467384344
0.040741523994,-1.05342078717,1.32153012944
0.0442783921868,-1.05442295914,1.32295107909
0.042508197423,-1.05323121188,1.32386308936
0.044025675375,-1.0511687228,1.32687536765
0.0428162647568,-1.05044551334,1.32724508392
0.0451721690411,-1.0493240557,1.32870440006
0.0403460152979,-1.05002989987,1.32518231585
0.0386819303767,-1.05075006826,1.32268775149
0.0378441855164,-1.05161132401,1.32227618693
0.0421655912464,-1.05078860599,1.32528272111
0.0441284602493,-1.05014592823,1.327328287
0.0422625022789,-1.05171661214,1.32396215034
0.0411913587869,-1.05073157252,1.32685065706
0.0402008023008,-1.05064289152,1.32618552865
0.0428175439393,-1.04854823286,1.32807284642
0.0448926949724,-1.04903174275,1.32646917541
0.0442742200505,-1.04880386295,1.32727136857
0.0427327377113,-1.04918179683,1.32764138281
0.0426712525794,-1.04916791335,1.3284435183
0.0446383066479,-1.04912060535,1.3290514925
0.0398926106622,-1.05116425648,1.3232816639
0.0395959340063,-1.0523676103,1.32134834605
0.0354188156316,-1.05226725899,1.3192016
0.0403599137905,-1.05063924356,1.32418135483
0.039709504424,-1.04977081913,1.32553647177
0.0408736875712,-1.05011695863,1.32618609543
0.0402014981538,-1.04945155212,1.326381601
0.0368878417919,-1.05090291252,1.32236503346
0.0386956979471,-1.05174080866,1.32176900015
0.0389821813267,-1.05197515656,1.32269075656
0.0399546542626,-1.05110438645,1.32471847502
0.0403214214299,-1.04975286488,1.32661326394
0.0390658778029,-1.04962418265,1.32629243713
0.0406174038752,-1.04937883225,1.32737402296
0.0403641245903,-1.04924862804,1.32750165829
0.0424592915993,-1.0504693381,1.3262698316
0.0420992546655,-1.04959547859,1.32764748913
0.0408392612932,-1.04952657494,1.32798786487
0.0399515707783,-1.04959731119,1.32761943906
0.039890511883,-1.05005920045,1.32637885997
0.0419173029908,-1.05064736107,1.32541919665
0.0401063927858,-1.05048700225,1.32467190577
0.0397675151516,-1.05282030447,1.32209731989
0.0407626171178,-1.05349223301,1.32137625057
0.0418752977809,-1.05349442329,1.3223746426
0.0427596350249,-1.05161960316,1.32430218675
0.0409537161603,-1.05154746776,1.3244527856
0.0420492886525,-1.05093282932,1.3253367854
0.0422229709145,-1.05044105812,1.32732872857
0.0392609947949,-1.05002023607,1.32601994876
0.0392158928501,-1.05056667108,1.32527521532
0.0399485376353,-1.04954384394,1.32637452457
0.0446639378585,-1.04904445764,1.32938470404
0.0446458370054,-1.04775010423,1.33092273309
0.0447577764508,-1.04903647311,1.3285082185
0.0399071711005,-1.04945327341,1.32574843807
0.0388858839616,-1.050406641,1.32350829341
0.0383744453252,-1.05101193192,1.32326080933
0.042649770554,-1.05047030565,1.32667467733
0.0442853872525,-1.05105325059,1.32714881229
0.0455473738056,-1.05058676749,1.32787735262
0.0413882715222,-1.05177853181,1.32352391916
0.041286855381,-1.05224407237,1.32304649597
0.0394686315753,-1.05037020701,1.32562809744
0.0434258171449,-1.05020520302,1.32816656394
0.0423389960792,-1.05030255452,1.32858510738
0.0431488550208,-1.05129507533,1.32671920544
0.0431652234653,-1.05106633544,1.32651199296
0.0444498038761,-1.0505561745,1.3268652261
0.0445977016638,-1.05078364318,1.32623576615
0.0451057770377,-1.05058723951,1.32743919799
0.042737463638,-1.05044461249,1.32712177037
0.0401002579041,-1.05157629164,1.324751197
0.0371641776978,-1.05231099543,1.3223733683
0.0395965667485,-1.05174070131,1.32427544278
0.0404491775539,-1.05214401267,1.32418824626
0.0431940381321,-1.0507344925,1.32724788154
0.0421723248723,-1.0506932864,1.32715081526
0.0434592765626,-1.04911303784,1.32982036257
0.0422457127735,-1.04905673748,1.32927805615
0.0429588145954,-1.04991953713,1.32667397233
0.043897553654,-1.0494897015,1.32842692041
0.045311553773,-1.04974196052,1.32933489826
0.0464890643159,-1.04918231661,1.33227033603
0.044657216009,-1.0502220419,1.32971819885
0.0445282115182,-1.0503752472,1.3281751096
0.0415920094502,-1.05181945685,1.32386758946
0.0430958478374,-1.05180699548,1.32409275952
0.0422368706847,-1.05277881879,1.32211775432
0.0415488362215,-1.05099780806,1.32515949098
0.0396662411837,-1.05241579789,1.3224123097
0.0400165528208,-1.05191705991,1.3236655423
0.0415196377278,-1.05225947023,1.32326941996
0.041965761041,-1.05067141763,1.32556830494
0.0418091589799,-1.05049800094,1.32542715316
0.0410747067407,-1.05019380766,1.32570557502
0.0409225790716,-1.05045259179,1.3244591785
0.0396775856621,-1.05019986925,1.32448051825
0.0402284162608,-1.05047664802,1.3232574247
0.0408367043719,-1.05011377511,1.32491015305
0.0396440471502,-1.05140018487,1.32233272415
0.0403268890645,-1.05113691369,1.3243729791
0.0413546894915,-1.05139311468,1.32454149648
0.0404553571383,-1.05080167777,1.32558560816
0.0408312855829,-1.05280446992,1.32251956208
0.0364144816572,-1.05323781892,1.31849848223
0.0397891419728,-1.05255825223,1.32121639147
0.037592763537,-1.04942045597,1.3259198347
0.042053643581,-1.048657324,1.33038022449
0.0415105928944,-1.04933149368,1.32914324427
0.0439235300307,-1.05186526477,1.32484428112
0.0415125237266,-1.05226641494,1.32397326204
0.0417137980102,-1.05103379741,1.32521757184
0.0417127557239,-1.04986885686,1.32739807821
0.0433050356891,-1.05015709884,1.3271840706
0.0407143964251,-1.05229590159,1.3224829346
0.041095429048,-1.05269398808,1.32157417684
0.0406785347087,-1.05150495233,1.32247042994
0.0432147192572,-1.05015423848,1.32670890892
0.0393474708193,-1.05082101023,1.32334850572
0.0411849522188,-1.05107088778,1.32371817744
0.0417309062153,-1.05039443405,1.32351094595
0.0450112849969,-1.04925992575,1.32755295406
0.042187220846,-1.04952882298,1.32637491446
0.0436547280477,-1.05041596019,1.32783700666
0.0449339879236,-1.05042937621,1.32791897764
0.0428565992761,-1.05077492722,1.32630476846
0.0410638973907,-1.0504609387,1.32413318281
0.0399422835038,-1.0500337036,1.32560094142
0.0450592634353,-1.04945858101,1.32899760947
0.0448084123181,-1.04873484877,1.33073445701
0.0438291523573,-1.04934417516,1.32869195063
0.0403042305458,-1.05027702786,1.3255141787
0.0389119956171,-1.05184275329,1.32374914498
0.0360752810283,-1.05230605348,1.32122672563
0.0381764903338,-1.05128143105,1.32407959652
0.0409895397265,-1.05068116296,1.32517870112
0.0410956358286,-1.05033118015,1.32636399446
0.0390212303181,-1.05142362486,1.32269591566
0.0363153638178,-1.05132183525,1.32176859619
0.0398635970768,-1.05121224247,1.32360490928
0.0415550677177,-1.04999314989,1.32675974879
0.0425608256104,-1.05004463889,1.32666820929
0.0415467290591,-1.05051985595,1.32617547054
0.0430919953101,-1.0509241864,1.32620113524
0.04354228642,-1.0525755373,1.32349394808
0.0432641789289,-1.05225524698,1.32225321866
0.041424586132,-1.05329667416,1.32042327884
0.0407279127085,-1.05182679136,1.32412474529
0.041085981869,-1.05223348406,1.32482397231
0.0396145332414,-1.05151787923,1.32480857365
0.0406692224875,-1.0514069992,1.32414879658
0.0426452498534,-1.05075407091,1.32521126506
0.0430926854626,-1.05062119104,1.32604332894
0.0422030902366,-1.04890353841,1.32867594251
0.0392607723398,-1.04912004461,1.32753747759
0.0425125120221,-1.04908120974,1.32906918724
0.0426240227034,-1.04959382617,1.32862402429
0.0441834074668,-1.04939851196,1.33010853359
0.0437296154355,-1.04994230188,1.32972524086
0.043926535235,-1.05122913167,1.32709054707
0.0449653893676,-1.05102057482,1.32669391033
0.0441221480474,-1.0515349365,1.3244977062
0.043927499825,-1.05136038178,1.32461012037
0.0426868271103,-1.05169901844,1.32501056452
0.0437848746455,-1.05048430017,1.32733178047
0.0437144547118,-1.05064772519,1.32752089063
0.0415285346493,-1.05051907132,1.32543093051
0.0384569428594,-1.05058078731,1.32459157054
0.0389297551679,-1.04983779605,1.32533192378
0.0395404437558,-1.0505878881,1.32537795146
0.0416572709006,-1.05061548965,1.32603877822
0.040142610732,-1.05013689163,1.32659191171
0.0416013852131,-1.04935338946,1.32867077703
0.0396243738277,-1.04937799504,1.32755282536
0.039457022776,-1.05140996919,1.3248654073
0.0412465534119,-1.05125217053,1.32480148578
0.0424256763092,-1.05152528007,1.32484192433
0.0436502189591,-1.04963287508,1.32848825844
0.0417739470751,-1.04940569169,1.32899477268
0.0432170704935,-1.0490277306,1.32951837881
0.0439475065892,-1.04958826486,1.32814816947
0.0441748946584,-1.04906397971,1.3284913573
0.0432265163718,-1.04877324404,1.32885260738
0.0420566615401,-1.04892288982,1.32989528683
0.0402238016427,-1.05103197492,1.32670487164
0.0405965012128,-1.0510987374,1.32704233419
0.0418888063329,-1.05003556946,1.3270614425
0.0439859668688,-1.0488385175,1.32921256503
0.0421940901421,-1.04838823064,1.32901866377
0.0422055960274,-1.04867216404,1.32961293381
0.0434561202666,-1.04823103201,1.32991217929
0.043675013231,-1.04908894553,1.32952185321
0.0429230449851,-1.04986013006,1.32800280579
0.0393424422039,-1.05176389378,1.32493955517
0.0397970126582,-1.0518537275,1.32515323013
0.0390240795636,-1.05247045421,1.32398355965
0.0398872606685,-1.0509750863,1.32661253603
0.0416475812124,-1.05084040502,1.32692726559
0.04245763345,-1.05039770978,1.32734491293
0.0417222125744,-1.05018931557,1.32728789045
0.0406437641937,-1.05049521325,1.32614347294
0.0412448088839,-1.0501045241,1.32711813399
0.0450033444861,-1.05078888718,1.32697163336
0.0442773618075,-1.04999152466,1.32775220288
0.0445470253246,-1.04963893754,1.32776204714
0.042743231401,-1.04915297261,1.32891151898
0.0420366584381,-1.04883174147,1.32972861148
0.0414450662135,-1.04886400892,1.32994942644
0.0415638403773,-1.04857651285,1.3289075998
0.0418898343867,-1.04990239168,1.32763414031
0.0435275439966,-1.0502905557,1.3281923063
0.0428146378702,-1.05074907992,1.32861784588
0.0451858773344,-1.05055540117,1.32938526664
0.0441306296049,-1.05091963922,1.32834015436
0.0432857497527,-1.04984273831,1.32853225937
0.0416918348387,-1.04840361601,1.33065949549
0.042000587406,-1.04885749787,1.33021215205
0.0413385087949,-1.05085901474,1.32772494381
0.0425590680617,-1.05231564462,1.32489925791
0.0416010001759,-1.0517170896,1.32429743081
0.0418198391328,-1.05106762514,1.32479914143
0.0412348266183,-1.05120435787,1.32402612058
0.0411631462666,-1.05122620454,1.32460851105
0.041576548403,-1.05057446706,1.32581232581
0.0408431874317,-1.05008222315,1.32747557457
0.0420683783199,-1.04943216946,1.3290880964
0.043548131739,-1.04919851529,1.33042229551
0.0440893310945,-1.04902346043,1.33068791668
0.0439638719344,-1.04927091961,1.3302794267
0.0427501932672,-1.04990478993,1.3289246378
0.0432436062758,-1.05014495965,1.32809680712
0.0419085847229,-1.05056178495,1.32599321807
0.0427748009735,-1.05084355564,1.32485098263
0.0417636339187,-1.05088050663,1.32416349996
0.041591336135,-1.05047295965,1.32560016833
0.0413793834544,-1.05000842527,1.32666088314
0.0420059781843,-1.0496485439,1.32760103078
0.0432039175451,-1.04930983598,1.32913784812
0.0426786531723,-1.049580009,1.329112542
0.0421961889708,-1.04922513596,1.32948471233
0.041365957471,-1.04987956179,1.32834998003
0.0415617767792,-1.05013764805,1.32775727722
0.0418921685563,-1.05085075581,1.3272139122
0.0388712239939,-1.0515613369,1.32514328432
0.0400241649961,-1.05162545802,1.32569514315
0.0378097236078,-1.05266225277,1.32233191594
0.0420640164503,-1.05217553657,1.32309230479
0.0427481708286,-1.05159093178,1.32379404736
0.0420216676295,-1.04920968084,1.32748476878
0.0411134542545,-1.04912544027,1.32787509961
0.039963709696,-1.05003180929,1.32631469532
0.0428627212864,-1.05100844226,1.32651297401
0.0428420209556,-1.05082490575,1.32700718847
0.0433172848057,-1.05049923651,1.32766542029
0.0428177915961,-1.05199349949,1.32495073572
0.042149737276,-1.05093989957,1.32679030768
0.0421090966064,-1.05068638957,1.32758794549
0.0413997506232,-1.04948401015,1.32994118408
0.0380070156597,-1.05146783084,1.32427013869
0.0374883668765,-1.05148213794,1.32375703064
0.0389535758615,-1.05125561627,1.32434551562
0.0432650048364,-1.05004736044,1.32819524706
0.0426150505516,-1.04928249866,1.32919398135
0.0424316954948,-1.04961799001,1.32847520781
0.0402993240839,-1.04971858001,1.3287019834
0.0427552641955,-1.05013398063,1.32802224341
0.0422212789335,-1.05109348,1.32593698578
0.043539227912,-1.05033878941,1.3271546711
0.0427992694087,-1.05042152022,1.32736232997
0.040951603499,-1.05096458572,1.32673259474
0.0420672447549,-1.05185437554,1.32547752578
0.0415132434717,-1.05172239785,1.32629641811
0.0439897480276,-1.04947696926,1.32974552608
0.0431739924851,-1.04840479075,1.33097006679
0.0415460578233,-1.04875206876,1.32848063496
0.0407979001313,-1.04958676525,1.32886696743
0.0413567054151,-1.05007679292,1.32815064983
0.0397573828798,-1.05096992485,1.32562470586
0.0403817851507,-1.05019999258,1.32451637726
0.0405062361178,-1.0508501082,1.32414657003
0.0441696142631,-1.05019519982,1.32697078431
0.0438868769641,-1.05069111264,1.32681831679
0.0377182386652,-1.05118943647,1.32346520334
0.038096265147,-1.05431329573,1.32206077312
0.0339569875596,-1.06023342819,1.31118755867
0.0365527602185,-1.06076948822,1.30927630278
0.0334820474186,-1.05868399312,1.3122066867
0.0334440759683,-1.05149776176,1.32583515641
0.0339691468654,-1.04986616324,1.33044826878
0.0368881303213,-1.05007761061,1.32879802176
0.041680026848,-1.05392681213,1.32375510693
0.0459515493303,-1.0556787238,1.32196165431
0.0409519653328,-1.05474432422,1.32189306994
0.0403627387215,-1.05168724829,1.32497919461
0.0368762453207,-1.05100440973,1.3265793572
0.0391451469143,-1.05138776898,1.32631585681
0.0387524918639,-1.05272313433,1.32336267758
0.0397289484138,-1.05262757832,1.32371834658
0.0400861539548,-1.05081828405,1.32603608929
0.0422198757001,-1.04892165533,1.33024605343
0.0402633374235,-1.04857830439,1.32803549678
0.0434678588517,-1.04965967918,1.32747943552
0.0416076935736,-1.05161107785,1.32420589283
0.0401648939802,-1.05212574472,1.32253569015
0.0388038125356,-1.05225598008,1.321144797
0.0340771705466,-1.05136180993,1.32062520548
0.0378253745259,-1.04964870755,1.32740026797
0.0377774359931,-1.0494266739,1.32741625242
0.0433464599809,-1.04963751844,1.32770604674
0.0450034914585,-1.05039774607,1.32552865666
0.0448380875324,-1.04933377992,1.32769949492
0.0448911670012,-1.04871502665,1.32994824953
0.0438372317339,-1.04915637181,1.32991029649
0.044703999269,-1.0504037279,1.3276759854
0.044395405816,-1.05167133193,1.32530991815
0.0434023924891,-1.0504230795,1.32595482615
0.0412092535597,-1.04922638946,1.32787955472
0.0405543521012,-1.04608482038,1.33309673487
0.0408388728484,-1.04676885757,1.33188034627
0.0398667015114,-1.04775229451,1.32776646467
0.0400170399613,-1.05010673504,1.32446260055
0.0366999337746,-1.05103362558,1.32124862595
0.0381528990659,-1.05066077144,1.32400180681
0.0350009053106,-1.05019614309,1.32276897606
0.0392487823939,-1.0495756161,1.32725144812
0.0387943533954,-1.04916606116,1.32822980429
0.0381337973723,-1.05037735007,1.32506398763
0.0383716510345,-1.05088552935,1.32241483069
0.0387849323388,-1.0512676635,1.32244248596
0.0443083912927,-1.04992252674,1.32755255171
0.0444114439309,-1.05059064901,1.32755987312
0.0463744665603,-1.05122365141,1.3263139243
0.0451089014469,-1.05126044228,1.32627372487
0.0454259992688,-1.04987745447,1.32841789217
0.0434500351017,-1.04771784008,1.33105979797
0.0415857183699,-1.04738144323,1.33127362836
0.0397329489857,-1.04873577365,1.32947093762
0.0400944896905,-1.05028846188,1.32718559401
0.0401756921643,-1.05180527711,1.32394327266
0.0383697978029,-1.05203083737,1.32061745274
0.0393824169976,-1.05153175203,1.32299532224
0.0404365424263,-1.05073733456,1.32459282091
0.0417027540104,-1.04889375931,1.32874174147
0.0430825803116,-1.04946491436,1.3277708066
0.0441747203632,-1.049280597,1.32925148377
0.0454562197243,-1.04955346356,1.32987272742
0.0435395193476,-1.0503437564,1.32886323094
0.0425601272384,-1.04887616132,1.32933703769
0.0426854127078,-1.04948865132,1.32854390189
0.0417426392796,-1.04836640292,1.32879580166
0.042145882866,-1.04955625316,1.32797719606
0.0417992481151,-1.04994844351,1.32756797527
0.0399220886111,-1.05104185515,1.32616362613
0.03534970559,-1.05187006055,1.32325320633
0.0339291039512,-1.05251329311,1.32077112202
0.0361242911771,-1.05227384302,1.32160086825
0.0418536254937,-1.05205673649,1.32405729205
0.0433806263703,-1.05106354006,1.32667724825
0.0442327718345,-1.05017715826,1.32776758182
0.0417062204556,-1.04948343774,1.32780878224
0.0442163114884,-1.04945668201,1.32913451346
0.0445080306729,-1.05024341636,1.32930292927
0.0452570372835,-1.05164226533,1.32829019521
0.0428837270729,-1.05097990797,1.32867901452
0.0432646857477,-1.05023520257,1.32869983737
0.038960724078,-1.05010586156,1.32676683795
0.0382432148341,-1.05065146722,1.32545399679
0.0366018635843,-1.05206085041,1.32297797397
0.0377463698037,-1.05220507421,1.32288499801
0.038472142849,-1.05180365292,1.32356060055
0.0391051079237,-1.05108409477,1.32564268482
0.043691928044,-1.04958703384,1.32985214063
0.0438614821042,-1.04968532942,1.33060919103
0.0456062395163,-1.05016125908,1.33038880798
0.0434804502631,-1.05168997531,1.32827870292
0.0432501436167,-1.05158548171,1.326315668
0.0419667944329,-1.04886338693,1.3293077173
0.043648297601,-1.04895365148,1.32838196497
0.0442091535795,-1.04911803403,1.32948232551
0.0438433362828,-1.05208292147,1.32509145979
0.0422242412657,-1.05284471805,1.32454882061
0.0432053809545,-1.0535353558,1.3234137818
0.0442562728784,-1.05217147184,1.32565571895
0.04548917985,-1.05156306592,1.32635728213
0.0438574719187,-1.05058046627,1.32769449265
0.0432629622765,-1.05122281922,1.32608037113
0.0453134436938,-1.05004460963,1.32840444357
0.0462285188561,-1.05104981197,1.32719716129
0.0459467619674,-1.05092956221,1.32817579597
0.0442136815016,-1.05029268654,1.32769175983
0.0451386018498,-1.04981892214,1.32770006193
0.0458992838515,-1.05134350251,1.32439165962
0.0469326657098,-1.05199146164,1.32440471639
0.0440124059648,-1.05060335291,1.32742728151
0.0448390077714,-1.0490986502,1.33168715568
0.0449595362645,-1.0497211536,1.3311554913
0.0457226064996,-1.05165614804,1.32704946913
0.0428352512594,-1.05128936485,1.32552322543
0.0425127416428,-1.05073792239,1.32611654471
0.043204170016,-1.04995949506,1.32825387278
0.044696003219,-1.04895446109,1.33066537095
0.0436070246832,-1.04894708415,1.33091069173
0.0429525032292,-1.05045432699,1.32776658343
0.0428882059186,-1.05123299447,1.32667593901
0.0429284599879,-1.05023557182,1.32688386245
0.0428875616752,-1.04985019129,1.32865963445
0.0427257260472,-1.05455186189,1.32161461156
0.0405193645693,-1.05976526216,1.31300002879
0.0409672765616,-1.06058486836,1.31106169165
0.0380043852865,-1.05870522825,1.31221806433
0.0401139301259,-1.05610141364,1.31863840704
0.0428862873477,-1.05451764061,1.3209141517
0.0446984364553,-1.05384133365,1.32334955361
0.0388435761933,-1.05454689723,1.3188683422
0.0320636397568,-1.05652363987,1.31317334218
0.0297201355087,-1.05677923992,1.31057661363
0.0338710168251,-1.05527057308,1.31427522899
0.0403738631151,-1.05333316324,1.32046734767
0.0419976795504,-1.0538574671,1.32096542435
0.0388554122612,-1.05547412265,1.31704700526
0.0364599285799,-1.05695567531,1.31336146108
0.0395228514959,-1.05489087584,1.31762571694
0.0443471305942,-1.05333549025,1.32195071696
0.0450080158659,-1.05419279173,1.32163463424
0.0435125102444,-1.05570853176,1.31865400863
0.04181472893,-1.05656170436,1.31605133827
0.0414395070212,-1.05419309213,1.31994891793
0.041644481661,-1.0519646363,1.32319252966
0.0448837603728,-1.05173836297,1.32621145987
0.0453820390782,-1.0533640542,1.32337486242
0.0452304069168,-1.05606347994,1.31965177205
0.0434229279537,-1.05590631913,1.31845320037
0.0427222689925,-1.05375050315,1.32220406757
0.0418388409747,-1.05226261379,1.32350258926
0.0414041363582,-1.05313935758,1.32077014212
0.04136589827,-1.05579876761,1.31647853785
0.0410071653374,-1.05752762301,1.31445968018
0.0410976780081,-1.05692587806,1.31676875456
0.0412616383075,-1.05425948907,1.3204220316
0.0428340138347,-1.05216636156,1.32405702911
0.0444952888162,-1.05127183782,1.3260848707
0.0448126473397,-1.05219231247,1.32414420267
0.0461203560639,-1.05527447664,1.31894688435
0.0415092648661,-1.05618885772,1.3160256942
0.0409581492394,-1.05483158265,1.31887179092
0.0348223021888,-1.05330783299,1.31894127498
0.0392851795827,-1.05273757217,1.32208486952
0.0372057390271,-1.05744083829,1.31511787595
0.0418677196092,-1.05827759061,1.31579481302
0.0402972400213,-1.05863497242,1.31334584901
0.042608128941,-1.05545597921,1.31821867097
0.0422780401706,-1.05308603578,1.32329297019
0.0418335554585,-1.05421758444,1.32145803875
0.0401004846238,-1.05710529049,1.31579750803
0.0407110843842,-1.05905731779,1.31245088162
0.0403850685987,-1.05909046123,1.31377668514
0.0422148286872,-1.05650585889,1.31669017962
