-0.075991202488,-0.660158081474,1.23166535787,0.963952753083,-0.0859108312946,0.0030817838185,-0.251803338933
-0.0748311505253,-0.661050927392,1.23115224813,0.963888547165,-0.0858988873358,0.00264649342475,-0.252058020844
-0.0732270723039,-0.657844253326,1.23315812799,0.964208189995,-0.0863067195786,0.00206997087599,-0.250697889344
-0.0723108326961,-0.66065636253,1.23067975821,0.963860155257,-0.0864625975707,0.00158038654277,-0.251982782561
-0.073136680215,-0.661588119265,1.23004484951,0.963748060707,-0.0863630771636,0.00187679042658,-0.252443205582
-0.0744602008752,-0.663529841879,1.22893649132,0.963571989472,-0.0858825880434,0.00241870166032,-0.253273275451
-0.073982879881,-0.66427981256,1.22843737706,0.963523126622,-0.0855824059371,0.0022980571975,-0.253561738421
-0.073411878462,-0.663801444711,1.22802440158,0.96354663238,-0.0856250831298,0.00209352486484,-0.253459759175
-0.0732875326285,-0.664736477493,1.226976464,0.963404313391,-0.0859162824257,0.00193492628629,-0.253903086659
-0.0732247564639,-0.662495268731,1.22910405376,0.963654344363,-0.0862326087228,0.00191732249954,-0.252844943904
-0.0734550304946,-0.660051480175,1.23140150571,0.963929162216,-0.0864598327217,0.00204182679314,-0.251716305588
-0.0730915083246,-0.65933488336,1.2318589802,0.964030771948,-0.0862354902664,0.00199485431129,-0.251404318801
-0.0728753847623,-0.659480599548,1.23140865404,0.964004826131,-0.08617643335,0.00192401371629,-0.251524582701
-0.0715647144896,-0.661707008464,1.22983258775,0.96377363106,-0.0860238919385,0.00138487580304,-0.252464572186
-0.0713536605789,-0.661174973431,1.23040983336,0.963820664306,-0.0861859615562,0.00128197548239,-0.252230179847
-0.0715120125766,-0.664237288679,1.22794068829,0.963481160166,-0.0859614304123,0.00128401660746,-0.253600153368
-0.0714948195261,-0.664969382266,1.22758663666,0.963414120334,-0.0858841201335,0.0012773228883,-0.253880915185
-0.0707411344589,-0.663304323037,1.22950514264,0.963658158248,-0.0856992749094,0.00110251162015,-0.253016546475
-0.071803850486,-0.662501286874,1.22967437945,0.963723828432,-0.0857581606454,0.00150954482638,-0.252744221831
-0.0733647992859,-0.66080315179,1.23049810209,0.963870578415,-0.086001713581,0.00208446081892,-0.252096942365
-0.0737488523335,-0.660444923983,1.23060996707,0.96389950446,-0.0861037195778,0.00221844694685,-0.251950338897
-0.0738956161268,-0.659865310272,1.23133424877,0.963968194037,-0.0861302537715,0.00228164588763,-0.251677758975
-0.07342040375,-0.66225958691,1.22956371207,0.96370914388,-0.0860068225757,0.00206074815544,-0.252711823603
-0.0739383895598,-0.66393661898,1.22807894028,0.963486721844,-0.0860542258967,0.00217388264842,-0.253541478401
-0.0733101292615,-0.664980215412,1.22721018736,0.963363565413,-0.0861238131435,0.00189112226555,-0.253987703051
-0.0736097515419,-0.660957482069,1.23100571645,0.963853514567,-0.0861498801986,0.00213325241626,-0.252111185458
-0.074294438919,-0.659348669395,1.23263164499,0.964068468378,-0.0860436036701,0.00247279872278,-0.251321252211
-0.0729954093397,-0.657164525052,1.23447204995,0.964334862327,-0.0860639146232,0.00207138565817,-0.250293797891
-0.0722603868195,-0.660691802611,1.23144584438,0.963947753403,-0.0858389888209,0.00172122261619,-0.251859949379
-0.0716426334026,-0.663453730934,1.22889958182,0.963619246444,-0.0857896128981,0.00139740620349,-0.25313264795
-0.0737863677757,-0.664762329191,1.22762654336,0.963434507724,-0.0857915492302,0.0021340498455,-0.25382908667
-0.074401547546,-0.664946506564,1.22786856655,0.963424939427,-0.0857420051464,0.00237665931011,-0.253879983721
-0.0743857023983,-0.664239484526,1.22860954709,0.963515305483,-0.0857882367286,0.00239634213119,-0.253520989432
-0.072727389734,-0.661194353277,1.23171220723,0.963923095621,-0.0857023508656,0.00191590369068,-0.251999408924
-0.0740729592367,-0.657829643484,1.23336164703,0.964242572497,-0.0859423468405,0.00247240813888,-0.250687178776
-0.072178751697,-0.656454945178,1.23438513397,0.964384191019,-0.0861984987141,0.00176521660166,-0.250059662764
-0.0738367433432,-0.6594301131,1.23144998567,0.963987964275,-0.0863290327072,0.00223566671486,-0.251534301118
-0.0738843484014,-0.663332615732,1.22840406513,0.963542435751,-0.0861674736848,0.00214580926231,-0.253291406266
-0.075410587268,-0.665626992148,1.22660313897,0.963268906221,-0.0860684937998,0.0026417336873,-0.254358506692
-0.0747045020233,-0.666280496266,1.22646663031,0.963223427229,-0.0860078513899,0.00236821692424,-0.254553865192
-0.0727938814187,-0.665819871039,1.22728176065,0.963301343802,-0.0862101377601,0.00163453246902,-0.254196108311
-0.073622996699,-0.666953270543,1.22630613058,0.963177490129,-0.086123262144,0.00192130617642,-0.254692392523
-0.0729196546857,-0.664574136937,1.22761722764,0.963426288003,-0.0862572673544,0.00172530386886,-0.25370552761
-0.0747086784045,-0.662152551349,1.22995221893,0.963732227579,-0.0860818180676,0.00250311391606,-0.252594236959
-0.0744119724457,-0.660183048896,1.23205027457,0.963981522727,-0.0859339019469,0.00250092710265,-0.25169174341
-0.0757284950257,-0.661556824339,1.23146225125,0.963849740768,-0.0857040114313,0.00298324568607,-0.252268903931
-0.0733573184879,-0.662815262614,1.23063364851,0.963718572206,-0.0857821556606,0.00205814019185,-0.252752249078
-0.0735325008849,-0.662816347382,1.23042981306,0.963713625197,-0.0858980665632,0.00209343249413,-0.252731454931
-0.0751053292343,-0.659570244371,1.23299143464,0.964083555791,-0.0859133129967,0.00278103364014,-0.251304727282
-0.075978535797,-0.657435639136,1.23387849691,0.964258396627,-0.0861744654567,0.00311909404439,-0.250539372735
-0.0764667460013,-0.658555853354,1.23272054683,0.964100200179,-0.0862120947528,0.00325512853034,-0.251132799275
-0.0758108127471,-0.662443428772,1.22916663079,0.963598258117,-0.0864319794966,0.00282102350355,-0.252982117352
-0.0775983220416,-0.664692982196,1.22699066898,0.963317824332,-0.0862514325156,0.00342281966363,-0.254101837888
-0.0766173820483,-0.663467680098,1.2279908123,0.963472158843,-0.0862098651994,0.00308970411458,-0.253534439487
-0.0746754908919,-0.663397256326,1.2287669113,0.963568359993,-0.0859464402831,0.00245498958667,-0.253265074672
-0.0739265101079,-0.662059408479,1.2307106028,0.963778768923,-0.0858982516281,0.00226687871784,-0.252481358128
-0.0758928875552,-0.664907790587,1.22829340527,0.963448177182,-0.085815865672,0.00293566355408,-0.253760968163
-0.0759159978708,-0.662729245667,1.2303845181,0.963706760338,-0.0859128828599,0.00297326002635,-0.25274377611
-0.0758435355597,-0.661862168237,1.23085601631,0.963777044536,-0.0861621841227,0.00288878098771,-0.252391642884
-0.0748510319281,-0.660479916535,1.23202054134,0.963940244748,-0.0861523997556,0.00257918192083,-0.251774336245
-0.0765398368341,-0.662192030947,1.22988757891,0.963665485605,-0.0863019520333,0.00311425484905,-0.252766901205
-0.0764699740656,-0.664592759783,1.22796463503,0.963369821565,-0.0862994403955,0.00300223168283,-0.253893639326
-0.0765608600622,-0.661800069366,1.23082637271,0.963694715499,-0.0864331380523,0.00306729878655,-0.252611162944
-0.075346681347,-0.663796756557,1.22922204898,0.963489073198,-0.0863759560143,0.00256472463865,-0.253419459077
-0.0753017312692,-0.663298039017,1.23000906125,0.963609570569,-0.0861034179727,0.00265231810458,-0.253052884058
-0.0753509267027,-0.663336720679,1.22956261414,0.963615565865,-0.0860624803776,0.00270646544308,-0.253043406827
-0.0750443097948,-0.660728533405,1.23149034461,0.963928158194,-0.0858703795035,0.00273789613943,-0.251915239098
-0.0731660006145,-0.660119232173,1.23257956125,0.964032840342,-0.0857009116486,0.00207906852582,-0.251578444941
-0.0719116182969,-0.662228208256,1.23098645918,0.963799893319,-0.085518979427,0.00157107126404,-0.252534753117
-0.073618903379,-0.663034730519,1.23005075077,0.963680420494,-0.0854767726719,0.00217914585788,-0.253000039157
-0.0758266001231,-0.665169788877,1.22765975784,0.963390561008,-0.0855385915012,0.00292486704617,-0.25407326006
-0.0759340108974,-0.66569884464,1.22711327804,0.963318571782,-0.0857116158063,0.00291676502792,-0.25428790899
-0.0752315452763,-0.665912123558,1.2273981963,0.963302733486,-0.0860209039003,0.00257487088221,-0.254247158863
-0.0731824837721,-0.66330457358,1.22935112024,0.963583607852,-0.0864050471815,0.00181211384289,-0.253056346973
-0.0741135809087,-0.662639021613,1.22960137648,0.963627190421,-0.0864965712724,0.00215323850718,-0.252856371491
-0.0745145930846,-0.66153896388,1.23050403565,0.963754316577,-0.0863328448324,0.00238051144846,-0.252425415416
-0.0757358167058,-0.664765413064,1.22793450903,0.963390264662,-0.0860458112098,0.00279523214145,-0.253904515527
-0.0767710243642,-0.664935539773,1.22787782077,0.963373345683,-0.0859270320985,0.00319073611237,-0.254004254266
-0.0772847632777,-0.666066727592,1.22665851533,0.963219960293,-0.0860427946405,0.00330206155064,-0.254544774004
-0.0764629579617,-0.664865935183,1.22768431261,0.963383890726,-0.0859584244963,0.00305033846282,-0.253955357854
-0.0759046535137,-0.664068104482,1.2281568529,0.963480054059,-0.085921139571,0.00288919853035,-0.253604802275
-0.0738440231812,-0.664364756743,1.22864130512,0.963492818901,-0.0858986496321,0.00213483786481,-0.253571395043
-0.074242950456,-0.665620172582,1.22736578998,0.963318961563,-0.0860217345065,0.0022225824454,-0.254188708667
-0.0728343154454,-0.665917967081,1.22776636929,0.963312363659,-0.08613002933,0.00166031697598,-0.254181335697
-0.0732343355024,-0.66421819262,1.22906414924,0.963508977692,-0.0860427307924,0.00186389120359,-0.253463260246
-0.0742632700276,-0.663587654169,1.22955720978,0.963573253361,-0.0859653096384,0.00227205860335,-0.253241759383
-0.0748433422859,-0.665389744434,1.22791698935,0.963353207146,-0.0858575049676,0.00245696826286,-0.254112279177
-0.0750760789398,-0.668025199884,1.22532349551,0.963029694942,-0.0858532189244,0.00247690927786,-0.255336829267
-0.0745325706775,-0.66605684954,1.22696425557,0.963274661073,-0.085923884905,0.00233729334955,-0.254388581498
-0.0749134526524,-0.662584732272,1.22987424478,0.963697523634,-0.0859707668593,0.00258130020067,-0.252763618973
-0.0757184069428,-0.659520937505,1.23259623963,0.964057600428,-0.0860101095374,0.00297400325441,-0.251368970676
-0.0740280593102,-0.659939865585,1.23267001137,0.964035399372,-0.0860523783122,0.00233309956969,-0.251446403017
-0.0756877536998,-0.661294425592,1.23141112336,0.963843088558,-0.0860158186606,0.00291088654124,-0.252189028944
-0.0742527928021,-0.663733286148,1.22944354223,0.963548377838,-0.0860309342047,0.00228414681259,-0.253314003955
-0.075901725766,-0.666704654281,1.22667973182,0.963185474734,-0.0857301123,0.00283987158086,-0.254786232429
-0.0742758970659,-0.668458081363,1.22540802996,0.963006810649,-0.0857369592637,0.00217724489687,-0.255464901824
-0.0743823729958,-0.66590263221,1.22717604179,0.963309449048,-0.0858182231338,0.00229434708049,-0.254292890039
-0.0728239644462,-0.661802692767,1.23125792342,0.963805040046,-0.0860030358303,0.00180642793293,-0.252349082479
-0.0714790177291,-0.659510485571,1.23439575031,0.964072950374,-0.0862020990718,0.00130353710098,-0.251258522767
-0.0705024320631,-0.66157478162,1.23452088692,0.963919563732,-0.0859746880069,0.000888186306102,-0.251925859732
-0.072104808527,-0.66145455435,1.23453409081,0.963918025288,-0.0861475256641,0.00142255526064,-0.25187024573
-0.0744953716356,-0.659323469947,1.23572002103,0.964138750956,-0.0862886160355,0.00230456751294,-0.250968987358
-0.0750530343553,-0.659307659371,1.23598820044,0.964078870051,-0.0868866152908,0.00232569277951,-0.250992508967
-0.071921292596,-0.664820508961,1.23258063926,0.963490948972,-0.0869129125497,0.000964308071557,-0.253239821102
-0.0704451783704,-0.667949812975,1.22992773982,0.963154162981,-0.0867167843369,0.00039750324942,-0.254586134026
-0.0720174021197,-0.666839603673,1.23030213726,0.963320685318,-0.0862162742538,0.00115642141309,-0.254123344031
-0.0748926101618,-0.661757460563,1.23337911321,0.963859862587,-0.086334406029,0.00234489750356,-0.252021898025
-0.0729055630958,-0.660504333794,1.23520061277,0.964076291586,-0.08640232523,0.00160462888688,-0.251175172665
-0.0722410217713,-0.660846300347,1.23506079212,0.964064452873,-0.0865329115241,0.00131007721251,-0.251177366869
-0.0698111809689,-0.663083292779,1.23426287556,0.963905634482,-0.0864757146319,0.000370783917056,-0.251808937714
-0.0709753492961,-0.665173022056,1.23113791359,0.963612756599,-0.0866471052018,0.000737514531952,-0.252867931046
-0.0696935032424,-0.665335971157,1.2309620755,0.963603261299,-0.086638281726,0.000295874721868,-0.252908037458
-0.0723606433564,-0.665623374919,1.22974897242,0.963503093094,-0.0863030566887,0.00131535041221,-0.253400556152
-0.0728663747104,-0.665576967669,1.2299467943,0.963505937355,-0.0857704438594,0.00156450902496,-0.253569106859
-0.0742844305065,-0.66417925336,1.23064897847,0.963612964077,-0.0856726876967,0.00211868983781,-0.253191147553
-0.0735731422759,-0.661661976835,1.23276362167,0.963887457677,-0.0859746527249,0.00190176140881,-0.252043074345
-0.0745813320142,-0.658129143097,1.23602544563,0.964270734339,-0.0864200298459,0.00232993508945,-0.250415855609
-0.0723496429203,-0.660218870843,1.23479337405,0.964089560639,-0.0865963438077,0.00141717407794,-0.25105852689
-0.0720003185902,-0.661450393109,1.23409899485,0.964019832082,-0.0863693857214,0.00130476083737,-0.251404833212
-0.0705855609558,-0.662531223018,1.23349191917,0.963957955378,-0.0862201708754,0.000768444497752,-0.251695355321
-0.0717317356669,-0.659817762171,1.23536382664,0.964244575282,-0.0861266556283,0.00129195259437,-0.250625076733
-0.0707307892282,-0.660671422594,1.23410295887,0.964075438397,-0.0865019475228,0.00081369614043,-0.25114796446
-0.0708113379428,-0.658888089735,1.23556609117,0.964234260546,-0.0866312840295,0.000874221288152,-0.250492608982
-0.0729140073999,-0.66015727912,1.23443047564,0.964048804785,-0.0865648203372,0.00160952378694,-0.251224686895
-0.0742842355544,-0.657048240666,1.23740382423,0.9644079455,-0.0864284946931,0.00221879753701,-0.249884987343
-0.075130877587,-0.658455558224,1.23643082074,0.964265007383,-0.0863896500029,0.00248198565457,-0.250446927822
-0.0732501991858,-0.657770585312,1.23672654861,0.964368138217,-0.0864078693571,0.00182685781135,-0.250048868614
-0.0739342522705,-0.659776464679,1.23457809662,0.964149104502,-0.0862717508856,0.00207248833404,-0.2509370321
-0.0708577927748,-0.663154955024,1.23166936186,0.963799392082,-0.0862581349639,0.000863440830365,-0.252288565821
-0.0704147968468,-0.666269970672,1.22960507024,0.963480845276,-0.0861856364005,0.000609131888286,-0.253527761443
-0.0710872798763,-0.665803768894,1.22996825797,0.963504880623,-0.0863252610807,0.000817586049188,-0.253388290708
-0.0742218332162,-0.660651377042,1.23393690491,0.964045017644,-0.0862524599328,0.00212784778152,-0.251342772674
-0.0749821180771,-0.656835457621,1.23657384791,0.964413479697,-0.0864647327709,0.00248101998206,-0.249848623583
-0.073509020775,-0.654227082721,1.23920315389,0.964744606821,-0.0863522787301,0.00206768670959,-0.248609839387
-0.0727563367505,-0.656786103414,1.2370426283,0.964433969083,-0.0866532140657,0.0016362997798,-0.249711157727
-0.0712867543711,-0.658032538349,1.23673232514,0.964352057723,-0.0865856998841,0.00107003311401,-0.250053754961
-0.0710098263572,-0.660864575375,1.23446983393,0.964066542482,-0.0864476817374,0.000891881698283,-0.251200526545
-0.0706282214497,-0.661523706058,1.23403041846,0.96403810655,-0.0861992145443,0.000795027087216,-0.251395291253
-0.0720709333753,-0.662494780244,1.23241184988,0.963893134982,-0.0861518325928,0.00132437986679,-0.251964545308
-0.0719439886822,-0.663140103508,1.23128301578,0.963780754506,-0.0862853950661,0.00124313966972,-0.252348850694
-0.0736042227119,-0.662887846869,1.23113158557,0.963759254697,-0.0863213133157,0.00185287725942,-0.252414929629
-0.0734278394616,-0.660851030319,1.23288911594,0.963970494759,-0.0863872436621,0.00181394671515,-0.25158465566
-0.0754256551791,-0.65848891803,1.23501277401,0.964208283721,-0.0864284725191,0.00259358289749,-0.250650709295
-0.0754084326366,-0.655930963921,1.23746338663,0.964527880085,-0.0862705597152,0.00271013147713,-0.249471469818
-0.0754041759521,-0.655913013907,1.23728485552,0.964533287442,-0.0862062073933,0.00273986288548,-0.249472484203
-0.072758018242,-0.658986069814,1.23521589082,0.964223793924,-0.0863119146205,0.00166064050238,-0.250639124838
-0.0696029250454,-0.663616615391,1.23151499093,0.963718635801,-0.0864995955767,0.000314604579005,-0.252515567837
-0.0697893072767,-0.665865660869,1.23004589331,0.963489130349,-0.086522728662,0.000293402082851,-0.253381978523
-0.0702165787659,-0.665487121248,1.23045786297,0.963563568706,-0.0863339893807,0.000493486448597,-0.253162887904
-0.0710079778128,-0.663224478574,1.23227883189,0.963826857708,-0.086220313203,0.000871074457731,-0.252196524917
-0.0715646828816,-0.660787403801,1.23372134621,0.964065690772,-0.0861873408342,0.0011738203669,-0.251292077674
-0.0720738505791,-0.658472938908,1.23517521285,0.964279687923,-0.0862793812781,0.00142384591231,-0.250436667618
-0.074562180502,-0.655223965652,1.23749368262,0.964611455457,-0.0861577403113,0.00247913461629,-0.249189561735
-0.0729689764964,-0.656583591251,1.23644692239,0.964442108622,-0.0864699787719,0.00177175250105,-0.249742312758
-0.0718462614314,-0.656769811737,1.23688135367,0.964463944808,-0.0864704450954,0.00134714198387,-0.249660462425
-0.0689411724837,-0.663476349172,1.23191804328,0.963722085397,-0.0868407734107,-2.76307568198e-05,-0.252385462
-0.0702745227764,-0.664982467263,1.23117523148,0.963607694417,-0.0864832963346,0.000503627850765,-0.252943861507
-0.0708666922294,-0.666520135724,1.22977179649,0.963456959855,-0.0861653196727,0.000754008780451,-0.253625029649
-0.0723040104805,-0.663633583502,1.23185846124,0.963794169308,-0.0858897843141,0.00144602681241,-0.252431482121
-0.071047703544,-0.659349662758,1.23561159228,0.96429057047,-0.085912557014,0.00110657958915,-0.250522461532
-0.0718412780745,-0.658210114795,1.23605355698,0.964350007018,-0.0862240667518,0.00135444367609,-0.250185210912
-0.0727597192285,-0.658870624092,1.23532632051,0.964223970883,-0.0864633651998,0.00160129103054,-0.250586624383
-0.074958867182,-0.660899804211,1.23301065965,0.963935150936,-0.0865361721503,0.00233830334987,-0.25166455459
-0.074184473041,-0.660479857591,1.23361624123,0.963993510257,-0.0866526607525,0.00204351667062,-0.251403366337
-0.0733097047701,-0.659246829625,1.23486159239,0.964188012761,-0.0863713018141,0.00183007733532,-0.250755109796
-0.07192267319,-0.660164484521,1.23530645341,0.964157614169,-0.0863638868305,0.00128505449042,-0.250877904021
-0.0737332922752,-0.661964646493,1.2332671763,0.96393061449,-0.0862950075095,0.00191067291663,-0.25176832894
-0.0734811010828,-0.662406892384,1.23321552096,0.96391039405,-0.0861527243476,0.00183934280088,-0.251894972456
-0.0731684647908,-0.66088892345,1.23368764071,0.964055401075,-0.0860836922597,0.00179531534158,-0.25136339914
-0.0724065610094,-0.659316517664,1.2358109804,0.964281288852,-0.085912362535,0.0015986835436,-0.250555594917
-0.0724783101868,-0.657652104626,1.23655501656,0.964397075326,-0.0863124813366,0.00158281089065,-0.249971861172
-0.0724686040148,-0.65720066637,1.23704994194,0.964448247546,-0.0863406327633,0.0015758343132,-0.249764668611
-0.0722766953478,-0.656959104829,1.23693108354,0.964462221781,-0.0863748408653,0.00150061413088,-0.24969933476
-0.0719845637611,-0.656911532931,1.23735673815,0.964495212407,-0.0862934202374,0.00141505405475,-0.249600537841
-0.0719911784174,-0.660789932328,1.23412926825,0.964063989152,-0.0862925729252,0.0013027769403,-0.251261854348
-0.0727861659872,-0.662096415409,1.23304637999,0.963910119491,-0.086352595488,0.00154241452962,-0.251829568863
-0.0730228426917,-0.663014940366,1.23203819195,0.963802013476,-0.0863199876246,0.0016113268198,-0.252253725805
-0.0721412711406,-0.661258214443,1.23330836551,0.963978332048,-0.0865001442314,0.00129462774864,-0.251519033731
-0.0715293398611,-0.65850669984,1.2355022583,0.96430346802,-0.0863265296575,0.00119815489039,-0.250330014713
-0.0717021784067,-0.657614262099,1.23605189029,0.964393668163,-0.0862390219837,0.00131089037431,-0.250011930636
-0.0735780477203,-0.657041229706,1.23639809627,0.964444462488,-0.0861480636453,0.00203993113636,-0.249842407505
-0.0723517963481,-0.659620180357,1.23424812111,0.964135379384,-0.0863970573433,0.00145190547931,-0.250951012496
-0.0724581420244,-0.659822790062,1.23464000103,0.964137152286,-0.0864297125261,0.00146440895807,-0.250932883222
-0.0708218996013,-0.660133617982,1.23471403087,0.96413450645,-0.0863771365155,0.000865911122155,-0.250963929596
-0.0725394057782,-0.661069234792,1.23363905358,0.964021015755,-0.0862695341147,0.00149218963284,-0.251433534035
-0.0727109364449,-0.662682434985,1.23203432279,0.963835813183,-0.0862252196021,0.0015271469567,-0.252157499498
-0.0729060486578,-0.663525798073,1.23037954222,0.963679216921,-0.0864044330003,0.00153760336484,-0.252694037541
-0.0718360992306,-0.660427387222,1.23326454334,0.964051130455,-0.086358077241,0.00125270017011,-0.251288939483
-0.0711148606015,-0.659911205574,1.23373998766,0.96410402917,-0.0863873621441,0.000985092815101,-0.251077028406
-0.0711305491266,-0.658634562602,1.23570462919,0.964298321809,-0.0862485610324,0.00104931020984,-0.25037737762
-0.0725374357792,-0.66003561059,1.23431121491,0.964110394002,-0.0863318081446,0.00150909307977,-0.251069093512
-0.071307035455,-0.659475827126,1.2348158361,0.964178569131,-0.0864472051207,0.00105834444908,-0.250769710017
-0.0727092573134,-0.659273313334,1.23500867524,0.964173395715,-0.0866758717209,0.00151578702407,-0.250708313877
-0.0715211979603,-0.659572025845,1.23509122948,0.964167928206,-0.086595892511,0.00108718006461,-0.250759198552
-0.0735563884872,-0.661453226179,1.23337498331,0.963953277288,-0.0864301282342,0.00180172352968,-0.25163597901
-0.0721100455731,-0.66174373521,1.23328080552,0.963971359789,-0.086145697887,0.00134971320637,-0.251667070782
-0.0711555572037,-0.660704254809,1.23407531013,0.964080991901,-0.0863347625554,0.000990873912409,-0.251183534489
-0.0697843905035,-0.659097238331,1.23538458038,0.964247268533,-0.0865183454936,0.000502944843589,-0.250482590344
-0.0712272325884,-0.658982331862,1.2354863153,0.964242005292,-0.0866194189204,0.000995812793502,-0.250466444564
-0.0721812638,-0.659211947899,1.23533960533,0.964211570813,-0.086546885965,0.00135645882301,-0.250606949742
-0.0715161678105,-0.662324782169,1.23363761241,0.963887157969,-0.0867150647316,0.000977876388877,-0.251795726748
-0.0698416084894,-0.662916006749,1.23340500707,0.963861557861,-0.0865665089941,0.000405367006225,-0.251946368252
-0.0701018161404,-0.665562646244,1.23130250027,0.963575679071,-0.0865499004079,0.000403908240219,-0.253043202437
-0.0721269121971,-0.662472355383,1.23282618832,0.963872933791,-0.0864439183299,0.00127051335985,-0.251942061365
-0.0738635620107,-0.660906302871,1.23341961775,0.96399339924,-0.0863872444265,0.00199558739131,-0.251495502649
-0.0717011201781,-0.66315227161,1.23135948673,0.963751903011,-0.0864066672125,0.00117908791485,-0.25241784219
-0.072262637667,-0.663485859758,1.22996707073,0.963735005299,-0.0861297616876,0.00149376624894,-0.252575280611
-0.0706958852303,-0.666206490923,1.2269614121,0.96342234424,-0.0863044566295,0.00079428815011,-0.253709078457
