ID,xp,yp,zp,xo,yo,zo,wo,xori,yori,zori,xoori,yoori,zoori,woori
15,0.18888983508,0.844813778309,-0.0180964791773,0.999555299095,-0.00884897343348,0.0284763010342,0.0,0.082444984829,-0.596486457799,1.77871970029,0.924020235727,0.000819975678595,0.00353139458475,0.38232638002
15,0.18901533963,0.847351471216,-0.0183323195221,0.999599089268,-0.00665343160542,0.0275207663903,0.0,0.0825328000913,-0.597176034904,1.78116665941,0.924168590122,-0.000412297982311,0.00340674022276,0.381969424383
15,0.189648571287,0.852474608354,-0.0209066479166,0.999580082382,-0.0068894792306,0.0281459407417,0.0,0.0828780277886,-0.599220977808,1.78660065308,0.925107825806,-0.000161649538095,0.00331860160103,0.379689967454
15,0.189502234926,0.850207980723,-0.0207012842109,0.999457630601,-0.00899448336014,0.0316787610618,0.0,0.0827756647558,-0.598421049233,1.78457360838,0.924347898101,0.00153015979618,0.00215164206038,0.381541599728
15,0.189190377052,0.847865920844,-0.0206032572763,0.999506105589,-0.00762344474168,0.0304865213088,0.0,0.0826170718296,-0.597664528817,1.78228954753,0.924035533667,0.000631514708752,0.00222965260886,0.382299571488
15,0.189369892791,0.849303468485,-0.0209005020066,0.999557405024,-0.00965847783392,0.0281373038592,0.0,0.0828632708974,-0.598051917542,1.78332097913,0.92453154857,0.001095670737,0.00367472849327,0.381086225905
15,0.188875111547,0.847051023408,-0.0192149510838,0.99954343609,-0.00772177510469,0.0292111889186,0.0,0.0826878571366,-0.597053389685,1.7806669922,0.924201228289,0.000475494095273,0.00258306769136,0.381896833314
15,0.188354043204,0.845828239541,-0.0181604046616,0.999599828294,-0.00757603966074,0.0272541170814,0.0,0.0823176557117,-0.596850360933,1.77935752851,0.924493073949,6.11420351916e-05,0.00340537484626,0.381183624916
15,0.188591042228,0.848721202048,-0.0193381557801,0.999524583521,-0.00938129772377,0.0293700219492,0.0,0.0826540496869,-0.597754967059,1.78238279302,0.924438351148,0.00136885427621,0.00262253385961,0.381320053868
15,0.189236538301,0.851696110213,-0.0210948828717,0.999588953619,-0.00895482017078,0.0272348122635,0.0,0.0828181630051,-0.5989781427,1.7859020383,0.92506636377,0.0004607509444,0.00337835808695,0.379790201331
15,0.189062190312,0.845216543641,-0.0187060464753,0.999608919948,-0.00876519174878,0.0265551986373,0.0,0.0825520379866,-0.596684818069,1.77949251003,0.92396665457,0.00011659705584,0.00379041033188,0.382454233127
15,0.189491445592,0.846990749122,-0.0194615449789,0.999484824338,-0.0104999586326,0.0303288111514,0.0,0.0826251938499,-0.59741744874,1.7815030813,0.924363924201,0.00157266849816,0.0025959826355,0.381499833844
15,0.189757808353,0.850994575558,-0.0209453075581,0.999559758166,-0.00815199768282,0.0285277897679,0.0,0.0828554156579,-0.598872933915,1.78559406287,0.925088300284,0.000276969160428,0.00309361407471,0.379739370514
15,0.189830109742,0.854732646774,-0.0224672816707,0.999582649186,-0.0066912781492,0.0281025664703,0.0,0.0830581305663,-0.599983538067,1.78936053444,0.924414102863,-0.000352964231642,0.00289777646701,0.381379135161
15,0.189032351996,0.848755144533,-0.0202572118,0.999568387045,-0.00918470985207,0.0279048512714,0.0,0.0827954429223,-0.597867873388,1.7831073012,0.924344669375,0.000845934984271,0.00332067703577,0.381543168849
15,0.188996459937,0.848897192869,-0.020061560086,0.999557695016,-0.00983298049153,0.0280664716163,0.0,0.0827982406816,-0.597831579706,1.7828835202,0.924481460275,0.00123561325575,0.00352641536957,0.381208692531
15,0.188696167891,0.848352073808,-0.0193471048314,0.99958710976,-0.00921033423954,0.027217269223,0.0,0.0825377134848,-0.597461429412,1.78167905635,0.924413475795,0.000652796868424,0.00356512089037,0.38137460526
15,0.189536549955,0.851021516266,-0.020368052121,0.99957472516,-0.0103385288206,0.027266896455,0.0,0.0829429580631,-0.598412767015,1.78467191381,0.924836639559,0.00114038209548,0.00415722577992,0.380340120329
15,0.189804883178,0.856586106914,-0.022678904299,0.999537190463,-0.00884062546633,0.0291075286378,0.0,0.0831015196067,-0.600429958,1.79028059606,0.925195518532,0.000684760388335,0.0025217317381,0.379481784097
15,0.18901175902,0.8487328025,-0.0197647920936,0.99961173478,-0.00929515429109,0.026267466502,0.0,0.0827122964074,-0.597700622608,1.78238424602,0.924306406229,0.000369795596233,0.00386273022187,0.381631510715
15,0.188633365331,0.845888225669,-0.0187995319955,0.999570562699,-0.00933882922059,0.0277754649884,0.0,0.0825449637367,-0.596638449287,1.77953850805,0.924113189858,0.000673142113496,0.00296921679632,0.382106716719
15,0.188875613804,0.848824494609,-0.020365021463,0.999524559856,-0.00975110088555,0.0292501329368,0.0,0.0826519183486,-0.597806034998,1.78252640076,0.925015693178,0.00132734251371,0.0027959495732,0.379916291047
15,0.189300981493,0.856993293635,-0.0231152487587,0.999553227148,-0.00738532946404,0.0289620960422,0.0,0.0830694662411,-0.600459811143,1.79031926157,0.925218216836,0.000293356349764,0.00235389407928,0.379428022633
15,0.188279722659,0.845168356167,-0.0179461298657,0.999492785176,-0.0109241725523,0.0299137900482,0.0,0.0824768009115,-0.596254890552,1.77810001014,0.924285097493,0.00206219496942,0.00252946277349,0.381688888655
15,0.188950684944,0.854008141995,-0.0216869901428,0.999595991057,-0.00467898806306,0.0280350090671,0.0,0.0827396755674,-0.599394948088,1.78738635743,0.924903277547,-0.00118210746023,0.00219537551834,0.380194305758
15,0.18962929978,0.8554849835,-0.0234452711251,0.999590268274,-0.00634654910959,0.0279108739874,0.0,0.0829687186589,-0.600270308049,1.78973654453,0.925312659871,-0.000536308521369,0.00284239909169,0.379194032947
15,0.189766455564,0.853279253391,-0.0231889836313,0.999566243514,-0.00772189465056,0.0284200135525,0.0,0.0830946316631,-0.599364908787,1.78775458628,0.924519705018,0.000270269876287,0.00316948438685,0.381120973388
15,0.18922638422,0.853282201469,-0.0231402294342,0.999567363533,-0.00723920455687,0.0285075372034,0.0,0.0829180353596,-0.599533344565,1.78765484871,0.925052401407,0.000148182528078,0.00266846075996,0.379830109404
15,0.18928324479,0.851316271502,-0.0218197092946,0.999569708864,-0.00984317575424,0.0276316668309,0.0,0.0829119416618,-0.598713169091,1.78560730921,0.924318450301,0.00109671759371,0.0037081842467,0.381602475114
15,0.189047891119,0.851586914877,-0.0208439827874,0.999600032459,-0.00530283074649,0.0277786805756,0.0,0.0826421788445,-0.598726366496,1.78520473511,0.924533153063,-0.00100841080749,0.00264333866651,0.381091123954
15,0.188228087154,0.839341841586,-0.015916221867,0.999704731743,-0.00658336687493,0.0233903529555,0.0,0.0818867073074,-0.594455902218,1.77272958936,0.923981075227,-0.00149733201885,0.00506588897345,0.382401709447
15,0.189520607288,0.849580475928,-0.0208135060633,0.999487070595,-0.0116315801645,0.0298379298172,0.0,0.0828372914465,-0.598155014147,1.78368811378,0.924292159249,0.00211893708982,0.00303833035166,0.381667765216
15,0.189292864046,0.850895389521,-0.0215818273144,0.999562305433,-0.00803935241323,0.0284704473007,0.0,0.0828004093674,-0.598617448025,1.78519590375,0.924688215414,0.000193336450879,0.00251854886426,0.380716855166
15,0.189658956853,0.852905934597,-0.0222733431644,0.999538170846,-0.00981291553991,0.0287602453193,0.0,0.0831023386994,-0.599221853732,1.78711391962,0.924271512218,0.00105742562637,0.00280745320406,0.381723947061
15,0.188939218362,0.847700977871,-0.0197234696793,0.999568567847,-0.00800539195687,0.0282593678601,0.0,0.0825540291489,-0.597339949534,1.78124248667,0.924025171605,6.08331805257e-05,0.00256958192747,0.382322999293
15,0.189162852374,0.847882324401,-0.0201726215287,0.99951350082,-0.00863150058196,0.0299709672192,0.0,0.0826482309241,-0.597300925328,1.78153341256,0.923834906193,0.000834622017769,0.00238967072148,0.382782783023
15,0.189948055576,0.855182763623,-0.0232396892279,0.999626465662,-0.00741661105507,0.0263044298425,0.0,0.0830597547987,-0.600133881571,1.78937920162,0.925355418995,-0.000457347053714,0.00396601933996,0.379079688272
15,0.189546469093,0.849337487405,-0.0209475796931,0.999578566781,-0.00982525458342,0.0273158050339,0.0,0.0829181823936,-0.598065601146,1.78350964045,0.924798009611,0.000981240369624,0.00422093365962,0.380433781761
15,0.189585675173,0.850595255891,-0.022112023787,0.999451179779,-0.00669706741015,0.0324420795668,0.0,0.0827167693957,-0.598609391191,1.78511940379,0.924332005727,0.000500276596661,0.00118897856294,0.381587053295
15,0.189380409963,0.848054524813,-0.0206537218278,0.999489370182,-0.0086353945043,0.0307640838459,0.0,0.0827160623258,-0.597636742717,1.78215933597,0.924251173435,0.0010478564464,0.00227937740858,0.381776734283
15,0.189320203218,0.850634507867,-0.02171963107,0.999455642692,-0.00848424584488,0.0318815912919,0.0,0.0827544641519,-0.598521864542,1.78497583536,0.924629353463,0.00137337054502,0.00181065429569,0.380861384364
15,0.189437663616,0.853746704743,-0.023116853507,0.999672338613,-0.00524901440979,0.0250532085556,0.0,0.0828241265894,-0.599685198544,1.78828532574,0.925076620752,-0.00147614233911,0.00423815951666,0.379754005569
15,0.189041713658,0.845615597328,-0.0195418297755,0.999461158203,-0.0107352659146,0.0310184994708,0.0,0.0825344815455,-0.596848908123,1.77984954774,0.924153582836,0.00216339865299,0.0027231137666,0.382005313693
15,0.189976273778,0.852978641414,-0.0230252260748,0.99959883266,-0.00638221164387,0.0275942225537,0.0,0.082921626733,-0.59946073929,1.78751014027,0.924996899521,-0.000710656278849,0.00337699479331,0.379958980351
15,0.188895850578,0.845567286474,-0.0192077910985,0.999445648535,-0.0100716222748,0.0317326023102,0.0,0.0824844023249,-0.596884916078,1.77991190328,0.924329848829,0.00194344499539,0.00194141332567,0.381584570574
15,0.189158034155,0.846725344515,-0.0197690033834,0.999500092258,-0.00736683436937,0.0307456554243,0.0,0.0826180707563,-0.597399968412,1.78125561335,0.924874781347,0.000504317105997,0.00190267593008,0.380266701563
15,0.189448851611,0.84952938867,-0.0211487596776,0.999449927261,-0.0070467649222,0.0324065734252,0.0,0.082803250509,-0.598300139954,1.78425667407,0.924288317845,0.000708269601773,0.00108001202218,0.381692857444
15,0.188841073738,0.844510128565,-0.019057347408,0.999621995941,-0.0082016962809,0.0262411396314,0.0,0.0824272095905,-0.596325387029,1.77840978138,0.924263125425,-6.96981090388e-05,0.00413864317886,0.381733600505
15,0.189214176314,0.850023337086,-0.0218518783927,0.999617293378,-0.00814090944261,0.0264384639017,0.0,0.0827617700964,-0.598173775219,1.7840147775,0.924560993742,-4.50301598367e-05,0.00386610665051,0.381014461723
15,0.189438224409,0.850593933461,-0.0215757890359,0.999371598901,-0.00988329055719,0.034040092218,0.0,0.0828978640166,-0.598313942829,1.78423698499,0.924535234808,0.00227964402884,0.000790084983723,0.381088937898
15,0.189209496019,0.849477289045,-0.0203726839925,0.999529648115,-0.0105865513821,0.0287820685351,0.0,0.082726922941,-0.598033210571,1.78310035339,0.924469612772,0.00142537577356,0.00309057378887,0.38124054312
15,0.189190946144,0.84694096309,-0.0190029538568,0.999522653402,-0.010577820181,0.0290271434519,0.0,0.082560651644,-0.597038419737,1.7806064516,0.924127291275,0.00144600813119,0.00324332070312,0.382068239262
15,0.189432667461,0.85055353035,-0.020929309086,0.999507042437,-0.0088968606532,0.0301084371733,0.0,0.082736378746,-0.598406733874,1.78435176112,0.924643619599,0.000859025465656,0.00219410267779,0.380826239542
15,0.189526479697,0.849706307774,-0.0209275279891,0.999474792295,-0.0115894168471,0.0302626004238,0.0,0.0827317118019,-0.598041982455,1.78343904915,0.924532980972,0.00217736545289,0.00303173019369,0.381083763479
15,0.189298247403,0.84580125942,-0.0199915156762,0.999620655504,-0.010005395059,0.0256600303894,0.0,0.0825782706928,-0.59675711871,1.77992064702,0.924154572282,0.000461368668649,0.00468455362288,0.381989749374
15,0.190153795151,0.852965411063,-0.0229418932727,0.999538672175,-0.00938800862604,0.0288843923344,0.0,0.0829933568582,-0.599331041655,1.78738175192,0.924779258787,0.000813302462029,0.00328544777932,0.380488983927
15,0.18902158435,0.84822300332,-0.020269978182,0.999595862775,-0.0106522162202,0.0263560507723,0.0,0.0827097626142,-0.597591368373,1.7820094811,0.924647080118,0.001093619377,0.00433103532089,0.380798927729
15,0.189185938389,0.851397975341,-0.0217011596628,0.999591005477,-0.00753039368978,0.0275883116514,0.0,0.082758496148,-0.598703350142,1.78531354853,0.924936187854,-6.85610532607e-05,0.00311821747194,0.380109616319
15,0.188619625499,0.848592970508,-0.0203491369562,0.999492695845,-0.00925583834672,0.0304742581322,0.0,0.082698651294,-0.597669688281,1.78210543025,0.92491010889,0.00153727721067,0.00211071318462,0.380176895854
15,0.189113218695,0.852529935578,-0.0222755127157,0.999572794333,-0.00986762287245,0.027511067752,0.0,0.0830474832982,-0.598938464843,1.78631527277,0.924656271983,0.00119600760352,0.00358377025237,0.380784065895
15,0.189436264013,0.850285604554,-0.0215287941896,0.999526928465,-0.00982944180429,0.0291427752297,0.0,0.0829014351424,-0.598182057772,1.78421075338,0.924589373375,0.0013777561223,0.003291347792,0.380948499747
15,0.18889484138,0.849754459595,-0.0212969645118,0.999576038662,-0.00892257094365,0.0277151702134,0.0,0.0827947247508,-0.598068807877,1.783463757,0.924997928824,0.000737401302272,0.00333842143838,0.379956764452
15,0.189576112648,0.849480447653,-0.0211076072505,0.999512492822,-0.0103835968931,0.0294441438551,0.0,0.0828929559278,-0.59807188018,1.78349995503,0.924420760773,0.00151929275307,0.00310792099513,0.381358479162
15,0.189248377807,0.849361949907,-0.020885970542,0.999424622495,-0.0105095296984,0.0322486237905,0.0,0.082810574929,-0.597882271035,1.7831663155,0.924648250538,0.00223056671443,0.00167169366125,0.380812083303
15,0.189443590762,0.85164285009,-0.0215367558839,0.999561501304,-0.00722065645449,0.0287170198914,0.0,0.0827866683183,-0.598814622064,1.78539998104,0.924820703843,-4.9576418454e-05,0.00269421929833,0.380393749249
15,0.189743787898,0.853677831482,-0.0221970681872,0.999543135055,-0.00720616995223,0.029352892191,0.0,0.0828315094718,-0.599513942072,1.78775112057,0.924827739063,0.000111658333373,0.00272068004213,0.380376443136
15,0.189600896718,0.847457930757,-0.0192377914802,0.999516467202,-0.00929841776501,0.0296710501913,0.0,0.0826246776313,-0.597188838118,1.78122327089,0.923940168875,0.000959932769204,0.00309768366096,0.382523263639
15,0.189144777922,0.847631932123,-0.0189114273019,0.999484591596,-0.010344240227,0.0303899301939,0.0,0.0825206565186,-0.597165845303,1.78104971852,0.924196046263,0.00167751743926,0.00271920421861,0.381905040468
15,0.189262657897,0.849005693909,-0.0203935416678,0.999531117827,-0.00967824717776,0.0290495443399,0.0,0.0826964329664,-0.597703772127,1.78255456307,0.924325913162,0.00104387733467,0.00288678999167,0.381591644328
15,0.188609083782,0.844050906292,-0.0186843618425,0.999640969608,-0.00796814498531,0.0255820356253,0.0,0.0824372835791,-0.596004543259,1.77760701525,0.92381519489,-0.000256561875301,0.00419136718366,0.382815689735
15,0.189381042876,0.847695239941,-0.0209682309981,0.999581855166,-0.00994940997748,0.0271500287932,0.0,0.0826453135768,-0.597457528287,1.78182475848,0.92462620556,0.000832387216578,0.00414050115549,0.380852390532
15,0.18942768557,0.849631569939,-0.0208159039937,0.999556474895,-0.00825954040103,0.0286117718457,0.0,0.0827504640477,-0.598113316855,1.78365260858,0.924582407791,0.000340426281515,0.00291005142794,0.380970847853
15,0.189466833464,0.848991862218,-0.0200774550698,0.999543719797,-0.0103278664284,0.0283846329833,0.0,0.0827509926624,-0.597844049787,1.78283097496,0.924689732487,0.00115913602501,0.00340611209805,0.380704548748
15,0.189547254828,0.853445433573,-0.0217556539193,0.999687750411,-0.0070892178915,0.0239613160621,0.0,0.0829412077236,-0.599398245928,1.78731539336,0.925396310253,-0.00111757200537,0.00464097120744,0.378970818652
15,0.18884702574,0.845770360207,-0.0184871758221,0.999732601229,-0.0040125894963,0.0227733432874,0.0,0.0823592644527,-0.596689006698,1.77938363216,0.924550999035,-0.00267339244224,0.00495270799197,0.381016763201
15,0.189126858537,0.848828886908,-0.0203236079129,0.999625654529,-0.00920189607741,0.025765789652,0.0,0.0827237870994,-0.597825124614,1.78299927786,0.924416138198,0.000345375382881,0.00441207378804,0.381359696035
15,0.188995190375,0.850113697114,-0.0209346849651,0.999541029249,-0.00895605776937,0.0289399356798,0.0,0.0826355524562,-0.598266720184,1.78389544293,0.924839452919,0.000918046514788,0.00293214251812,0.380345298453
15,0.189717157977,0.852533332653,-0.0220589315816,0.999615969392,-0.00882152716659,0.0262696477998,0.0,0.0829140691676,-0.599197884985,1.78666698503,0.925246740438,8.74361233832e-05,0.00414440329967,0.37934322926
15,0.18945571518,0.850146820684,-0.020967002353,0.999591315076,-0.00859904882965,0.0272627801971,0.0,0.082814361871,-0.598227180705,1.7837858299,0.925011266451,0.000399825445523,0.0040523368868,0.37991785381
15,0.18934698564,0.84686441293,-0.0194924712967,0.999528697822,-0.00998436363863,0.0290292044767,0.0,0.0826714173924,-0.597108215614,1.78071202606,0.92453203756,0.00138154389319,0.00363728796384,0.381084469636
15,0.189833187562,0.855550085669,-0.0234529073609,0.999527960818,-0.00760389819982,0.0297663614539,0.0,0.0830371525525,-0.600156173875,1.7896161183,0.925290975347,0.00048917685421,0.00262473677049,0.379248576008
15,0.189904352753,0.850238489692,-0.0209559309504,0.999504608363,-0.00970551581356,0.0299389516207,0.0,0.0829649974571,-0.598292213467,1.78432619233,0.924543671357,0.00128759717146,0.00297209478041,0.381062342013
15,0.190009149597,0.850466211116,-0.0208652772866,0.999574356437,-0.00801622131918,0.0280507780637,0.0,0.0828682363253,-0.598471717431,1.78475824037,0.924840098924,-5.41196989664e-05,0.00332416416772,0.38034160754
15,0.189631809192,0.847965379347,-0.0196842533394,0.999555020582,-0.00635681069923,0.02914364058,0.0,0.0824579021562,-0.597607858559,1.78205145907,0.924641772366,-0.000606938467413,0.00257434427715,0.380828829231
15,0.189970308643,0.850174477969,-0.0206182717786,0.999529770351,-0.00683869974737,0.0298909746869,0.0,0.0826501882459,-0.598380541247,1.78433455509,0.92464162717,-0.000371866300061,0.00214940196196,0.380832119301
15,0.190151627471,0.853570542661,-0.0220661310329,0.999544572284,-0.00758865635132,0.0292071962554,0.0,0.0829596877907,-0.599363751397,1.78752542943,0.924671546439,-2.30468318072e-05,0.00267026597856,0.380756353006
15,0.189278219676,0.850360575954,-0.0207426182847,0.999505377362,-0.0128946678913,0.0286832383956,0.0,0.082759041326,-0.598198422957,1.7839108288,0.924668258688,0.00244176047304,0.00364281924984,0.380748445891
15,0.188972346247,0.846725669854,-0.0189652512541,0.99948625717,-0.0100069456772,0.0304480338542,0.0,0.0824539791787,-0.596976078422,1.78002555999,0.924928063405,0.00146891008565,0.0023685050562,0.380131963945
15,0.189169772321,0.849025729085,-0.0200468494141,0.999515202911,-0.00981892209538,0.0295456920354,0.0,0.0825468805263,-0.597739492117,1.78232365664,0.924764167004,0.00125869894367,0.00290527849173,0.380527542314
15,0.189759977907,0.855532721262,-0.0223487260585,0.999630759202,-0.00780149400711,0.026028483416,0.0,0.0829139262956,-0.599926064602,1.78874123621,0.92521852382,-0.000371770016737,0.00415593292345,0.379411746246
15,0.190132232252,0.856565644824,-0.0233550861124,0.999487918249,-0.00714992279255,0.0311894193406,0.0,0.0830807111573,-0.60032836752,1.7901252937,0.924930007084,0.000483067754257,0.00203475735866,0.380131698761
15,0.189875167285,0.850917330492,-0.0217674994847,0.999429068918,-0.00810722841255,0.0327995281975,0.0,0.0828585138562,-0.598511881021,1.78505763517,0.924273143976,0.00122439871032,0.00160442702119,0.381726449157
15,0.189699489827,0.845579983547,-0.0196412290737,0.999532172229,-0.00927520679855,0.029144591557,0.0,0.0826299810012,-0.596838882095,1.77995906439,0.924267401603,0.00097948649785,0.00379069747354,0.381725610293
15,0.189684536022,0.850193442545,-0.0213536573996,0.999567410481,-0.0103094211941,0.0275446499289,0.0,0.0828521354196,-0.598216783306,1.78431991591,0.924787503352,0.00117127855256,0.004320539411,0.38045766478
15,0.189289763155,0.845197243739,-0.018466043546,0.999549424919,-0.0102981738474,0.0281938780397,0.0,0.0825192269604,-0.59651624809,1.7787320799,0.924173392174,0.0011083627865,0.0038097905331,0.381952612539
15,0.189829512561,0.851307941137,-0.0218399505712,0.999587147697,-0.00864634300555,0.0274002721086,0.0,0.082882898639,-0.598820736772,1.7856562525,0.925005860778,0.000180668842779,0.00361882758951,0.379935558972
15,0.189582549773,0.849449606941,-0.0210307507981,0.999461542304,-0.00892330003791,0.0315753095136,0.0,0.0827392699367,-0.598270241181,1.7838949762,0.924929948821,0.00121847658458,0.00178727449697,0.380131438766
15,0.189378357807,0.848625398991,-0.0210572524519,0.999564780407,-0.00725966134329,0.0285927803291,0.0,0.0827244418906,-0.597941601153,1.78293517668,0.92484914301,-4.25127605344e-05,0.00284144198373,0.380323529476
15,0.189307921737,0.849236700204,-0.0208329153584,0.999552961233,-0.0130881056819,0.0268808329321,0.0,0.0827783545696,-0.597724520313,1.78296953977,0.924689705492,0.00223372641965,0.00473457807656,0.380685621995
15,0.189420108457,0.85071729518,-0.0211059356666,0.999555294342,-0.0081898552391,0.0286729807145,0.0,0.0828021249498,-0.598366212816,1.78409127205,0.92508081045,0.000314087179873,0.00282784601454,0.379759659224
15,0.188939465846,0.849162950359,-0.0199445159599,0.999548011328,-0.0104022195845,0.0282057950958,0.0,0.0826154590421,-0.597693006193,1.782274775,0.924569765695,0.00132378828997,0.00338135658684,0.380995488654
15,0.18836232104,0.847021177169,-0.0199796842644,0.999637801693,-0.00758716155721,0.0258205423071,0.0,0.0824828648851,-0.597143386781,1.78090153971,0.924260489195,-0.000234449113226,0.00369625769039,0.381744457492
15,0.1883087313,0.84575172245,-0.0196254978713,0.999646578536,-0.00986530769016,0.0246859013697,0.0,0.0825347512559,-0.596829232327,1.77990148477,0.924215665861,0.000576853318853,0.00459096396442,0.381842890816
15,0.1888076574,0.849146294551,-0.0214059292022,0.999587798935,-0.00932702491071,0.0271521421956,0.0,0.0828694982007,-0.598104681381,1.78366538243,0.924449740298,0.000831381469083,0.00337055888908,0.3812881139
15,0.189181585565,0.84940398419,-0.0204205523812,0.999497652528,-0.00979845401267,0.0301402204863,0.0,0.0826757583956,-0.59799366463,1.7830752331,0.924672423503,0.00142344656823,0.00250849297569,0.380752663123
15,0.189249616731,0.848403206482,-0.0197774208993,0.999539745535,-0.0116414052659,0.028013831931,0.0,0.0827581884718,-0.597546687612,1.7819006596,0.924581311138,0.00186373029026,0.00403792709077,0.380958817654
15,0.18822033006,0.839753159092,-0.0151944965975,0.999594458261,-0.00668830904161,0.0276800566374,0.0,0.0819795203567,-0.594378972989,1.7725698702,0.923617556623,-0.000497303356983,0.00317852746704,0.383301785477
15,0.189382321956,0.85147304124,-0.0205235680727,0.999598532595,-0.00846339541517,0.0270396851473,0.0,0.082642560889,-0.598571123017,1.78461047264,0.925285660224,0.000123179396898,0.00386608413942,0.379251216484
15,0.189771100032,0.849449945486,-0.0216094653215,0.999519498602,-0.00833057252376,0.0298558784185,0.0,0.0828514164722,-0.598100252988,1.78379006567,0.924430506835,0.000644943487947,0.00271918993574,0.381340304829
15,0.188883563297,0.840345901811,-0.0175296005349,0.999635194945,-0.00842054558971,0.0256626467609,0.0,0.0823036852092,-0.594882380439,1.77432106804,0.923846562848,-0.000181957332969,0.0046444927827,0.38273479577
15,0.189734663943,0.852086801648,-0.0227836724096,0.999637465534,-0.00714273661555,0.025959946343,0.0,0.0828192960088,-0.599189380508,1.78677239538,0.925347977453,-0.000581303403692,0.00436125771293,0.379093342253
15,0.189644965985,0.848705973101,-0.0204702154947,0.999528090759,-0.00824003572473,0.0295921880757,0.0,0.0827957360337,-0.597931151721,1.78279700787,0.924948238747,0.000666961614949,0.00308945075628,0.380079946979
15,0.188474711192,0.841579815642,-0.0170966977244,0.99956718124,-0.00637002476388,0.0287206018908,0.0,0.0820852294787,-0.595160199092,1.77533863661,0.923552038607,-0.000440549890471,0.00259866138515,0.383464059411
15,0.189117355379,0.846649477197,-0.0193692379468,0.99953754278,-0.00809823419366,0.029310734815,0.0,0.0825286575587,-0.597085351262,1.78062028171,0.924056655813,0.000367025922677,0.00246287958535,0.382247428197
15,0.188704133589,0.848429488797,-0.019463058183,0.999610604903,-0.00761364747285,0.026845315021,0.0,0.0825485283109,-0.597676160233,1.78215332296,0.924937509464,-0.000102656782182,0.00338500216857,0.380104110487
15,0.189059319333,0.849038392441,-0.0200215475039,0.99958493081,-0.00881582925831,0.0274271262071,0.0,0.082621019685,-0.597864103839,1.78299717337,0.924679388098,0.000414426377487,0.00340713553343,0.380731202958
15,0.188416460527,0.844189885601,-0.0176952776371,0.999660612075,-0.00831918861791,0.0246870769342,0.0,0.0822553876377,-0.596025377763,1.77759120332,0.924091480076,-0.000331805160004,0.00456335414538,0.382143954753
15,0.189415666745,0.854755544404,-0.0226319866178,0.999607947331,-0.00861450094945,0.0266409835753,0.0,0.0829364785755,-0.599766348271,1.78823025788,0.925333964086,0.000184897005979,0.00365490840702,0.379135414288
15,0.188535364362,0.846835388253,-0.0197166007204,0.999559294866,-0.00965486404815,0.0280713314143,0.0,0.0825597906525,-0.596932654398,1.78018663933,0.924330353427,0.00117042038799,0.00333732636373,0.381576846917
15,0.188826032069,0.851495519832,-0.0217278575025,0.999533680463,-0.00954466749482,0.0290055329542,0.0,0.0829816396639,-0.598597050371,1.78523433719,0.92443096871,0.00137948324878,0.00261343020614,0.381337974897
15,0.189123417371,0.852072566412,-0.0217695280203,0.999616891193,-0.00950612946964,0.0259943136837,0.0,0.0829038001753,-0.598921744512,1.78597460557,0.924932521047,0.000595226695949,0.00415461513696,0.380108164064
15,0.188861537916,0.856840119039,-0.0231111085155,0.999674961309,-0.00627655668758,0.0247098475849,0.0,0.0830121567109,-0.600353395457,1.79020077822,0.925461062205,-0.000950275785198,0.00383366536426,0.378822151316
15,0.187627868672,0.84080099826,-0.0160626110681,0.999609947014,-0.00605608507261,0.0272631191148,0.0,0.0821741680823,-0.594608741573,1.77359787552,0.923218131293,-0.000568220863668,0.00267901047621,0.38426655082
15,0.188809458208,0.853942524632,-0.0221530051919,0.999594288284,-0.0104917874497,0.0264798267752,0.0,0.0829358563293,-0.599396664681,1.78730076133,0.925301028474,0.00120420884001,0.00374716987454,0.37921302101
15,0.188974808308,0.845042582274,-0.0188898979966,0.999526424539,-0.00925228454847,0.0293482857932,0.0,0.0825861047607,-0.596413323964,1.77887450277,0.924094037577,0.00102261724302,0.00277020797664,0.382153751671
15,0.189520086803,0.845434837918,-0.0189032668975,0.999464691475,-0.00762332017596,0.0318153341147,0.0,0.0824607569456,-0.596665341986,1.77932761091,0.924504326238,0.000534870513563,0.00168869449373,0.381167434327
15,0.189906634863,0.848179625754,-0.0201765858792,0.999512592686,-0.00967312218196,0.0296817750307,0.0,0.0827430758568,-0.597601277312,1.78221706449,0.924571968911,0.00101892350094,0.00308678899369,0.380993579778
15,0.189718589028,0.8495547079,-0.0208912250348,0.999414901393,-0.00985987827514,0.0327511476804,0.0,0.0826371453546,-0.598014387303,1.78365728433,0.923875566696,0.00175471256371,0.0015427228947,0.382685874121
15,0.189648483709,0.8508151806,-0.0216556536305,0.999576591786,-0.0102871062586,0.0272178727805,0.0,0.0827365107424,-0.5986358006,1.78501070519,0.924708370391,0.000808527154515,0.00382995879361,0.380656153802
15,0.18899329641,0.846967783352,-0.0196860582782,0.99960843889,-0.00940409242789,0.0263539740003,0.0,0.0825488280312,-0.597232711423,1.78095462863,0.924545109961,0.000446524703428,0.0040955746446,0.381050346452
15,0.188154136289,0.840017519812,-0.0167270230951,0.999575624733,-0.00669592253298,0.0283502215279,0.0,0.0821641305543,-0.594493963696,1.7734929048,0.923237075693,-0.000240317234841,0.00264783849298,0.38422159396
15,0.189685566352,0.85418894611,-0.0226844981503,0.999533362052,-0.00859583635109,0.0293115973957,0.0,0.0830555466517,-0.599562423556,1.78804051218,0.924873988508,0.000747567948196,0.00266628116544,0.380263642054
15,0.189349403576,0.851539511407,-0.0216282297031,0.999606258782,-0.00993141494602,0.0262429876659,0.0,0.0829130912675,-0.598707062402,1.78520364458,0.924790364564,0.000758294221831,0.00429048784481,0.380452097265
15,0.188758672247,0.843838912216,-0.018735432425,0.99951209662,-0.00732550224142,0.0303629004938,0.0,0.0823425305469,-0.596050938337,1.77759222677,0.92398016962,0.000202178338182,0.00165587242785,0.382436744259
15,0.18941566912,0.853529145928,-0.0235293607878,0.999460972855,-0.0093787322982,0.0314611366615,0.0,0.082879333345,-0.599469366352,1.78775211358,0.925030776899,0.00153584309627,0.00163638928001,0.379885542244
15,0.189397403696,0.850452785336,-0.0224941371855,0.999495299826,-0.0113339180044,0.0296763867233,0.0,0.0829480150906,-0.598343310456,1.78458128187,0.924256471129,0.00210439691046,0.00300459508778,0.381754527804
15,0.189085173802,0.850559766276,-0.022166500289,0.999509687753,-0.0106919929357,0.0294289886821,0.0,0.0828737585974,-0.598235812095,1.78442668363,0.924353066791,0.00196388805544,0.00312904764774,0.381520327268
15,0.188788451298,0.847577134353,-0.0205523412777,0.999536064173,-0.011104317455,0.0283610745747,0.0,0.0826885728222,-0.59717008874,1.78111704367,0.92377604735,0.00196091053936,0.00375335915802,0.382909756297
15,0.188518129885,0.848566995851,-0.0200587369242,0.999526647654,-0.0087208051183,0.0295030199594,0.0,0.0824785891016,-0.597642967888,1.78208034517,0.924902638153,0.00102618907034,0.00239689683261,0.380195096968
15,0.188403896135,0.842819236767,-0.0174031345429,0.999575719083,-0.00953928269214,0.0275206087292,0.0,0.0823190990804,-0.595647109198,1.77648277259,0.923986043762,0.000894180492602,0.00358030867382,0.382408384799
15,0.189687573505,0.851747226838,-0.0213644438216,0.999617658144,-0.00912627535736,0.0261007399171,0.0,0.0829111542559,-0.598881625782,1.78582715571,0.924899855264,0.000196851195482,0.00423003179415,0.380187224685
15,0.189373988613,0.846434485688,-0.019151525192,0.999600529729,-0.00823297050304,0.0270369961598,0.0,0.0824748980773,-0.596846473522,1.77983735949,0.924488861232,-0.000121627117885,0.00389801738882,0.381189108088
15,0.190033183775,0.852216641284,-0.0213729641196,0.999526686873,-0.00998866980236,0.0290968847997,0.0,0.0828873916037,-0.598715776462,1.78558409634,0.924837747885,0.00108761214004,0.00337033012836,0.38034536682
15,0.190101598583,0.852788283634,-0.021594703252,0.999494582163,-0.00897635513206,0.0304959878605,0.0,0.0828583335854,-0.598950594775,1.78638529953,0.924572284988,0.000926587321371,0.00261656101524,0.380996568063
15,0.189630046941,0.848005897186,-0.020144719341,0.99956060694,-0.00774232566335,0.0286120507168,0.0,0.0826138978014,-0.597510747765,1.78191952317,0.92495379527,6.26219586438e-05,0.00329656866297,0.380065264566
15,0.189820085842,0.848154124704,-0.0208566493478,0.999501071929,-0.010043378496,0.0299455799993,0.0,0.0827468385003,-0.597525303058,1.78227414969,0.924266051129,0.00139790284675,0.00323641461388,0.381732679003
15,0.189476943233,0.851861345145,-0.0224568213561,0.999474468686,-0.00790508813733,0.0314371758627,0.0,0.0828672307331,-0.598756068555,1.7856799966,0.924488960879,0.000955752128484,0.00181354971022,0.381203303747
15,0.189220355762,0.850569738616,-0.0217292584006,0.999439572199,-0.00710277475761,0.0327122624352,0.0,0.0827755272615,-0.598320529576,1.78440439685,0.924279883112,0.000919042958456,0.00102216385692,0.38171299194
15,0.188635593281,0.847395876812,-0.0198758942313,0.999468941522,-0.00812192163883,0.0315573972459,0.0,0.0825443360711,-0.597092860453,1.78102407781,0.924360316929,0.0011991121802,0.00155082285815,0.381515611167
15,0.189612760436,0.851708771657,-0.0217338465748,0.999514303095,-0.010513056287,0.0293365566374,0.0,0.0829881982883,-0.59882696383,1.78575704829,0.924700589027,0.00165378123749,0.00315853810576,0.380678485466
15,0.189983453181,0.856272465994,-0.0233200817123,0.999618987182,-0.00758897166044,0.0265384244728,0.0,0.0831729056057,-0.600470015423,1.79046065095,0.92528767365,-0.000281545081577,0.00380190856138,0.379246868431
15,0.188628770495,0.843071746857,-0.0178561909513,0.999535429816,-0.00720854939027,0.0296135333684,0.0,0.0821771171992,-0.595686377523,1.77660385977,0.924275656008,0.000131289235404,0.00240703606994,0.381718090549
15,0.189282246521,0.849298011866,-0.0206654630946,0.999608909487,-0.00944317434942,0.0263221300933,0.0,0.0828639843426,-0.597659858024,1.78294808401,0.924374264057,0.000635717505267,0.00442425293784,0.381460668742
15,0.188673586497,0.841166123211,-0.0169672707179,0.999633872671,-0.00842113014107,0.0257139101589,0.0,0.0821753490293,-0.594906576396,1.77434746638,0.923837869479,-8.64587121397e-05,0.00476678512858,0.382754309186
15,0.189584279187,0.85229347181,-0.0219979526051,0.999538610616,-0.00894706837728,0.029026123681,0.0,0.0828663276657,-0.598855372307,1.78609432376,0.924748470656,0.000904992339889,0.00323190648006,0.380564057406
15,0.188543735016,0.841603405162,-0.0169996177037,0.999688291167,-0.00578122757218,0.0242878140629,0.0,0.0819947863874,-0.595221247164,1.7750516377,0.924531295225,-0.00170458440863,0.00463580934164,0.381074123778
15,0.189475566295,0.848019388682,-0.0200516479138,0.999537359956,-0.0122702821575,0.0278299520088,0.0,0.0827589130391,-0.597530280228,1.78186851155,0.924413342882,0.00192539638106,0.00411069029713,0.381365135502
15,0.189208254236,0.845741522173,-0.0189549069436,0.999485016002,-0.0107417356065,0.030237690106,0.0,0.0824566237455,-0.596720824178,1.77980197682,0.924128153575,0.00169706526397,0.00273873399967,0.38206907108
15,0.189762172309,0.853222913455,-0.022104878001,0.999585292322,-0.00911349216505,0.0273164352226,0.0,0.0829171712076,-0.599322414293,1.78721731173,0.925039076084,0.000350254840127,0.00351315280226,0.379855555173
15,0.189342437156,0.847487202833,-0.019274912211,0.999460655305,-0.00940833201672,0.0314623868475,0.0,0.0825963801899,-0.597197390448,1.7812143823,0.924076159169,0.00131110048611,0.00175852905517,0.382202093986
15,0.189115329934,0.850100767803,-0.0203268364507,0.99950849762,-0.0098129452749,0.0297736341348,0.0,0.0827194880932,-0.598007954036,1.7833303613,0.924597992987,0.00136275448537,0.00255837857544,0.380933260512
15,0.189520338419,0.848085488875,-0.0198703049805,0.99957276121,-0.0105462272076,0.0272593495505,0.0,0.0826719290886,-0.597407608415,1.78186183479,0.924401044309,0.00104279444024,0.00427836925918,0.381396535664
15,0.188892292688,0.846011919479,-0.0191228437992,0.999538240795,-0.00944878056051,0.0288795037069,0.0,0.0825812469318,-0.596564180357,1.77940174683,0.923744747768,0.00113639918372,0.00321122948234,0.38299352158
15,0.189616540924,0.851984319471,-0.0223861846078,0.99958604523,-0.00541808405461,0.0282556639688,0.0,0.0827238850214,-0.598904776006,1.78609642013,0.924737525832,-0.00106163810197,0.00258667074172,0.38059517913
15,0.189233432884,0.848616576038,-0.0210493590523,0.999541676531,-0.0104717535049,0.0284038598803,0.0,0.0827124344013,-0.597580525062,1.78249684451,0.924334363703,0.00133157053664,0.00336727652803,0.381566340818
15,0.189744090059,0.848294490664,-0.0211055158832,0.999546425478,-0.0106346117372,0.0281753145077,0.0,0.0827484209883,-0.597654777107,1.78243022887,0.9244018147,0.00110536244262,0.00362962512704,0.381401217847
15,0.189699932647,0.843954650952,-0.0187624234615,0.999516660887,-0.0108091734128,0.0291480081504,0.0,0.0824135318103,-0.596149097821,1.77796641634,0.923706887074,0.00123573993917,0.00350303453204,0.383081960511
15,0.190059690544,0.847395909594,-0.0200249564954,0.999652862043,-0.00570877997929,0.0257209105852,0.0,0.0825942936181,-0.59739883939,1.78147882257,0.92474548291,-0.00169668191193,0.00433845457832,0.380557605259
15,0.190191123946,0.85031106181,-0.0212698434367,0.999577441523,-0.00983388776365,0.0273538489195,0.0,0.0827512676905,-0.598292885838,1.78450645396,0.924613161383,0.000506998681991,0.00424044420977,0.380883529944
15,0.189131174874,0.84153928386,-0.0174758777959,0.999586937443,-0.00817887820144,0.0275510516062,0.0,0.082274266712,-0.59524359676,1.77559871178,0.92363607058,-9.49009903959e-05,0.00364979665068,0.383253283223
15,0.18977522408,0.847791116644,-0.0203344555193,0.999593123083,-0.00930085198052,0.0269644662183,0.0,0.0826707526832,-0.597520387082,1.78185422614,0.924301950203,0.000159098812044,0.00390691443044,0.381641999206
15,0.189820064169,0.848772000667,-0.0208533204716,0.999568390749,-0.00910606178408,0.027930482517,0.0,0.0827285682137,-0.597841112643,1.7829691625,0.92461008714,0.000417560472149,0.00366142812818,0.380897107296
15,0.190228279656,0.851566921067,-0.0218817452851,0.999599458408,-0.00888833444765,0.0268685738503,0.0,0.082858296057,-0.598708579598,1.7857044889,0.924787356832,4.50994424103e-05,0.00424488156399,0.380460672855
15,0.189696879259,0.850470307228,-0.0215014541807,0.999496620303,-0.0123234489146,0.0292342027251,0.0,0.0827334994977,-0.598360637926,1.78460265555,0.924778928947,0.00234538255327,0.00388304625105,0.380477796604
15,0.190098886007,0.85298219336,-0.0224675802867,0.999543241478,-0.00617870231169,0.0295826309573,0.0,0.0828654858771,-0.599281174191,1.78707437499,0.925107630083,-0.000493660565306,0.00246348878415,0.379696668782
15,0.190170106502,0.850527387448,-0.022161633138,0.999515196053,-0.0104163943307,0.0293406132968,0.0,0.0828930201294,-0.598535585823,1.7849999455,0.924447210128,0.00128308701473,0.00336592656388,0.381293036801
15,0.189371966549,0.843830715158,-0.0186468310135,0.999453529242,-0.0130595928889,0.0303659335261,0.0,0.0824067887149,-0.596039556425,1.77782914637,0.924090712141,0.00270328433577,0.0033931849216,0.38214857619
15,0.188900953309,0.845126205616,-0.0187932248267,0.999510999632,-0.0111679541854,0.0292068213624,0.0,0.0825471852173,-0.596345934491,1.77868575087,0.924361183637,0.00183185640557,0.003126864822,0.381501335782
15,0.189974759211,0.851355780802,-0.0218740373862,0.999496183428,-0.0120987605849,0.0293427896713,0.0,0.0829537284738,-0.598728486635,1.78554579246,0.924531146056,0.00201982459544,0.00326859471749,0.381087124644
15,0.189694763989,0.849971151148,-0.021166450202,0.999574068358,-0.0103551536965,0.0272846597549,0.0,0.0827265650259,-0.598303325426,1.78404116262,0.924964175137,0.000792846883695,0.00384028468139,0.380034075211
15,0.190343910615,0.850252114108,-0.0212839711382,0.999528188233,-0.00977662301774,0.0291173242386,0.0,0.0828356032479,-0.598592516821,1.78489293519,0.925282207218,0.000762600453756,0.00323020398078,0.379264843123
15,0.19028541475,0.850843815144,-0.0213366794166,0.999538236597,-0.0111085336484,0.0282827520114,0.0,0.082958146053,-0.598735790999,1.78541363684,0.924917456351,0.00120705984372,0.00364540575145,0.380148593265
15,0.190004996212,0.851311036113,-0.0214302272443,0.999530509084,-0.0104701234074,0.0287947551763,0.0,0.0827998418215,-0.598805836234,1.78569288313,0.925018732788,0.00120043383082,0.00351593640552,0.37990333131
15,0.189264769476,0.848471788132,-0.0197249781031,0.999573804362,-0.0105135077883,0.0272337251907,0.0,0.0826931523835,-0.597463793786,1.78198610313,0.924060421929,0.00111414441083,0.00405878682759,0.382223261401
15,0.18935894993,0.849002822048,-0.0199685919661,0.999576260588,-0.00903431177026,0.0276709320485,0.0,0.08271494734,-0.597637829967,1.78245447376,0.924168195077,0.000611396997533,0.0038220503694,0.381966183493
15,0.189896448888,0.856813955866,-0.0236145301603,0.999560745017,-0.00829951033588,0.0284505738113,0.0,0.0831082990642,-0.600403620677,1.79042797349,0.925182780399,0.000477673105787,0.00320096450091,0.37950803484
15,0.189253288136,0.846027137856,-0.0189185949291,0.999541872488,-0.0100169522899,0.0285605638966,0.0,0.0825179495866,-0.596668915073,1.77938132084,0.924616990531,0.00119243877643,0.0037938156963,0.38087741581
15,0.18998563728,0.85373640644,-0.0230170667676,0.999490963533,-0.00869403981606,0.0306957242491,0.0,0.0830868552833,-0.599435315953,1.78771230602,0.924765572368,0.00113446550254,0.00255639750219,0.380527021357
15,0.189871147392,0.848537195807,-0.020400750063,0.99956913291,-0.00945822690836,0.0277865161222,0.0,0.0827660243858,-0.597706701861,1.78263272918,0.92439343777,0.000701042919397,0.00420405391723,0.381416578922
15,0.189637770485,0.847579853007,-0.0201595056054,0.999578128871,-0.00986844839216,0.0273162590609,0.0,0.0827013962993,-0.597510935614,1.78186511478,0.924489061445,0.000765535288936,0.00420704521083,0.381184587825
15,0.190025183656,0.852904073123,-0.0222346194183,0.999579258453,-0.00708265874885,0.0281272468379,0.0,0.0827872775489,-0.599343111443,1.78707655591,0.924819577058,-0.000463686250544,0.00314438050715,0.380392754605
15,0.189743466304,0.851340087178,-0.0224857113977,0.999561473135,-0.00858602542308,0.0283397528588,0.0,0.082768344394,-0.598804404154,1.78563579572,0.924925133663,0.000329658370735,0.00318221316384,0.380135846721
15,0.190005908677,0.857723093382,-0.025099994802,0.999600243387,-0.00716127861406,0.0273508593966,0.0,0.0831211120626,-0.600886103668,1.79181921531,0.925545224092,-0.000369764734597,0.00331785707638,0.378622362334
15,0.189137887747,0.850192119852,-0.0226275317009,0.999564474337,-0.0099066988295,0.027797822967,0.0,0.0828506143247,-0.59834342891,1.7844406551,0.924531027757,0.00113399999707,0.00347775981148,0.3810892257
15,0.188979889393,0.850096433107,-0.0216021687139,0.999532630913,-0.0110675995938,0.0284961046259,0.0,0.0828699506818,-0.598100779309,1.78391422216,0.924085604643,0.00183847028643,0.00328324314458,0.382167025832
15,0.188933145142,0.849429560824,-0.0219916541644,0.999546925898,-0.0108437104523,0.0280776934871,0.0,0.0826929337667,-0.598073709794,1.78372071341,0.924446400806,0.00161744548566,0.00347060893361,0.381292788785
15,0.189136386148,0.850526689714,-0.0214083698802,0.999516884994,-0.00921617558821,0.029682633309,0.0,0.0826965734197,-0.598378720089,1.78426836199,0.924539802505,0.0012567125801,0.00283207590536,0.381072898017
15,0.188657112174,0.848478939048,-0.0211223907016,0.999523037317,-0.00986140964355,0.0292651750947,0.0,0.0827636160577,-0.597613690979,1.78247294388,0.924158793052,0.0016902435459,0.00289666657808,0.38199381883
15,0.189709436572,0.853563202438,-0.0233151985333,0.999516548675,-0.0102628697447,0.0293486359023,0.0,0.0831546014599,-0.599514684173,1.78808773601,0.924330283314,0.00159810045929,0.00296320298891,0.381578553972
15,0.190221806454,0.856668610283,-0.0249271643952,0.999560635529,-0.00834725299731,0.0284404512609,0.0,0.0831519898857,-0.600882071702,1.7916638862,0.925209242531,0.000242259898788,0.0028797691705,0.379446314748
15,0.189799537441,0.847178893724,-0.0207270785708,0.999507632952,-0.0120772264275,0.0289591483337,0.0,0.0826739777699,-0.597483790201,1.78182215591,0.924247332895,0.00178417103173,0.00343580441513,0.381774645071
15,0.189039352014,0.843160850391,-0.0186167050757,0.999543364856,-0.00995043475758,0.0285315723284,0.0,0.0822596017869,-0.595912460814,1.77718284532,0.924403174436,0.000887672055953,0.00329494406277,0.381401529197
15,0.189702653678,0.84848857181,-0.0209784698226,0.999611957059,-0.00918827713261,0.0262965942265,0.0,0.0827406583897,-0.597532141977,1.7825300656,0.924407995304,0.000154846841635,0.0043221081069,0.381380588943
15,0.189976432645,0.84932606618,-0.0212388999379,0.999577559615,-0.00901273153595,0.0276310148852,0.0,0.0828370534,-0.597905715172,1.78343061341,0.924655332186,0.00045094069863,0.00408922194539,0.380782866706
15,0.18901049077,0.838978368169,-0.016366756662,0.999552222033,-0.00862966416988,0.0286510789664,0.0,0.0820653588021,-0.594372421318,1.77277561475,0.923676045774,0.000432893797268,0.00368403310115,0.383156368818
15,0.190378853119,0.85273959766,-0.0224463877167,0.999442549894,-0.00919359912237,0.0320946599461,0.0,0.0829930263802,-0.599411249353,1.78743028195,0.925002760709,0.00136888856527,0.00201073757933,0.379952596728
15,0.190228144102,0.849817758875,-0.021077965998,0.999477799184,-0.00976682360544,0.0308015923961,0.0,0.0829050822922,-0.598269452027,1.78434218831,0.924326458082,0.00127998595879,0.00262561334496,0.381591491886
15,0.189513050919,0.850050155354,-0.0212965362156,0.999559772905,-0.0104914083551,0.0277523105488,0.0,0.0826792862134,-0.598218169276,1.78426341735,0.924974374098,0.00119997918942,0.00401138574028,0.380006415863
15,0.189827047838,0.852277751541,-0.022510409379,0.999586036179,-0.00940542241908,0.0271899669856,0.0,0.0828991511876,-0.599054470266,1.78660257588,0.924636831182,0.000551297469137,0.00399032015842,0.380828706688
15,0.189642445028,0.849846927,-0.0213338291093,0.999514448041,-0.0109223131498,0.0291816934545,0.0,0.0828055110799,-0.598182936557,1.78408280581,0.924098002478,0.00161048818242,0.00326590951365,0.382138223656
15,0.18975568948,0.847015215062,-0.0201393627564,0.999580238335,-0.00954807391075,0.0273529050507,0.0,0.082597753508,-0.597332488575,1.7813176311,0.92431533263,0.00039994217001,0.0039443391724,0.381609025181
15,0.189457186711,0.849054469025,-0.0203504473521,0.999655221893,-0.00643796234845,0.0254556473496,0.0,0.0826141405775,-0.597913977258,1.78290095047,0.924903453511,-0.00123133051535,0.00403734542007,0.380178622954
15,0.18922645357,0.846862287548,-0.0196287577713,0.9996873485,-0.0091552931906,0.0232676998562,0.0,0.0825595984504,-0.596888886634,1.78044732059,0.924640791437,-0.000351135783669,0.00575900114274,0.380796687776
15,0.188642699699,0.846826532507,-0.0196557168563,0.999465469382,-0.00913092863012,0.0313911079034,0.0,0.0824187788789,-0.596650762332,1.77956633504,0.92428743747,0.00141218539405,0.00170692059907,0.381690745355
15,0.18898568756,0.848721882753,-0.0205531087219,0.999619499773,-0.00854578181895,0.0262264234361,0.0,0.0826917115547,-0.597282878977,1.78157661902,0.924224727666,6.62239909892e-05,0.00393105529079,0.381828751129
15,0.189138511593,0.849135119141,-0.0207901268135,0.999618614766,-0.0090073602452,0.0261054108343,0.0,0.0828012192167,-0.597537424275,1.78216764676,0.924159641372,0.000295619672235,0.00418688813346,0.381983428746
15,0.189277492082,0.850475156367,-0.0213076889728,0.99943707817,-0.0103937741515,0.0318982168591,0.0,0.0828265176566,-0.598096915435,1.78349484336,0.924697592577,0.00209010336849,0.00183881581028,0.380692280597
15,0.190105014286,0.850107097,-0.0215453224356,0.999487378848,-0.00973812818059,0.0304983341016,0.0,0.0828715499579,-0.598243485749,1.78417139894,0.924484004701,0.00134335110046,0.00302092400677,0.381206498472
15,0.190013419853,0.853217442679,-0.0235067347103,0.999645749953,-0.00963886651983,0.0248086044066,0.0,0.0829364373923,-0.599377860221,1.78770393628,0.925296168381,0.000182707022638,0.00532577343663,0.379207863229
15,0.189389738603,0.847388545013,-0.0215876596014,0.99955175592,-0.0094983537304,0.0283913457697,0.0,0.0825839941339,-0.597432623018,1.78188012579,0.924896260877,0.00101886460948,0.00388173287057,0.380198370172
15,0.189118637899,0.845682822645,-0.0199372096595,0.999552979206,-0.0105488065678,0.0279743532657,0.0,0.0825983974508,-0.596841001303,1.77987782752,0.924256596013,0.00130208409285,0.0037231080175,0.381751473828
15,0.189185381107,0.846638629973,-0.0197383144939,0.999515604035,-0.0102186850351,0.0293961862709,0.0,0.0826681210483,-0.596740236372,1.7801672005,0.924304119861,0.00138996270567,0.0029591006257,0.381642772413
15,0.190053800606,0.853957960006,-0.0225615431757,0.99959492938,-0.0103991902429,0.0264921497817,0.0,0.0830950422915,-0.599475635762,1.78780399048,0.925362320075,0.000782492285886,0.00441234626187,0.379057377573
15,0.189535419046,0.849284519737,-0.0208144211409,0.99958336262,-0.00834904895022,0.0276295956246,0.0,0.0827032916514,-0.597723666023,1.78287415733,0.924175063283,0.000119531657937,0.00357505396168,0.381952427807
15,0.18970050419,0.846667222629,-0.0196913086455,0.999526394687,-0.00887846887522,0.0294645399391,0.0,0.0825398885748,-0.597073453809,1.7807588834,0.924147239735,0.000581353318603,0.0030084114958,0.382024201824
15,0.189973175139,0.850002944384,-0.0208841509006,0.999499779379,-0.0109177326814,0.0296815453437,0.0,0.0827427259498,-0.598103432225,1.78390846147,0.92455405699,0.0014946356845,0.00316442332174,0.381034838555
15,0.190056511741,0.852410411591,-0.0217440532508,0.999569150106,-0.00905866887189,0.0279187154992,0.0,0.0827717956515,-0.599076069578,1.78638083431,0.925165526432,0.00032023987379,0.00360181129748,0.379546667887
15,0.189820647873,0.849285687809,-0.0207556698369,0.9995011024,-0.00937179414786,0.0301614949216,0.0,0.0826721803511,-0.597893160499,1.78314671011,0.924516029543,0.000913574076672,0.00257741767654,0.381133353852
15,0.189894122391,0.848243687776,-0.0198627395282,0.999413434052,-0.0121144392609,0.0320316749207,0.0,0.0827951764865,-0.597448508759,1.78178808609,0.924158354309,0.00254758892347,0.00230168426254,0.381994172994
15,0.189754219422,0.847161154504,-0.0192513844899,0.999442115101,-0.0106628779355,0.0316506176412,0.0,0.082648582205,-0.597040148219,1.78054107689,0.924011857255,0.00182009240933,0.0022997944462,0.382352567484
15,0.189322831355,0.844967957382,-0.0183065950391,0.999578390413,-0.0101565038341,0.0272008611765,0.0,0.0824387498124,-0.596338563252,1.77835564908,0.924170282389,0.000776423036018,0.00426760206407,0.381956115135
15,0.189324077526,0.848600532089,-0.0204956160038,0.999533769924,-0.00918058689323,0.0291197459633,0.0,0.0825837874392,-0.597770198775,1.78246334758,0.924711817081,0.000926347021508,0.00317416455842,0.380653545776
15,0.18973061054,0.847740065102,-0.0201320363089,0.999419727979,-0.00979900997359,0.0326218750339,0.0,0.0828033387266,-0.597421218641,1.78180260067,0.924214050116,0.00182509878567,0.00170324595092,0.381866675078
15,0.189771059876,0.849274982437,-0.0207709512494,0.999503196776,-0.0106282384202,0.0296715382429,0.0,0.0827875221754,-0.597997565837,1.78336253445,0.924050488018,0.00158716817334,0.00321668419759,0.382253619256
15,0.1893999523,0.845342996222,-0.018913279897,0.999520379964,-0.00968568823325,0.0294142394258,0.0,0.0823606433713,-0.596551284605,1.77913601322,0.924372807559,0.000932540293599,0.00306921889717,0.381476896953
15,0.190254557165,0.851424836758,-0.0218454908797,0.999482874088,-0.00936896960717,0.0307604748407,0.0,0.0829225401155,-0.598643627725,1.7853468719,0.924636852879,0.00110077384186,0.0025637194272,0.380839737866
15,0.190233725327,0.854555907286,-0.0228560949773,0.999494299472,-0.00795685772813,0.0307869085606,0.0,0.0831005217531,-0.599749361154,1.78830696704,0.925384424449,0.000540944047428,0.00203442121313,0.379024056619
15,0.189897535008,0.849460682923,-0.0212741967247,0.999600788482,-0.0100289282494,0.0264137135739,0.0,0.0827012714737,-0.597979742721,1.78344994465,0.925418571429,0.000410533674877,0.00442764018942,0.378920433757
15,0.189199321257,0.844616733592,-0.0191051203248,0.999581166846,-0.00975294223618,0.0272464861079,0.0,0.0824068947107,-0.596267516655,1.77809473867,0.924053353197,0.000537913829629,0.00387598245113,0.382243492888
15,0.189888101622,0.851218473703,-0.0227238330873,0.99949584398,-0.00968387534363,0.0302370703842,0.0,0.0828797346649,-0.598666427056,1.78526847731,0.924534899674,0.00121550145846,0.00263759539619,0.381086322151
15,0.189263181418,0.846509717128,-0.0199481787928,0.999503876986,-0.00893323788714,0.0302026017074,0.0,0.0825466895005,-0.596786585614,1.77995011695,0.923737646967,0.00100471481393,0.00269555002318,0.383014992049
15,0.189137590706,0.84812812834,-0.0202547909778,0.999566831677,-0.00788468722857,0.0283545537612,0.0,0.0824988001778,-0.597421697196,1.78159127748,0.924446987182,0.000220705220476,0.00328357786031,0.381296390353
15,0.188864648518,0.84470044144,-0.0182674355687,0.999442157171,-0.0120785091464,0.0311365394042,0.0,0.0823883919454,-0.596025824124,1.77781883807,0.923705515574,0.00261885695416,0.002649582833,0.383085162592
15,0.189574173438,0.850528181746,-0.02110072298,0.999508332336,-0.00822335768705,0.0302567344528,0.0,0.0828762717081,-0.598179056646,1.78417318775,0.924202742086,0.000668755655923,0.00219943178799,0.381895282488
15,0.189584267898,0.849236175841,-0.0205360579367,0.999424051451,-0.01206279895,0.0317183584545,0.0,0.0826380143314,-0.597770761039,1.78288207585,0.924342707028,0.00261303544765,0.0025202947146,0.381546039324
15,0.189258178482,0.848052053665,-0.0198989586969,0.999660726584,-0.00633095532105,0.0252656036998,0.0,0.0825849803232,-0.597319633927,1.78144929272,0.924452077777,-0.00119127200752,0.00425521153262,0.381272645149
15,0.188946498722,0.844937970035,-0.0187057940082,0.999510603142,-0.00859482525672,0.0300779518252,0.0,0.0822699707013,-0.59619304901,1.77826158945,0.923974523018,0.000736246662104,0.00245810748578,0.382445416316
15,0.189755603274,0.850061551317,-0.0210941233673,0.999503169856,-0.0129654951172,0.0287281984118,0.0,0.0828809466053,-0.597952417487,1.78363379244,0.92483209787,0.00237932965143,0.00389017737033,0.380348256286
15,0.189945869057,0.85156746528,-0.0221317263184,0.999487887601,-0.00998754159364,0.0304008478876,0.0,0.0828221800221,-0.598736709554,1.78554284543,0.92470790975,0.00125266394687,0.00246936672687,0.380667328131
15,0.189465608093,0.850280474707,-0.0219445050564,0.999551643188,-0.0106068519336,0.0280001302264,0.0,0.0828196335475,-0.59828751008,1.78413713846,0.924889362137,0.00126000548497,0.00358982490656,0.38021729754
15,0.189601885876,0.849777388396,-0.0222314991795,0.99951424744,-0.0119010193055,0.028803383549,0.0,0.0828112990308,-0.598257319929,1.78405791261,0.924312718137,0.00195258087054,0.00350562593631,0.381614854409
15,0.19000803599,0.853505442721,-0.0242662793056,0.999537525183,-0.0101138712651,0.0286783081627,0.0,0.0830436787783,-0.599516853237,1.78808727706,0.924813767485,0.00118245532654,0.0034079511664,0.380403053535
15,0.1894327109,0.847431785418,-0.0211724498373,0.999609626232,-0.010628308879,0.0258386182729,0.0,0.0826878475213,-0.59718437475,1.78158295552,0.924218971963,0.000853846653733,0.00489732442935,0.381830563239
15,0.189062569377,0.848503620463,-0.0211316853743,0.999501492978,-0.0102535606819,0.0298601746258,0.0,0.0826328141082,-0.597554252971,1.78220470714,0.924493567349,0.00157872344899,0.00267595517991,0.381184982425
15,0.188825214705,0.843777461375,-0.0185890723054,0.99950910958,-0.0111812805707,0.0292663429661,0.0,0.0823868075057,-0.595919270462,1.77727886707,0.92391963152,0.00181329744352,0.00325474123518,0.382568468519
15,0.189218281011,0.849215808714,-0.0211994164529,0.999548623499,-0.0082503733233,0.0288873778875,0.0,0.0826815228777,-0.597881078754,1.78319740158,0.924234542446,0.000444665273166,0.00272926537225,0.381815222239
15,0.189640864627,0.847606714363,-0.0204489849713,0.999465958929,-0.0106366319071,0.0308975566053,0.0,0.0825529539895,-0.597502662998,1.78187024031,0.924326322518,0.00177625620566,0.00277562037685,0.381588771252
15,0.189398123032,0.8461115905,-0.0193687695451,0.999512650034,-0.00916676209748,0.0298401222457,0.0,0.0824924730937,-0.596891091369,1.78008508616,0.924433330085,0.000862128520861,0.00269529390264,0.38133320122
15,0.189832378164,0.850283277366,-0.0202209883336,0.999505009635,-0.0100283346448,0.0298189238385,0.0,0.0828555847175,-0.598054707702,1.78368961535,0.924468434191,0.00139840342762,0.00319056186704,0.381242677264
15,0.190051274571,0.85476515957,-0.0222284110127,0.999366071135,-0.00916473351616,0.0344015046622,0.0,0.0829065609163,-0.599627141822,1.78834684435,0.925192250767,0.00196613813153,0.000932212701162,0.379492509017
15,0.189508931543,0.848661216735,-0.0197137645556,0.99956626343,-0.00857351687412,0.0281740984136,0.0,0.0826225827044,-0.597545884677,1.78199712105,0.924542492635,0.000461217695059,0.00376870451866,0.381060052297
15,0.189273165015,0.846980046829,-0.0192809746532,0.999555754811,-0.00493019722753,0.0293936418089,0.0,0.082451101486,-0.596818045473,1.78021539805,0.923591375957,-0.000974406435351,0.00238083256561,0.383369733321
15,0.190008143197,0.851125707565,-0.0216697263273,0.999535301194,-0.00982976528636,0.0288540704576,0.0,0.082941803659,-0.598396331948,1.7849230335,0.924252901435,0.0010789741646,0.00360528652785,0.38176224527
15,0.189834730125,0.851908405952,-0.0220341862813,0.999560269628,-0.00785219438521,0.0285938878918,0.0,0.0827463128441,-0.598640993414,1.78555737251,0.925050772328,0.000131748799399,0.00336892097035,0.379828516081
15,0.189807960578,0.846607525143,-0.0198724542554,0.999411286868,-0.0134331081249,0.0315694676374,0.0,0.0826004623269,-0.596956220762,1.78038309385,0.923988835791,0.00298037019013,0.00285688988084,0.382397158602
15,0.1900428653,0.849033647552,-0.0207598160576,0.999502222285,-0.00893160671439,0.0302577931945,0.0,0.0826608479661,-0.597643250417,1.78281579942,0.923952509991,0.000568122099437,0.00245597063812,0.382498895065
15,0.191026611524,0.853327418813,-0.0227057410962,0.999519948625,-0.0105817573145,0.0291187004055,0.0,0.0829699031455,-0.599435080919,1.78747463232,0.925133239986,0.000743702225811,0.00325714811729,0.379627878542
15,0.189865374451,0.847137699131,-0.02021717361,0.99950596559,-0.0120591709256,0.0290241476538,0.0,0.082651467443,-0.597043876273,1.78072468731,0.923971684044,0.00183863479571,0.00375983074502,0.382437982136
15,0.189340135896,0.847194525128,-0.0208998816852,0.999592729045,-0.0115148100531,0.0261110166478,0.0,0.0826910200427,-0.59690464712,1.78069467256,0.924396540013,0.0011522350456,0.00457024504614,0.381403751984
15,0.189278882791,0.850999498781,-0.0220949455479,0.999526324616,-0.00868961162344,0.0295231612278,0.0,0.0828204650151,-0.598444728457,1.78454643024,0.924903159448,0.000791473742187,0.00243765147162,0.380194130764
15,0.189638908593,0.85404850195,-0.0227822131389,0.999665270361,-0.00912427842043,0.0242093944115,0.0,0.0827732742836,-0.599435818133,1.78766604413,0.925341655061,-0.000369307846628,0.00483098782408,0.379103345511
15,0.189455331615,0.846604574053,-0.0192085561587,0.999541815141,-0.0126683694127,0.027489492575,0.0,0.082624735491,-0.596901496666,1.78018782658,0.923744495248,0.00190034908435,0.00425170307234,0.382980964532
15,0.18909196226,0.84729872933,-0.0197217040479,0.999523385112,-0.0106460702127,0.0289769529597,0.0,0.0826700122147,-0.597008274965,1.78070127192,0.924179771208,0.0014188928787,0.00284362484878,0.381944565391
15,0.189294575377,0.847969024359,-0.020465349219,0.999530142674,-0.0107589754582,0.0287008420127,0.0,0.0827256325397,-0.597440435294,1.78172656751,0.924383464545,0.00147266968591,0.00328897930972,0.381447538116
15,0.189148248377,0.84673772413,-0.0199104721716,0.999506750053,-0.0106875493235,0.0295302029641,0.0,0.0826244949279,-0.597008386451,1.78044262617,0.924232055913,0.00161468696473,0.0028965054869,0.381816853826
15,0.189588899117,0.853457962911,-0.0228431112162,0.999635547934,-0.00855702493736,0.0256036839402,0.0,0.082936075162,-0.599305441214,1.78742512785,0.924639900249,-0.000126719057993,0.00418985424212,0.380819489958
15,0.189005866569,0.846103204713,-0.0194258073169,0.999405293022,-0.0128358049481,0.0320047245116,0.0,0.0825681716434,-0.596717203715,1.77985396363,0.924278859487,0.00294613006469,0.00173429466158,0.381702636151
15,0.188803137251,0.847367713797,-0.0196901013821,0.999568253316,-0.00926775216155,0.0278821758832,0.0,0.0826081959649,-0.597114737586,1.78093180336,0.923908074601,0.000701321580554,0.00301376542705,0.382602006075
15,0.189904114707,0.854089528107,-0.0232973930591,0.999464979372,-0.00885660726648,0.0314851634327,0.0,0.0831722253382,-0.59941718278,1.78783211963,0.925059450635,0.0015410894677,0.00240383675255,0.379811610412
15,0.189226912524,0.848371461793,-0.0207565369706,0.999555458986,-0.0105211072343,0.0278960698594,0.0,0.0827081690318,-0.597383896079,1.78189400277,0.924156563434,0.00155461086623,0.00437883580653,0.381985674135
15,0.189556683574,0.848184108119,-0.0206412395909,0.999414812848,-0.010479708888,0.0325608286355,0.0,0.082729789247,-0.597269099782,1.78195666506,0.924470270872,0.00234891462067,0.00231990110767,0.381239844368
15,0.189491654926,0.852931667163,-0.0227298072982,0.999577988401,-0.00898250972836,0.0276253438686,0.0,0.082848136689,-0.599106727256,1.78650460573,0.925474903673,0.000744409729505,0.00405683940779,0.378786470956
15,0.189040430334,0.848977381952,-0.0204957716032,0.999514434701,-0.0116377574836,0.0289042803983,0.0,0.082690633893,-0.597540387552,1.78213275171,0.924954315024,0.00214968075227,0.00365358967298,0.380054660902
15,0.188929157931,0.847107391172,-0.0200702344885,0.999607382543,-0.00883342799818,0.0265904365517,0.0,0.082602022103,-0.596941350127,1.78058192855,0.923993809416,0.000386139285853,0.00411877703304,0.382385050354
15,0.188919420475,0.845393760145,-0.0189854717386,0.999591219089,-0.00954348186192,0.0269502629732,0.0,0.0824181585401,-0.59630839853,1.77896419443,0.924103698052,0.000694580362749,0.00421084115093,0.382117968201
15,0.189308861311,0.847549996704,-0.0203646885368,0.999525258041,-0.00931499011016,0.029368171518,0.0,0.0825568735574,-0.597348325162,1.78156163165,0.924232485216,0.00100243194145,0.0030718052863,0.381816542877
15,0.189583479945,0.847367553362,-0.0206789867709,0.999486192644,-0.0126185108773,0.0294639423337,0.0,0.0826814413556,-0.597172581672,1.78147244243,0.924359883233,0.002420565631,0.00369954942013,0.381496081849
15,0.18889396276,0.842310861632,-0.0183305632459,0.999535891889,-0.0107285619708,0.0285113798882,0.0,0.0822558777135,-0.595385297028,1.77604932638,0.923626100311,0.0013364138269,0.00359634950614,0.383275497642
15,0.189835587621,0.851039362499,-0.0218145142904,0.999540828237,-0.00620195118551,0.0296592058148,0.0,0.0826955136445,-0.598620630167,1.78507160648,0.924770254778,-0.000447079978362,0.0024997657375,0.380517446602
15,0.189942343835,0.85408236508,-0.0231451829756,0.999475369289,-0.0100554541249,0.0307875628754,0.0,0.0830589442264,-0.599506955183,1.78807319736,0.924660497151,0.00161032341412,0.0024242025184,0.380781426948
15,0.189576808116,0.846389939033,-0.0197332690999,0.999615118041,-0.00978397401893,0.0259593843516,0.0,0.0824516355603,-0.597116944797,1.78053883691,0.924491240591,0.000334870324961,0.00486771559303,0.381172059938
15,0.19000735787,0.847313744123,-0.0202914506208,0.999446717186,-0.0104281762758,0.0315834235888,0.0,0.0826826031184,-0.59726809448,1.78138479732,0.924257354581,0.00167116440221,0.00242538924141,0.381758650457
15,0.190263429808,0.849875454867,-0.02152987104,0.999606508984,-0.0107427354835,0.0259117894076,0.0,0.0828399394454,-0.598105692571,1.78411157099,0.924638656122,0.00062513067615,0.0050698124241,0.380811320496
15,0.189895863778,0.850285662706,-0.0213775627121,0.999525879249,-0.0127908445674,0.0280073384582,0.0,0.0829738262808,-0.598067035611,1.78392949069,0.924626399386,0.00210468204386,0.00418294304645,0.380846550279
15,0.189638304011,0.853940672919,-0.0227265708017,0.999697354746,-0.00675440009169,0.0236553797798,0.0,0.0828935010143,-0.599401980151,1.78749952379,0.925182388011,-0.00151843867264,0.004496988939,0.379493109751
15,0.189557790099,0.850528122361,-0.0215639503424,0.999595103942,-0.00623186749475,0.0277631410658,0.0,0.0828399881603,-0.598187533417,1.78456445782,0.923843260695,-0.000845992254032,0.00269799575981,0.382760544969
15,0.189321048926,0.848480248628,-0.0203802020194,0.99971473385,-0.00894137830046,0.0221472950267,0.0,0.0825728918563,-0.597568929968,1.78240661647,0.924812914673,-0.000755953796946,0.0060325119477,0.380373645495
15,0.189476012073,0.84909219088,-0.0208276830452,0.99958200489,-0.00974207253121,0.0272196164951,0.0,0.0825213309822,-0.597930367933,1.78322431373,0.925374705893,0.000695887276673,0.00422176685179,0.379029479222
15,0.189187067533,0.850204331607,-0.0208032520617,0.999456725778,-0.0110462980794,0.03105209486,0.0,0.0828252624005,-0.598003441077,1.78354813415,0.924418970273,0.00232703882548,0.00244619654298,0.38136356461
15,0.189400562474,0.850546792726,-0.0215216557652,0.999607819607,-0.00811329740015,0.0268026376737,0.0,0.0828563949918,-0.59813528303,1.78417919737,0.924203289823,4.83523151076e-05,0.00385855757947,0.38188137985
15,0.188286379827,0.843001980371,-0.018193324957,0.999618985824,-0.00907282773813,0.0260685054658,0.0,0.0823461060996,-0.595318294966,1.77585346698,0.923562109868,0.000467416505812,0.00430958003966,0.383424357936
15,0.189434960475,0.853873388962,-0.0230380526112,0.999597316702,-0.00654810773134,0.0276102648792,0.0,0.0828696994381,-0.59929396735,1.78720263813,0.925170693953,-0.000510769978906,0.00307984006476,0.379538457536
15,0.188795179901,0.847737963204,-0.0202079790434,0.999516022818,-0.0115984304325,0.0288651440676,0.0,0.0825930576885,-0.597006776454,1.78077683758,0.924139020479,0.00207586875709,0.0034268571117,0.38203536256
15,0.189496368938,0.853029245435,-0.0226280162252,0.999595808116,-0.00771049969033,0.0273636362843,0.0,0.082899678738,-0.598861169555,1.78657324855,0.924507765363,-4.75151812848e-05,0.00344668316513,0.38114762219
15,0.18929541816,0.850520744467,-0.0218223420501,0.999488939324,-0.0112543512868,0.0299198888011,0.0,0.0827081733428,-0.598235618119,1.78413191278,0.924759799407,0.0021645785505,0.0032541128004,0.380531258573
15,0.188871269875,0.845807895453,-0.0200256892662,0.999514546576,-0.00793397684278,0.0301284449338,0.0,0.0824674948182,-0.596670217756,1.77955288351,0.924160263524,0.000746384516364,0.00247552970812,0.381996232948
15,0.18870476793,0.843392344779,-0.0189908322914,0.999534748766,-0.00950372760919,0.0289821526254,0.0,0.0823681105185,-0.595864979419,1.77752418409,0.923904650526,0.0010723211338,0.00294553432602,0.382609945887
15,0.188979750698,0.845945806065,-0.0202720800888,0.999618442219,-0.0122030518224,0.0247801432832,0.0,0.0824788206012,-0.596567643545,1.7803001725,0.924678441381,0.00138692315487,0.00548194725296,0.380706980161
15,0.18917671684,0.847207357949,-0.0204665677129,0.999510093234,-0.013620781786,0.0281788542633,0.0,0.082628499681,-0.596907779425,1.7812569813,0.924215650508,0.0026058032748,0.00401572367371,0.381840955253
15,0.189126089098,0.846359933892,-0.0198733460597,0.999573076993,-0.0139521795833,0.0256710037784,0.0,0.0825118473179,-0.596589953945,1.78046569137,0.924502196292,0.00209312243559,0.00500987087892,0.381138044655
15,0.189038833911,0.851777060976,-0.021860664378,0.999612878945,-0.0137197853318,0.0242045395968,0.0,0.0828354864867,-0.598226502983,1.78559684871,0.924878085544,0.00192085414871,0.00536946131331,0.380220996376
15,0.188478165593,0.846370462343,-0.019198840291,0.999702537906,-0.0104639441648,0.0220304692937,0.0,0.0824717211228,-0.596500425793,1.77980726345,0.924130752153,-2.34121615508e-06,0.0056732900483,0.382034248071
15,0.187943330123,0.845356293022,-0.0190345461089,0.999724224033,-0.0119798081214,0.020198021647,0.0,0.0822850814022,-0.595722320618,1.77871152252,0.924232609889,0.000426684188444,0.00667271721043,0.381771365615
15,0.18770028618,0.847645282343,-0.019891426529,0.999638739345,-0.0142213845244,0.0228066442725,0.0,0.0824776444767,-0.596481751209,1.78070832383,0.925307448477,0.00215463346323,0.00570609255333,0.379168727422
15,0.188367028103,0.851450190603,-0.0225621068421,0.9996281996,-0.0177981778662,0.0206564137657,0.0,0.0828198253747,-0.598054877726,1.78530515159,0.925286009013,0.00334310433495,0.00769834811862,0.379177215315
15,0.187666453718,0.843667017035,-0.018248758231,0.999731450561,-0.0122780777735,0.0196538943968,0.0,0.0821876647319,-0.595208497946,1.77685329146,0.924769435017,0.000560599450655,0.00719946546014,0.38045938743
15,0.189240183606,0.848836642419,-0.0197718228366,0.999524227583,-0.0146868194869,0.0271222382453,0.0,0.0827093224752,-0.597327200845,1.78250712591,0.924120727697,0.00283525182267,0.00454451295564,0.382063069911
15,0.18888261024,0.842149344397,-0.0176849715201,0.999630835929,-0.0162460370632,0.0217774686042,0.0,0.0822739327199,-0.595038132254,1.77593031408,0.92480343739,0.00224347854225,0.00733085458076,0.380368015962
15,0.189380637379,0.85173249122,-0.022381284281,0.999683257537,-0.0135263353379,0.0212231678029,0.0,0.0828575464144,-0.598245044874,1.78582261036,0.925224827156,0.000928833259186,0.00654716314012,0.379361689076
15,0.189365632643,0.850697494447,-0.0218787035196,0.999636332028,-0.0186084155662,0.0195174424527,0.0,0.0828802483145,-0.597909561718,1.7847221711,0.9256341898,0.00286739651913,0.00839158082463,0.37831561702
15,0.18807072183,0.847275725221,-0.0198359210167,0.999698358303,-0.017783502763,0.0169392867677,0.0,0.0825451697804,-0.596730997638,1.78092836746,0.925049095463,0.00232744030433,0.00900843249819,0.379733593652
15,0.188349071689,0.853618936959,-0.0219486637181,0.999653757782,-0.0155073333922,0.021257637777,0.0,0.0829481749374,-0.598472064908,1.78653642334,0.925234869813,0.00237119515487,0.00664999582274,0.379329132378
15,0.187515642728,0.848753910136,-0.0207970122998,0.999669705593,-0.0147018571328,0.0210792579753,0.0,0.0825994293979,-0.596799574406,1.78182775556,0.924650463487,0.00217853889596,0.0064324421326,0.380756349952
15,0.188089024715,0.846660518801,-0.0205042463559,0.999580750202,-0.0184872630979,0.0222832881058,0.0,0.0824958527431,-0.596362435572,1.78028053274,0.925085549435,0.00379580886967,0.006854882391,0.379677927524
15,0.189390569377,0.846618087606,-0.0203224233086,0.999546006933,-0.0191803658433,0.0232356103973,0.0,0.0824749432426,-0.596547235839,1.78061397338,0.925231512922,0.00367970148298,0.0070422116069,0.379319805111
15,0.188786580602,0.845808227625,-0.0196011942942,0.999608601878,-0.0143631833077,0.0240071243037,0.0,0.0825927846738,-0.595951546141,1.77973792482,0.924214500403,0.00221375473575,0.00596385305074,0.381820755057
15,0.187973077929,0.841719561676,-0.0183153170648,0.999617734978,-0.0147389927527,0.0233911523775,0.0,0.0821756303573,-0.594494038931,1.77566654231,0.924101253233,0.0024179379863,0.00630326393077,0.382088073895
15,0.188421911624,0.844572528508,-0.0196027493921,0.999566330216,-0.0166761764128,0.0242704890691,0.0,0.0825301752043,-0.595245597663,1.77857940191,0.924606438925,0.00333896540231,0.00600837900762,0.380861764674
15,0.188237374349,0.844906512738,-0.0238008716558,0.999670552145,-0.00507645636429,0.025159824429,0.0,0.0823315395435,-0.594458024695,1.77929545996,0.924929176548,-0.00208396842238,0.00231925068383,0.380126684833
15,0.188679799131,0.848811326921,-0.0260704993933,0.999493113973,-0.00625079140864,0.0312160652044,0.0,0.0826297868386,-0.595469803593,1.78370928773,0.924519286705,-0.000289864970589,-0.000190931265967,0.381135104699
15,0.189059023152,0.844084743957,-0.0227327091708,0.999535460622,-0.0144080834473,0.0268564720324,0.0,0.0823566560269,-0.593296581224,1.77942392573,0.925603872733,0.00224978190849,0.0040834884032,0.378464971148
15,0.189224151557,0.845152697135,-0.0227385157466,0.99949167791,-0.00978302286946,0.0303426803797,0.0,0.0824912736699,-0.594021863426,1.78021365284,0.924554807381,0.000883716028817,0.00152979524805,0.381044993303
15,0.188911883602,0.847675430938,-0.0223650913359,0.999576805696,-0.0100143354132,0.0273115836324,0.0,0.0825638495099,-0.59477355906,1.78267056744,0.924899814416,0.000737324148387,0.00316487043125,0.380197018979
15,0.188385152071,0.844203628295,-0.0203410051218,0.999627098125,-0.0109130544176,0.0250313790705,0.0,0.0824206708541,-0.593350068096,1.77900930191,0.924538186535,0.000805304404551,0.00434331536907,0.381063811894
15,0.188858616073,0.846924767846,-0.0203932998138,0.99958190467,-0.0137291338045,0.0254465467611,0.0,0.0826661029592,-0.593701514619,1.78210849187,0.925323915185,0.00235728186562,0.00542144214849,0.379131511713
15,0.1885442161,0.84782218111,-0.0204506411803,0.999556490267,-0.0139450566814,0.0263126995758,0.0,0.0826418408979,-0.594185881273,1.78299360162,0.925604216003,0.00276116260453,0.00487920927521,0.37845132397
15,0.188641103039,0.848080820839,-0.0208879313889,0.999527480853,-0.0145628270502,0.0270691538083,0.0,0.0827233948682,-0.594040987593,1.78348335573,0.925117713468,0.0032070288523,0.00466252725573,0.37963823837
15,0.188940500204,0.845505448195,-0.0183442174857,0.999535456914,-0.0175253559021,0.0249345597866,0.0,0.0826489739417,-0.593495683518,1.78119330586,0.925156466147,0.00371425773049,0.00603209815156,0.379519869345
15,0.189432599316,0.851421817183,-0.0209238956934,0.999497964355,-0.0146616261601,0.0280865798655,0.0,0.0829291694506,-0.595615290391,1.78730305875,0.925315941294,0.00308043004432,0.00399995335168,0.379163447753
15,0.188808627725,0.844837031348,-0.0194813919153,0.999553974891,-0.0158757906408,0.0252944766966,0.0,0.0825083379077,-0.593573448017,1.78009261491,0.925742438895,0.00310596111684,0.00572654928492,0.378098527461
15,0.188061096713,0.841309121738,-0.0183080172924,0.999581433981,-0.0115764485495,0.0265130662183,0.0,0.0821877688555,-0.591877607356,1.77626832741,0.924840411161,0.00153393461986,0.00409398951235,0.380330251463
15,0.1876229633,0.837040675516,-0.0166205257093,0.999671006786,-0.0112452403285,0.0230526085737,0.0,0.0818984737611,-0.590212651206,1.77197840302,0.924369670244,0.000663540538732,0.00559438314939,0.381456387186
15,0.188360496064,0.841837963608,-0.0180348212356,0.99958166848,-0.013826431014,0.0254031069741,0.0,0.0821476832451,-0.591866636913,1.77683036939,0.925321492563,0.00215910450934,0.00521874761496,0.379141448989
15,0.18805440965,0.841453759611,-0.016424627012,0.999659307787,-0.00971230342,0.0242268346383,0.0,0.0820994370859,-0.591374322345,1.77612070521,0.924925598838,-3.83389888618e-05,0.004378333803,0.380122960812
