-0.0729762986447,-0.660468336732,1.23453420936,0.964048335669,-0.0864744037552,0.00168395374839,-0.251257135795
-0.0717803750452,-0.660072319081,1.23471194151,0.964083735531,-0.0868273125115,0.00117695201706,-0.251002357501
-0.0710531540288,-0.661225170936,1.23351615298,0.963915480692,-0.0872073978456,0.000778349002857,-0.251517812522
-0.0719300053672,-0.658659551229,1.23547924503,0.964207820659,-0.0869789747368,0.00124415919925,-0.25047233101
-0.073879141641,-0.657147897622,1.23674700875,0.964401769519,-0.0864275014822,0.00213727161471,-0.249909875769
-0.0759421366975,-0.656828373927,1.237739251,0.964467314119,-0.0860908464125,0.00296310627469,-0.249764661553
-0.0753356964291,-0.656988382785,1.23796419878,0.964457599673,-0.0861850400254,0.00269575130721,-0.249772717151
-0.0739999769448,-0.656663123223,1.23806693947,0.964473551093,-0.0865110948257,0.0021398377514,-0.249603727552
-0.0717363484637,-0.66043887867,1.23479800079,0.964044693352,-0.0868352350069,0.00112160266478,-0.251149782376
-0.070723145345,-0.663677289665,1.23201473225,0.963698846767,-0.0867759427206,0.000673960081346,-0.2524955728
-0.0714442890184,-0.665602433417,1.23044800788,0.963472358013,-0.0868585644157,0.000858714426844,-0.253329563497
-0.0736182338489,-0.660937817032,1.23378203836,0.963992609636,-0.0865206993914,0.00189161954541,-0.251453452791
-0.0764184467969,-0.65576695468,1.23782498134,0.964514474468,-0.0867451269961,0.00303043693464,-0.249355023885
-0.0758307804045,-0.653508961247,1.23988539206,0.964784797416,-0.0865952957646,0.00292130439658,-0.248360655917
-0.0760578094694,-0.652512583003,1.24051131107,0.964876782544,-0.0866815762924,0.00301816559514,-0.247971751446
-0.0738485394415,-0.657458239707,1.23689234089,0.964375840478,-0.0865027392745,0.00207027607142,-0.24998445623
-0.0746944573073,-0.657759489018,1.23692174489,0.964348696286,-0.0865735492128,0.00234958925011,-0.250062176227
-0.0730423659866,-0.659013416225,1.23618305031,0.964247025372,-0.0864907812563,0.00172416278633,-0.250487616622
-0.0730651969816,-0.659154501793,1.23568243783,0.964223368365,-0.0864241390622,0.00176358057495,-0.250601384414
-0.0729986772337,-0.659728553862,1.23512981617,0.964152314213,-0.0864290212105,0.00172692291598,-0.250873189136
-0.0724268715954,-0.659462193335,1.23525404888,0.964165224212,-0.0865578416772,0.00148650475034,-0.250780682607
-0.0733752739537,-0.657312604025,1.23716834095,0.964393567672,-0.0866483430904,0.00187331396026,-0.249867168646
-0.0738160098852,-0.656971925698,1.23677614498,0.964375547215,-0.0868799074784,0.00198657399853,-0.249855436472
-0.0760501971675,-0.656301602415,1.23742225128,0.964455942223,-0.0866632488193,0.00288608633896,-0.249611472734
-0.0765620393908,-0.656630875006,1.2370797124,0.964414754543,-0.0866260703069,0.00308185656866,-0.249781118827
-0.076635080906,-0.657446770417,1.23741851837,0.964398639632,-0.0862890976029,0.00316680738099,-0.249958850296
-0.0752768909013,-0.659947130495,1.23582039329,0.964127903091,-0.0865396362644,0.00252771762283,-0.25092207651
-0.0742374375736,-0.659944295207,1.23589893351,0.964140509427,-0.0865848058385,0.0021264584308,-0.250861770013
-0.073385614854,-0.658835719174,1.23613803093,0.96423231646,-0.0867235589311,0.00181478558713,-0.250463112601
-0.0729747698381,-0.657421744945,1.23694628351,0.964386871343,-0.0866354895771,0.00173212682896,-0.249898487516
-0.0739495868629,-0.655681389655,1.23812448283,0.964570008826,-0.0865413650762,0.00217281400633,-0.249219921121
-0.0746723463953,-0.654391562419,1.23896467759,0.964722847075,-0.0862647818271,0.00253961719447,-0.248720256699
-0.0776803354258,-0.653058019656,1.23931623221,0.96480083214,-0.0864206584728,0.00365148399858,-0.248349533431
-0.0771377405002,-0.654373798868,1.23841225197,0.96465258951,-0.0865466866045,0.00338362567515,-0.248884719633
-0.0775146506765,-0.655803770371,1.23734851378,0.964466847524,-0.0868563652193,0.00341218238062,-0.249495548778
-0.0751460310607,-0.657292027119,1.23700427422,0.964365297504,-0.0867788418943,0.00250726892112,-0.249925427221
-0.0747515570959,-0.657401835421,1.23675598839,0.964359737923,-0.0867099094881,0.00237828099725,-0.249972060936
-0.0730118274454,-0.658170532843,1.23619201966,0.96428920226,-0.086714081373,0.00171531421714,-0.250247997382
-0.0725858359636,-0.657141228708,1.23675145635,0.964410299805,-0.086559964026,0.00162969371355,-0.249834926215
-0.0720986402356,-0.655782893681,1.23825661381,0.96459020124,-0.0864593501783,0.00151141724448,-0.249175119257
-0.0732612935725,-0.653858007331,1.23995208403,0.964807042265,-0.086386643193,0.00201015223214,-0.248355950928
-0.0752006275431,-0.654427943365,1.23928793464,0.964701366583,-0.0865468635997,0.00266951168765,-0.248704216733
-0.075413966846,-0.655021355209,1.23822501267,0.964591816034,-0.0867200117449,0.00269599397261,-0.24906826297
-0.0743757297971,-0.656341825357,1.23725789387,0.964459767218,-0.086681418652,0.00227521848822,-0.249596699615
-0.0738450705604,-0.657584691052,1.23671184252,0.964342450686,-0.086723178998,0.00202798544623,-0.250037227835
-0.0736637824755,-0.659256734562,1.2356484697,0.964179078249,-0.0866159924573,0.00193435025191,-0.250704274407
-0.0737919509837,-0.659397770747,1.23547278039,0.964168940876,-0.0865475336667,0.00199645023199,-0.250766409337
-0.0729013900948,-0.658090867944,1.23604977683,0.96431987208,-0.0863543123574,0.00175123495038,-0.250253971448
-0.0731785766537,-0.657590746149,1.23670349199,0.96438471441,-0.0863629187197,0.00184747574782,-0.250000311432
-0.0745502692435,-0.656944699754,1.23751161157,0.964455738085,-0.0863597055213,0.00236390184665,-0.249722931477
-0.0745024594248,-0.657732013929,1.23703092056,0.964369740016,-0.086402113987,0.00230503243153,-0.250040728813
-0.0759028793616,-0.65508903203,1.23886107875,0.964652249438,-0.0862982943218,0.00294264068261,-0.24897787636
-0.0759062783693,-0.655884169638,1.237862797,0.964549048917,-0.0863253903283,0.00292447135742,-0.249368215067
-0.0767059912882,-0.65496582762,1.23829173526,0.96465150033,-0.0861648504586,0.00329378917478,-0.249022594174
-0.0763878084776,-0.656317408633,1.23781775151,0.964533906131,-0.0861241596072,0.00313030130526,-0.249493836134
-0.075923246568,-0.655726863358,1.23892350007,0.964640018429,-0.0860262305807,0.00299051703348,-0.249118805602
-0.0756283348121,-0.656593807832,1.23905824595,0.964567692308,-0.0861258427372,0.00282538466545,-0.249366243444
-0.0754510012913,-0.658202070858,1.23723746996,0.964344924823,-0.0863351656848,0.00266975552165,-0.250155906466
-0.0748588523493,-0.65856870793,1.23629185431,0.964278348544,-0.0863201376658,0.00245146513816,-0.250419828849
-0.0745221370054,-0.656619361046,1.23724468689,0.964478373081,-0.0862646761707,0.00241230391102,-0.249667887989
-0.0744800416882,-0.657578992792,1.23637812739,0.964371304072,-0.0862258773203,0.00236966224815,-0.250094923308
-0.075589021336,-0.656528667493,1.23748387247,0.964505247198,-0.0861042875716,0.0028340035522,-0.249614999975
-0.0755314202169,-0.657469780966,1.23691314047,0.964401481092,-0.0861900136501,0.00275908542373,-0.249986904182
-0.076211772045,-0.656121774709,1.23779770883,0.964523760326,-0.0863427180599,0.0030244948067,-0.249458820721
-0.0754698316389,-0.656965324998,1.23709126612,0.96441423653,-0.0865576203192,0.00268240976414,-0.249811455746
-0.0764686523841,-0.656871538372,1.23724727841,0.964411822377,-0.0866527668697,0.00303349285927,-0.24978377204
-0.0753364685483,-0.655786011151,1.2383754151,0.964560390918,-0.086579795176,0.00265966615292,-0.249239077024
-0.0761821364292,-0.65568635473,1.2380725878,0.964535827387,-0.0867008077484,0.0029407204472,-0.24928890827
-0.0767446193509,-0.653788703874,1.2396198931,0.96475700677,-0.0865663698989,0.00323836491675,-0.248474736109
-0.0764985824079,-0.652777070988,1.24025256689,0.964884810102,-0.0863343151506,0.00324564522774,-0.248058773375
-0.0758005551958,-0.652261258304,1.24101147793,0.964970397246,-0.0862570533821,0.00303018628953,-0.247755264632
-0.0743394734065,-0.655899509055,1.23793008965,0.964553164576,-0.0864234237514,0.0023475822219,-0.249324434004
-0.0755392856427,-0.656477993796,1.23777937565,0.964465054734,-0.0867222174095,0.00270062081326,-0.249557852717
-0.0748449219594,-0.655271910555,1.23891801022,0.964614529883,-0.0866771328542,0.00249519291932,-0.248997303985
-0.0742140547684,-0.65475953073,1.23946510172,0.964669047448,-0.0868209480362,0.00224043737929,-0.248738280767
-0.0742037122016,-0.655426645182,1.23892678617,0.964614705874,-0.0866261797992,0.00225156927916,-0.249016675386
-0.0740133351473,-0.656558894336,1.23776490418,0.964479142158,-0.0866411905779,0.00215141293271,-0.249536890778
-0.0738509079505,-0.654372428242,1.23939547287,0.964737544135,-0.0864585815513,0.00220700455318,-0.248599102459
-0.0734351568657,-0.654496398345,1.23889609471,0.964688065052,-0.0866544693443,0.00201689590551,-0.248724490592
-0.0739655710456,-0.654923107561,1.23821447147,0.964631213475,-0.0865526657974,0.00220950302503,-0.248978666014
-0.0759568090911,-0.655640347419,1.23754237447,0.964526718313,-0.086579786375,0.00290473189949,-0.249366623237
-0.0755436015457,-0.657067026661,1.23642109196,0.964381228389,-0.0864764153051,0.00272328170229,-0.249966517083
-0.0754365625471,-0.657029352848,1.2369346617,0.964402563192,-0.0865248634311,0.00266768289128,-0.249868020332
-0.07429835585,-0.657044568663,1.23715538264,0.964419589231,-0.0865409357134,0.0022492035946,-0.249800847549
-0.0741316074508,-0.657020909162,1.23766666319,0.964444923108,-0.0865678546164,0.00218548822425,-0.249694253997
-0.0735835191517,-0.658690050983,1.23605449736,0.964230180952,-0.0867635296424,0.00189394558067,-0.250456904548
-0.0740904369467,-0.658268663932,1.23668776374,0.96429367545,-0.0866870255173,0.00210991875551,-0.250237118225
-0.0750655334452,-0.657942151416,1.23682902641,0.96429716516,-0.0868878137125,0.00243383223315,-0.250151077456
-0.0759950919952,-0.656927194669,1.23751238167,0.964402362674,-0.0868532010971,0.00281226261476,-0.249753269264
-0.0760032922975,-0.658518851827,1.23582918668,0.964199823941,-0.0869088045212,0.0027492459073,-0.250515470292
-0.0762351580039,-0.657854825906,1.23619002747,0.964276350751,-0.0867899898362,0.00288413450258,-0.250260461948
-0.0746920428382,-0.658409246131,1.23625769809,0.96425430922,-0.086710310132,0.00231476478227,-0.250378895138
-0.0753090672931,-0.655980382552,1.23806019245,0.964525121896,-0.0866263895642,0.00263965186604,-0.249359559876
-0.0734864684768,-0.654684266451,1.23904316506,0.964700326678,-0.0864196923658,0.00206195433526,-0.24875824574
-0.0748253396334,-0.653950824052,1.23931163173,0.964752215432,-0.0864972503059,0.00256473639927,-0.248525271625
-0.0740468051545,-0.654228445716,1.23898889028,0.964703507447,-0.0866819003702,0.00223685608623,-0.248653146658
-0.0747743555771,-0.655236958107,1.23827705943,0.964587328108,-0.0867084625948,0.00245874816489,-0.249092118554
-0.0754613191031,-0.655323849963,1.23811987452,0.964583820726,-0.0865658770035,0.00273139741502,-0.249152445704
-0.0748244837947,-0.656703818328,1.23749140338,0.964476106667,-0.0863435680012,0.00249422859636,-0.249648566502
-0.0756458961971,-0.65698239936,1.23745137015,0.964449401595,-0.0863128094199,0.0027877613467,-0.24975924223
-0.0753485647674,-0.656505586608,1.23792136679,0.964515902976,-0.0862283214162,0.00271716595841,-0.249532295508
-0.0758930649223,-0.655624544531,1.23830387413,0.964587630857,-0.0863123088526,0.00292993019135,-0.249223400279
-0.075726520805,-0.654893277158,1.23891409172,0.964659099157,-0.0864456641169,0.00286596566167,-0.24890109644
-0.0759206046055,-0.656143115481,1.23806860569,0.964513104071,-0.0865594507994,0.00287116141681,-0.249426722675
-0.0768265703703,-0.656815403227,1.23752398623,0.964429055383,-0.0865968477922,0.00316635189683,-0.249734974126
-0.0760577910251,-0.656391834135,1.23808711458,0.964499353576,-0.0865214220987,0.00291932628827,-0.249492520937
-0.0752693447562,-0.656407228994,1.237927923,0.964477521286,-0.0867420841738,0.00258059391994,-0.249504032636
-0.0741770039273,-0.656857057152,1.23733422803,0.96441188819,-0.0868796537546,0.00214112951027,-0.24971393883
-0.0746925809157,-0.657449238416,1.23654215576,0.964322270607,-0.086945655085,0.00229221800002,-0.250035511898
-0.0752912877659,-0.656244368907,1.23742774952,0.96445934191,-0.0868309003785,0.00257689888951,-0.249543447389
-0.0755138328754,-0.655578874703,1.23822027224,0.964552375499,-0.0867077714782,0.00271147376898,-0.249225049294
-0.0755033385962,-0.655558678354,1.23802690066,0.964544000351,-0.0867248368464,0.00270812299442,-0.249251559938
-0.0742237817587,-0.654726760512,1.23883771428,0.964679272918,-0.0864405278218,0.00233502691378,-0.248830229678
-0.074543831345,-0.65419428995,1.23944397643,0.96475989663,-0.0863081316222,0.00249473841348,-0.248561912912
-0.0733811053399,-0.653394483,1.24004052886,0.964864192499,-0.0862025169395,0.00212216388875,-0.248196922881
-0.0739535821002,-0.653826948972,1.23937022474,0.964788415246,-0.0863194278242,0.00228898428106,-0.248449251838
-0.0725230887637,-0.656261787576,1.23678887036,0.964480714411,-0.0865279285005,0.00163977535164,-0.249573997554
-0.0731482342003,-0.658337749814,1.23494570349,0.96423451913,-0.0865549575763,0.0017855027573,-0.250513160168
-0.0737193084507,-0.658006697432,1.23560202984,0.96428881512,-0.0864942183719,0.00202360574893,-0.250323263485
-0.0749317478608,-0.658138356624,1.23585341985,0.964284774328,-0.0864124276293,0.00248120865382,-0.250362956435
-0.074664452112,-0.657007011151,1.23697416785,0.964407849471,-0.0865412528953,0.00240018625936,-0.249844652798
-0.0753235806762,-0.658275219295,1.23598608563,0.964248274356,-0.0866968692632,0.00256409303981,-0.250404360364
-0.0759537819638,-0.656025958687,1.23794743506,0.964500464609,-0.0867338535228,0.00285585141676,-0.249415189061
-0.0767533087951,-0.657410731588,1.23686466952,0.964347719041,-0.0866626979445,0.00310560418722,-0.250026816136
-0.0764545588852,-0.656889759481,1.23702449007,0.964408076422,-0.0865401314463,0.00303337915026,-0.249837279828
-0.0729091037258,-0.656890808363,1.23702733346,0.964448729389,-0.0863836630999,0.00178553059989,-0.249746517512
-0.0729912594983,-0.655503887028,1.23840258092,0.964624327149,-0.0862936512233,0.0018963177926,-0.249097806512
-0.0719345888344,-0.655744302708,1.23860987596,0.964603320804,-0.0864930612076,0.00146563156315,-0.249112897661
-0.0733817343595,-0.656901786425,1.23768626717,0.96444701296,-0.0866784870804,0.0019029084076,-0.249650111173
-0.0743450101936,-0.65577753057,1.23863064001,0.964557572439,-0.0867815845076,0.00225840017356,-0.24918375884
-0.0744305371064,-0.657073636917,1.23747162308,0.964411180181,-0.0867213158422,0.00225152130528,-0.24977073402
-0.0760488944064,-0.657583094934,1.23685133354,0.964340879928,-0.0866252994759,0.00284219548222,-0.25006928383
-0.0750433952566,-0.658734663371,1.23543245319,0.964203145185,-0.0865642245707,0.00245694829317,-0.250625005226
-0.073982875234,-0.658677403659,1.23493849745,0.964189074357,-0.0866332879058,0.00205568286204,-0.250658884712
-0.0734486219526,-0.659235658093,1.23496062256,0.964152505326,-0.0866101923233,0.00184609763471,-0.250809116627
-0.073031421631,-0.659612439795,1.2347704833,0.96412305344,-0.0865411630828,0.0016977782673,-0.250947170669
-0.0743444064735,-0.65679226908,1.23786652202,0.964485437311,-0.0863452711185,0.00231661883044,-0.249613638745
-0.073484690311,-0.655834524514,1.23818817159,0.96458297341,-0.0863164472928,0.00204689923875,-0.249248808497
-0.0748693210213,-0.654913847541,1.23893457972,0.964662950364,-0.0864565172375,0.00255333823752,-0.248885803704
-0.0744253123721,-0.657397414574,1.23631940855,0.964335038529,-0.0867245294156,0.00225771035978,-0.25006337638
-0.0743273352752,-0.657752974665,1.23657994013,0.964315279756,-0.0867730715513,0.0021962984214,-0.250123272718
-0.0735944142204,-0.658800877788,1.23594341594,0.964229568403,-0.0865909637793,0.00192862252374,-0.250518711526
-0.0739660208503,-0.659095592681,1.23532502462,0.964191694196,-0.0864117932766,0.00209114884849,-0.25072496071
-0.0738433594149,-0.659055181802,1.23523668387,0.96419481319,-0.0863779731574,0.00205537331721,-0.250724915816
-0.0745134705289,-0.657280929464,1.23677829395,0.964394341476,-0.0863893106482,0.00236054351684,-0.249949732885
-0.074074783986,-0.658563148461,1.23643001646,0.964334451882,-0.0859574367431,0.00229342302843,-0.250330030544
-0.0764810053436,-0.661422042366,1.23320184562,0.964013264886,-0.0859105135953,0.00317086069417,-0.251570575425
-0.073715985102,-0.661856144129,1.2325469659,0.96403121512,-0.0859726651774,0.00211959507611,-0.251491599132
-0.0749238264069,-0.665449977868,1.22813674816,0.963475111166,-0.086187494951,0.0022443781423,-0.253539718082
-0.0733163305331,-0.664788839103,1.22822485285,0.963322773674,-0.0865003669553,0.0013982117031,-0.254017647499
-0.0727847479218,-0.674750972288,1.22147872165,0.962074355562,-0.0864203537898,0.0008182732841,-0.258734974926
-0.0702057939355,-0.675413531181,1.22313993286,0.962179610364,-0.0864397620166,-1.73405923113e-05,-0.258338082058
-0.0705658099755,-0.674155344498,1.22434660692,0.9625549098,-0.0860611868671,0.000442365516042,-0.25706287567
-0.0703428363692,-0.66785888634,1.22888248286,0.963363687289,-0.0861937944801,0.000638038443513,-0.253969739759
-0.0699779260226,-0.661255601566,1.23325800685,0.964123160422,-0.0863867550406,0.000662763653087,-0.251004822334
-0.0670431980354,-0.663339179054,1.23272727816,0.963944624061,-0.0862698224282,-0.000514851097887,-0.251730042724
-0.0699637689216,-0.662066994361,1.2331130464,0.963988688032,-0.0862729086892,0.000571277534235,-0.251560068799
-0.0726809944127,-0.664220878781,1.23216847056,0.963634649634,-0.0862560950132,0.00148586297513,-0.252914887481
-0.0771503330469,-0.662006292209,1.23401304255,0.963788446289,-0.0864004798939,0.00314315261565,-0.252263569437
-0.0761072797905,-0.662532542436,1.23450572598,0.96375587493,-0.0865363760142,0.00266751030358,-0.25234689131
-0.0757478471043,-0.662302816617,1.23444907616,0.963783327551,-0.0866668829665,0.00247722847754,-0.252199152002
-0.0712842221659,-0.666070477697,1.23233886699,0.963468808164,-0.0867940478964,0.000683882788894,-0.253365706538
-0.0722961253232,-0.665270758047,1.23152696649,0.963592605226,-0.0866642791132,0.00119751239348,-0.252937066964
-0.0737543728026,-0.665119670762,1.22973202284,0.963594651275,-0.0865689137112,0.00184743882531,-0.252958016642
-0.0780363867193,-0.662025246685,1.23009047401,0.963825409953,-0.0866554750659,0.00355752677839,-0.252029267692
-0.0753703185601,-0.664562439539,1.22913414387,0.9635652362,-0.086791403624,0.00243894944962,-0.252988812736
-0.0734206657883,-0.663385566735,1.23159156116,0.963753296847,-0.0866310732184,0.00173003721203,-0.252332413575
-0.0721445836885,-0.66298874313,1.23295225541,0.963789745349,-0.0865333185754,0.00121188942407,-0.25222974222
-0.0733794702804,-0.662635243595,1.23345818624,0.963768030001,-0.0864734221145,0.00163623611324,-0.252330843037
-0.0745089784207,-0.663710982613,1.23328352379,0.963625300812,-0.086526928039,0.00202162285873,-0.252854273051
-0.0742129587974,-0.661863191072,1.2344781258,0.963862920691,-0.0864504083036,0.00206019964414,-0.251972920369
-0.0727570440219,-0.662233723837,1.23443775055,0.963928600741,-0.0862051214374,0.00160424026246,-0.251808967523
-0.0719677190875,-0.663877761215,1.23238449875,0.963775630868,-0.0862326747502,0.00124622782095,-0.252386422112
-0.071907904079,-0.666081778433,1.23034436855,0.963560330093,-0.0862361794144,0.00114813609465,-0.253206424514
-0.0725631777465,-0.666632726676,1.22836890294,0.963419473743,-0.0864373145233,0.00134334280095,-0.25367243386
-0.0722094411679,-0.662917519188,1.23127485162,0.963813141673,-0.0863818002674,0.00138177084159,-0.252191401975
-0.0729187357825,-0.661763949703,1.23280823724,0.963894742687,-0.0864885673476,0.00164472521766,-0.251841115818
-0.0747973196105,-0.656955082496,1.23765183536,0.964435599678,-0.0862598039053,0.002514741872,-0.249833737468
-0.0769231023772,-0.659553448373,1.23572649296,0.964096125649,-0.0863630504578,0.00312329586909,-0.251098245807
-0.0757511868118,-0.659051199784,1.23582834651,0.964179906481,-0.086248857185,0.00274016384372,-0.250820122944
-0.0749598328553,-0.662709829716,1.23209987273,0.963784468681,-0.0862620497122,0.00237497211539,-0.25233453235
-0.0709878201386,-0.664387180061,1.23050903224,0.963667317302,-0.0863073754562,0.000916228402908,-0.252775590259
-0.0693922269163,-0.665947666978,1.23002377117,0.963535742643,-0.0864926043412,0.000230075838232,-0.253215025441
-0.0684890190517,-0.666174495179,1.23037932787,0.963527451592,-0.0865300271959,-0.000155090048016,-0.253233845227
-0.0708788976683,-0.662233642758,1.23333418656,0.963914320444,-0.0865310851979,0.000818224434091,-0.251755604996
-0.074892699089,-0.660364713162,1.23426233029,0.964051339407,-0.086306097844,0.00239073227635,-0.251297745436
-0.0771120308456,-0.657165730352,1.23650664946,0.964329269006,-0.08638316168,0.00328681196844,-0.250192340378
-0.0772104830837,-0.658749091641,1.23554073169,0.964149177967,-0.0864004858356,0.0032766473237,-0.250879617059
-0.0761278382776,-0.658898972342,1.23558562708,0.964159627287,-0.0864709951339,0.00285453020125,-0.250820317693
-0.073581944797,-0.660480746406,1.2346439572,0.964037765568,-0.0865826986508,0.00184004514029,-0.25125930249
-0.0722671186123,-0.66169020267,1.23425406907,0.963971999734,-0.0865860552504,0.00131586615289,-0.251513632359
-0.0683728101548,-0.66462562042,1.23238459835,0.96369706479,-0.0867417812458,-0.000225037953956,-0.252514910567
-0.0682157060335,-0.664510863652,1.23184009024,0.963683113793,-0.0867592641713,-0.000270720371409,-0.252562097279
-0.0690458110676,-0.662998069758,1.23287314951,0.963818181617,-0.0867968468376,6.66986600466e-05,-0.252033362305
-0.072590091271,-0.658754497473,1.2355485086,0.964200063229,-0.0867924486784,0.00148413868798,-0.250565572764
-0.0747372253988,-0.659275484318,1.23555149204,0.964098007777,-0.0868077787077,0.0022218883105,-0.250947213908
-0.0749588243327,-0.66231140004,1.23290829982,0.963752030973,-0.086579143735,0.00223879045804,-0.252351069907
-0.0732385132064,-0.666351760205,1.22977187638,0.963339891881,-0.0866079543433,0.00147702136553,-0.253915602834
-0.0725184098983,-0.663773209137,1.23184273125,0.963697619569,-0.0863180735152,0.00140862570481,-0.252654119291
-0.0724171437902,-0.66419182811,1.23131984607,0.963680378659,-0.0864321811113,0.00137848642487,-0.25268103536
-0.0703357602269,-0.664115521036,1.23221539265,0.963761499899,-0.0862823538915,0.000682141517775,-0.252425556158
-0.0709837282134,-0.665824356495,1.23145614143,0.963545352264,-0.0864181176113,0.000795781165472,-0.253202744477
-0.0724184281091,-0.664471196711,1.23286112373,0.963627925811,-0.0865085626092,0.00129627838453,-0.252855312096
-0.0754553192605,-0.66520097185,1.23201429488,0.963514215321,-0.0863847758509,0.00236011106148,-0.253322832077
-0.0744163814878,-0.667820534125,1.22919689256,0.963252498921,-0.0864294658825,0.00189285455185,-0.254304911183
-0.072945357222,-0.666176791574,1.23043762904,0.96352496144,-0.0861080121581,0.00151702720954,-0.253382630722
-0.073090453102,-0.663969088846,1.23099624333,0.963707130398,-0.0861961539095,0.00167775437726,-0.252657821988
-0.0736023536478,-0.663133647493,1.23148927586,0.963788840788,-0.0862030820957,0.00191422490733,-0.25234190051
-0.0726013721594,-0.662109130361,1.23221630204,0.9638841918,-0.0863752798087,0.0015211066474,-0.251921142564
-0.0719993454874,-0.664409761897,1.23084430642,0.963650975765,-0.0861061759282,0.00122646096169,-0.252905158445
-0.0722278398805,-0.664310520557,1.23127131792,0.963644032484,-0.0860458709165,0.00128128778609,-0.252951863125
-0.0736188402946,-0.664358497225,1.23090516551,0.963592956155,-0.0861696522112,0.00177130752371,-0.253101300582
-0.0743975828794,-0.658514311516,1.23550749564,0.964242033301,-0.0863314914202,0.00227102366258,-0.250557413092
-0.0745386034177,-0.657903975978,1.23612372396,0.964350931545,-0.0862045173106,0.00239120024238,-0.250180623121
-0.0730831938733,-0.657571813394,1.23700906646,0.964461020628,-0.0860745426331,0.00189378913616,-0.249804976655
-0.0715507145522,-0.66167920113,1.23404497288,0.96404206536,-0.0861332413353,0.00115268244565,-0.251401337063
-0.0696063960392,-0.662447708723,1.23391478399,0.96397427555,-0.0863244352919,0.00038259939694,-0.251597976079
-0.0692642820952,-0.663224605115,1.23281738882,0.963842435063,-0.0864345960922,0.000232023011447,-0.252065005774
-0.0699150222192,-0.661253279565,1.23433715712,0.964027854929,-0.0865344391949,0.000536201267639,-0.251320111098
-0.0717967743235,-0.658164701777,1.23594414823,0.964292279384,-0.0866462166554,0.0012878054753,-0.250262211724
-0.0726630611831,-0.659179927294,1.23542665202,0.964183494064,-0.0864881428177,0.00156698578407,-0.25073399347
-0.0736039837348,-0.65871241514,1.23557095434,0.964229466824,-0.0863843320364,0.00192785127906,-0.250590434529
-0.0727346720086,-0.659467559353,1.23532308861,0.964187111517,-0.0863204136814,0.00161367407952,-0.250777583172
-0.0728219633796,-0.659410170862,1.23519716625,0.964221710781,-0.0862212517714,0.00171460165337,-0.250677977379
-0.0712310485202,-0.662941624764,1.23281670765,0.963872068869,-0.0862051911708,0.00103772889409,-0.252028218634
-0.0716322043468,-0.66516876601,1.23040579349,0.963624746811,-0.0858481043062,0.00119573992792,-0.253092908881
-0.0723570784187,-0.665193927281,1.23086291256,0.963634792656,-0.0858915846964,0.00142459850107,-0.253038717551
-0.0735108851522,-0.664856395936,1.23115960158,0.963673971044,-0.0858001804602,0.00185376230891,-0.252917714149
-0.0732445120009,-0.661588875582,1.23373669992,0.964004676843,-0.0860714411791,0.00179003788126,-0.251562091347
-0.0732985573546,-0.657186821721,1.23678559126,0.964429744948,-0.0863739158053,0.00189218410486,-0.249822403654
-0.072854770264,-0.653880833687,1.23855600936,0.964731383505,-0.0865637433787,0.00182601838957,-0.248589504343
-0.0722730314835,-0.653981970875,1.23881731055,0.96471862601,-0.0867770412514,0.00157908071756,-0.248566337717
-0.0727042902501,-0.656824829999,1.2366388383,0.964416670122,-0.0866264477693,0.0016690552485,-0.249787027669
-0.073162342803,-0.660114135449,1.2341813987,0.964078775224,-0.0864658850577,0.00174177933382,-0.251142851954
-0.0713176464708,-0.664629423987,1.23140168671,0.963656847784,-0.0862448315537,0.000958968843013,-0.252836684696
-0.0694895364182,-0.666723731022,1.2296157454,0.963463061161,-0.0860523680497,0.000279666289571,-0.253641166843
-0.0677382592984,-0.666474726176,1.22983631925,0.963493817239,-0.0861636201911,-0.000367489581035,-0.253486409201
-0.069731495113,-0.66373248195,1.23137790575,0.963763716149,-0.0860872056002,0.000472143411772,-0.25248419663
-0.0707856011983,-0.662007125238,1.23300253208,0.963920605571,-0.0863458549666,0.000827866327136,-0.251795103452
-0.0736012322176,-0.660073168012,1.23510110213,0.964116440909,-0.086492490393,0.00187795128544,-0.250988068985
-0.0734908018749,-0.659607805187,1.23545863677,0.964157895956,-0.0865143984982,0.00184657058304,-0.250821451823
-0.0732026011617,-0.660552269971,1.23473024918,0.964061517686,-0.0864961673972,0.00173757287738,-0.251198694231
-0.0715189230745,-0.660285078662,1.23455968377,0.964102585657,-0.0864207713024,0.00115443095927,-0.251070352503
-0.0738386043242,-0.661907349957,1.23305071856,0.963914282044,-0.0863348800779,0.00197309477253,-0.251816703676
-0.0739780595,-0.661592351116,1.23304702842,0.963961630242,-0.0862182867404,0.00205294113943,-0.251674726356
-0.0735426633412,-0.664495161381,1.23160062158,0.963688765035,-0.0861192684671,0.00181154407584,-0.252753148451
-0.0715224374521,-0.662096764526,1.23377506124,0.963947238799,-0.0864695424051,0.00106257173664,-0.251649776455
-0.0716755812652,-0.66168013543,1.23406908253,0.963960949714,-0.0866830228939,0.00108919263849,-0.25152366614
-0.0740447547517,-0.65801023109,1.2357059413,0.964288480673,-0.0867130016772,0.0020762369947,-0.25024841782
-0.0758198449692,-0.658000758117,1.23566113033,0.964286211246,-0.0864733936353,0.00277972858695,-0.250333234118
-0.0773601506125,-0.654648597759,1.23831075747,0.964663782373,-0.0862249751129,0.00350047023169,-0.24895137548
-0.0772961785423,-0.655773450658,1.23770716059,0.964540176012,-0.0862941542232,0.00342405377569,-0.249406983988
-0.0750084269737,-0.657714384816,1.23602853884,0.964334406253,-0.0863543722737,0.00251522165317,-0.250191424644
-0.0728701220411,-0.661904553872,1.23298043782,0.963900674644,-0.0864068708334,0.00159595486879,-0.251846768933
-0.0711797334151,-0.665316803721,1.23046949775,0.963548619821,-0.0864349969268,0.000868176265763,-0.253184309976
-0.0712704790139,-0.666557555458,1.22964860906,0.963423821452,-0.0864337555239,0.000858658927248,-0.253659237699
-0.0708561399312,-0.664772836807,1.23067909294,0.963610161755,-0.0864027503881,0.000762164210394,-0.252961340906
-0.0712413941715,-0.661176987431,1.2340813024,0.964031940043,-0.0863413412295,0.00102477347186,-0.251369332282
-0.0732601553393,-0.660035551032,1.23484567922,0.964121401162,-0.0863929173571,0.00179138281466,-0.251003941403
-0.0755423967649,-0.65952923311,1.23521708546,0.964143165652,-0.0865085242821,0.00262439961059,-0.250873162934
-0.075650275589,-0.658258846822,1.23529578678,0.964248972902,-0.0864682996466,0.00272442452848,-0.25047899897
-0.0737433900889,-0.655802139778,1.23776594218,0.96456634849,-0.0864308914207,0.00212175828281,-0.249272859553
-0.0717031725878,-0.658201657851,1.23617133905,0.964335249477,-0.0863891425155,0.00129589764376,-0.250185457854
-0.0713765308457,-0.659894881412,1.2350169352,0.964149661534,-0.0865223838817,0.00107709630981,-0.250854832753
-0.0698953975609,-0.66396598751,1.23152037851,0.963702369718,-0.086496288656,0.000397792122124,-0.252578653907
-0.0697379613864,-0.664729792308,1.23085756497,0.963608356067,-0.0865842723797,0.000304250042535,-0.252907112051
-0.0707953736163,-0.66456246314,1.23173468228,0.963659653917,-0.0864519734604,0.000729635151796,-0.252755999591
-0.0728340012531,-0.660304035042,1.23502932352,0.964115881923,-0.0863951301364,0.00161996257012,-0.251025543387
-0.0745251798606,-0.656292592764,1.23846865183,0.964555790588,-0.0864170721469,0.00235405062024,-0.249316415285
-0.0740267716534,-0.65711353081,1.23757055775,0.964457544331,-0.086359141841,0.00216173379955,-0.249717982352
-0.0729357018811,-0.659132337504,1.23535802078,0.964190913027,-0.0866315273136,0.00164250083631,-0.250655468527
-0.0711814794232,-0.661913355141,1.23305350337,0.963890228046,-0.086645286351,0.000909892935244,-0.251808249914
-0.0699517453087,-0.660972196752,1.2334793969,0.963986693466,-0.0867548724056,0.000465362750878,-0.251402128815
-0.0703360303016,-0.662073207767,1.23331380626,0.963923979223,-0.0864726542463,0.000632341110666,-0.251739235104
-0.0708841525793,-0.662887722898,1.23244315652,0.963833643173,-0.0863484617951,0.000835464006926,-0.252126859801
-0.0726479079049,-0.664806943406,1.23066221619,0.963599849638,-0.0863047843954,0.00142868591166,-0.253031169668
-0.0762460381773,-0.661622290494,1.23305709733,0.963930901478,-0.0861760665459,0.00288877645749,-0.251798645152
-0.0767703438439,-0.660830811531,1.23412781129,0.964025749479,-0.08619366844,0.0031018412957,-0.251426697951
-0.0759252641352,-0.657331679751,1.23723790628,0.964447630895,-0.0860401022053,0.00294879412821,-0.24985830522
-0.0725583211392,-0.658697450676,1.23624542521,0.964324776227,-0.0859950861388,0.00167761864613,-0.250359255293
-0.0730121049871,-0.658358579345,1.23625151312,0.9643542401,-0.0859224179793,0.00186584137898,-0.250269367534
-0.072044647497,-0.65906229259,1.23514577684,0.964263246069,-0.0859456728842,0.00148208120138,-0.25061431928
-0.0723006410285,-0.658996548598,1.23490228727,0.964256355195,-0.0860536039909,0.00156215060748,-0.25060330882
-0.0705954395166,-0.65968712084,1.23414304407,0.964170209876,-0.0862664631796,0.000864002636621,-0.250864818611
-0.0713824710282,-0.659598797746,1.23445840788,0.964192032197,-0.086185686196,0.00117056767813,-0.250807460643
-0.0707470351367,-0.659406343416,1.23494668972,0.964221757091,-0.0862758192171,0.000911866361041,-0.250663229592
-0.0716492567788,-0.656769444249,1.23721388505,0.964519032094,-0.0861753284819,0.00135581228333,-0.249549616837
-0.0731774811564,-0.657726707912,1.23713907068,0.96441658644,-0.0862426678951,0.00186808913482,-0.249918707338
-0.0743021183801,-0.658144835711,1.2363952302,0.964348920501,-0.0861579164008,0.00229148868295,-0.250205359754
-0.0742541102094,-0.660762529749,1.23406777046,0.964041865774,-0.0861874584241,0.00219374858062,-0.251376591021
-0.07189805937,-0.659403973048,1.23472513452,0.964186395091,-0.0863235677452,0.00133985019134,-0.250780864452
-0.0709111866682,-0.65924676496,1.23492678012,0.964203588416,-0.0864795598203,0.000941979269258,-0.250662798385
-0.0681186820341,-0.658820306717,1.23532297844,0.964280484626,-0.0864798869709,-7.6715780692e-05,-0.25036846893
-0.0703224783062,-0.65933054974,1.23473019737,0.964209413189,-0.086417977016,0.000740359001695,-0.250662307966
-0.0696803569898,-0.659332577043,1.23491930944,0.964220439742,-0.0863929123906,0.000519780356974,-0.250629084705
-0.0718397102163,-0.659196945186,1.23512149039,0.964208145788,-0.0865043402255,0.00128783820062,-0.250635177482
-0.070744448574,-0.659837322468,1.2349628964,0.964148921399,-0.0865248175279,0.000848080452547,-0.250857716796
-0.0713069116346,-0.659144091114,1.2361152096,0.964252798935,-0.0864452404963,0.00108637449344,-0.250484690017
-0.0724624404302,-0.660325917081,1.23478297845,0.964096099951,-0.0864044233981,0.00147889119158,-0.251099180719
-0.0720595291718,-0.659178615344,1.23615358248,0.964255237776,-0.0863650500347,0.00138056873958,-0.250501514135
-0.071003798971,-0.661922748209,1.23354532694,0.963897514689,-0.0868482680548,0.000791188402446,-0.251710813301
-0.0696767799978,-0.661448219798,1.23429072627,0.963981036164,-0.0868638626089,0.000316678955695,-0.251386417697
-0.0695372131416,-0.663689626883,1.23145025134,0.963687524959,-0.0868535349575,0.000190698122875,-0.252512933012
-0.0708306956152,-0.661717302107,1.23271637148,0.963920582141,-0.0864645521415,0.000823832023371,-0.251754471358
-0.0741106559224,-0.660090909407,1.23413342856,0.964103598601,-0.0862202833309,0.00213780821759,-0.251128938362
-0.0748512712186,-0.656585968651,1.23787436507,0.964514112616,-0.0863494526707,0.00249627043191,-0.24949963371
-0.0752224987107,-0.656110992492,1.23883026517,0.964577680271,-0.0864654226677,0.00262401394781,-0.249212246802
-0.0731420343087,-0.655713275858,1.2389127764,0.964625381343,-0.0865165301526,0.00185809272399,-0.249016688539
-0.0717528025813,-0.658814101945,1.23577021077,0.964263845169,-0.0865015390511,0.00124499859751,-0.250421985098
-0.0715313283374,-0.659073465945,1.23462380041,0.964218237746,-0.0863109540635,0.00119829666961,-0.250663466207
-0.069146322976,-0.660425105554,1.2339613717,0.964079310213,-0.0865487526441,0.000230736947437,-0.251118186908
-0.0693799220824,-0.66124113009,1.2334103754,0.963970032994,-0.0867563038763,0.000243904716337,-0.251465822206
-0.0701088759436,-0.661473697347,1.23417228201,0.963958421723,-0.0869385722888,0.000464236926314,-0.251447072607
-0.0728702448665,-0.661418487756,1.23346977303,0.963917831416,-0.0868638128161,0.00149396568076,-0.251624443104
-0.0736471526094,-0.659946126173,1.23539738075,0.964134793614,-0.0865693613404,0.00189512045835,-0.250890920399
-0.0734352544581,-0.659331526748,1.23565903909,0.964214406186,-0.0863539128725,0.00188139152897,-0.250659212879
-0.072540189205,-0.658531006001,1.23667956832,0.96434872533,-0.0861137731156,0.00163800480335,-0.250226439398
-0.072658340591,-0.660213737364,1.23440842464,0.964108581146,-0.0862192550465,0.00160939057009,-0.251114104906
-0.072069200676,-0.661891074775,1.23260226271,0.96389067791,-0.0863694155099,0.00130087777669,-0.251899568915
-0.072426665651,-0.662622315459,1.23245502622,0.963819044177,-0.0864932284104,0.00137855760404,-0.252130662751
-0.0727291863369,-0.660240793826,1.2342798808,0.964080486966,-0.0865853732989,0.0015425244389,-0.251096412561
-0.073557790421,-0.657668629567,1.23619492056,0.964363772033,-0.0865314756798,0.00195284324937,-0.25002200965
-0.0733275418794,-0.657745603063,1.23587948417,0.96434817275,-0.0864511754162,0.00188486578132,-0.250110462126
-0.0740700181438,-0.65843688777,1.23590090251,0.964293540262,-0.0863512474039,0.0021505756833,-0.250353360881
-0.0737720062528,-0.658585772395,1.23606889819,0.964311771587,-0.0861237900128,0.00208964064242,-0.250362004655
-0.0728300280362,-0.660575010907,1.23486830937,0.964134118979,-0.0860145597803,0.0017182865413,-0.251085530484
-0.0706573981946,-0.663334684139,1.23271486737,0.963886015715,-0.0858166097342,0.000885474231551,-0.252108060439
-0.0724494243179,-0.665463918194,1.23117808792,0.963597352605,-0.0858923503259,0.0014260106806,-0.253180988035
-0.0738554839347,-0.665087222511,1.23141547158,0.963555261314,-0.0861065493285,0.00186508717652,-0.253265556298
-0.076213643613,-0.665233905214,1.23176407219,0.963502506044,-0.0860901075545,0.00271751170356,-0.253464059304
-0.0724353654999,-0.665730572859,1.23170595037,0.963526915692,-0.0861923833653,0.0013189176182,-0.253347619376
-0.0709638659359,-0.664865744709,1.23225888075,0.963713214703,-0.0858441696421,0.000926230007551,-0.252758304399
-0.0685478299134,-0.66500723709,1.23092808003,0.963686772385,-0.0860294142708,1.31186060415e-05,-0.252797833137
-0.0679468856023,-0.666391023752,1.22996447352,0.963529176234,-0.0861725245661,-0.000277986682974,-0.253349058175
-0.0694401414722,-0.663247428533,1.23226329033,0.963815458602,-0.0865165904674,0.000288162208985,-0.252139957753
-0.070757444426,-0.659102712429,1.23600788892,0.964237010463,-0.0866587304972,0.000855285029035,-0.250472594447
-0.0743086547287,-0.658230433761,1.23645971578,0.964300153753,-0.0862582373795,0.00224457764023,-0.250359125711
-0.0743479916351,-0.661368160411,1.23423153406,0.963948099398,-0.0862477576216,0.00214623142911,-0.251715672262
-0.0740152265952,-0.663024052201,1.23317004985,0.963781484567,-0.0861314673727,0.00200230095785,-0.252393762055
-0.0715989105754,-0.662399171082,1.23328808908,0.963826352192,-0.0867011163381,0.00102725721229,-0.252032981945
-0.0698284171478,-0.664543234164,1.23216815085,0.963659756179,-0.0866770380107,0.000324497925911,-0.252679362245
-0.0675973228852,-0.667497149834,1.22979091947,0.963384809614,-0.0866345182194,-0.000571230494247,-0.253739714183
-0.0674595276821,-0.667302434801,1.22994046699,0.963442246465,-0.08643887029,-0.000556648064052,-0.253588346683
-0.0687938631602,-0.666371728628,1.22953256112,0.963499283053,-0.0862726814815,1.27615457702e-05,-0.253428798332
-0.0701321080834,-0.661234805168,1.23327738596,0.964018010264,-0.0863873243325,0.000633045579845,-0.251408244365
-0.0713970047936,-0.659444255827,1.2347835791,0.964183096114,-0.0863647353944,0.00114990318359,-0.250780316953
-0.0720805998157,-0.656140345056,1.23812449602,0.964532830988,-0.0865275385742,0.0014405429324,-0.249373871626
-0.0742435986052,-0.658351692343,1.23667033684,0.964284167219,-0.0863458699671,0.00219341971272,-0.250390943327
-0.0758577597897,-0.657752732702,1.23716009871,0.964353377421,-0.0862963611919,0.00281442852635,-0.25013512447
-0.0735012640949,-0.660717454671,1.23469924348,0.964080985122,-0.08613690303,0.00191251680727,-0.251246154882
-0.0713604206416,-0.662460742761,1.23344515743,0.96393319362,-0.0861868060705,0.00107447110489,-0.25180047301
-0.0688879999909,-0.663934816661,1.23223021531,0.963801978269,-0.08606169645,0.000151791189374,-0.252347197425
-0.0695067966777,-0.661748461654,1.23360239801,0.963996712937,-0.0863091249921,0.000386568472642,-0.251517241865
-0.0690371161799,-0.662544059917,1.23284619828,0.963869247019,-0.0865989942787,0.000113791793291,-0.251906085463
-0.0712553186664,-0.660757290433,1.23429947922,0.964053763665,-0.0865557934507,0.000994824247881,-0.251211953752
-0.0730921627137,-0.659312319648,1.23570149014,0.964208022364,-0.0865207714094,0.00172047943277,-0.250627384125
-0.0747662085917,-0.656238561198,1.23768450251,0.964533372657,-0.0862853155838,0.00249932325561,-0.24944733057
-0.0728407347031,-0.659078526457,1.23569241699,0.964221958504,-0.0864607662353,0.00166066177423,-0.250594877928
-0.071624775022,-0.658755696535,1.23569376929,0.964265843947,-0.0864252731706,0.00124532838244,-0.250440618735
-0.0702037788715,-0.660914193142,1.23446160267,0.964088859934,-0.0862196841252,0.000703347728257,-0.251193832573
-0.0679726801105,-0.66192723082,1.23374243574,0.964017426113,-0.0861940730898,-0.000128112316204,-0.251477568586
-0.0664525443684,-0.663565167257,1.23288210457,0.963896200112,-0.0859907755928,-0.000686878971491,-0.25201037701
-0.0692340812649,-0.659745357785,1.23543003165,0.9642437263,-0.0862555735942,0.000385569378335,-0.250587038077
-0.0740471052861,-0.657135590827,1.23745298269,0.964457190201,-0.0862249041948,0.00221799746911,-0.24976523908
-0.0766317814428,-0.658139622107,1.23623653593,0.964256240087,-0.0863850822834,0.00307472924544,-0.25047568156
-0.074283836615,-0.661079620016,1.2348005088,0.963995103792,-0.086343683381,0.00212195773432,-0.251502893621
-0.0724187039426,-0.662921281032,1.23305458149,0.963811372104,-0.0864630954926,0.00134878310742,-0.252170483809
-0.0717741709806,-0.663263921869,1.23264209781,0.963801509544,-0.0864589093151,0.00111115966393,-0.252210770043
-0.0700875442151,-0.665657168071,1.230651542,0.963536901278,-0.0866742316445,0.000380109710827,-0.253148322059
-0.0708653118284,-0.663280251011,1.23201294033,0.963788248075,-0.0865203695273,0.000787826634247,-0.252241586301
-0.0711566104699,-0.662013334555,1.2331019965,0.963896532939,-0.0867444601874,0.00088494614015,-0.2517500532
-0.0745843613923,-0.658804461976,1.23497450894,0.964205850198,-0.0864438777683,0.00230670237452,-0.250657562351
-0.0756416512894,-0.659307763025,1.2344510595,0.964111423433,-0.0866195270277,0.00263176638339,-0.250956758327
-0.076263304282,-0.656732946424,1.23663130589,0.964408316701,-0.0865193398073,0.0029684211532,-0.249844333523
-0.0757812867128,-0.656359777975,1.23709158492,0.964441010359,-0.0866100041647,0.00277782557827,-0.249688863192
-0.0755822682265,-0.65558929345,1.23833187518,0.964543291073,-0.0867299116631,0.00270959302478,-0.249252522907
-0.0737630415777,-0.6604146974,1.23455117236,0.964061758138,-0.0864471958536,0.00194983852507,-0.251213070828
-0.0704578852055,-0.662907128568,1.23335351817,0.963864514535,-0.0865644789056,0.000640578357978,-0.251935266034
-0.0674532161288,-0.666451155503,1.23085128156,0.963540658847,-0.0863018641048,-0.000509879281236,-0.25326098599
-0.066635395244,-0.666925411271,1.23082364284,0.963481237453,-0.0866587838879,-0.000911979660807,-0.253364023777
-0.0686229306625,-0.663397136255,1.23291169135,0.963833738078,-0.0865329333716,-4.47211243416e-05,-0.252064624224
-0.0713545840037,-0.66074354431,1.2345910436,0.964045119103,-0.0867935863228,0.000975214101643,-0.251163155467
-0.074070020078,-0.65782623891,1.23644747032,0.96432828886,-0.0866104801277,0.00210415541263,-0.250130263196
-0.0743179196619,-0.658425510092,1.23620893965,0.964252636194,-0.0867347354728,0.00213840478493,-0.250378446518
-0.0739307052997,-0.657440018671,1.23719657048,0.964397401927,-0.0865796550335,0.00206482048949,-0.249874670601
-0.0753600152484,-0.657372441823,1.23760052594,0.964430928988,-0.0862464227691,0.00267079174436,-0.249854767101
-0.0746497680944,-0.661158457505,1.23504839082,0.964060012876,-0.0860912302141,0.00232802984688,-0.251338759308
-0.0725211296204,-0.664917612009,1.23190035277,0.963669314519,-0.0860601428658,0.00143287596968,-0.252849858477
-0.0691045666724,-0.666348365688,1.23029951968,0.963500762784,-0.0864686277911,4.67544552497e-05,-0.253356378125
-0.0698630496202,-0.665257228821,1.23067367597,0.963609686713,-0.0862812965177,0.000416216718045,-0.253005407665
-0.0702124938183,-0.664435732202,1.2313048342,0.963722870603,-0.0859657287629,0.000647430427187,-0.252681030133
-0.0710870188043,-0.661823409023,1.23319101978,0.96400476165,-0.0858387360623,0.00107828294544,-0.251645322256
-0.071323261649,-0.657075997769,1.23685980681,0.964478109239,-0.0862209736226,0.00123021596564,-0.249692625193
-0.0747064578838,-0.653097238863,1.23984984637,0.964837643278,-0.0865847560203,0.00251435663998,-0.248163414203
-0.0741857914577,-0.658108643475,1.23609272684,0.964301598339,-0.0865705662441,0.00217439043537,-0.250246351676
-0.073224116142,-0.662766205459,1.23246562152,0.963850507277,-0.0862526631317,0.00173902609939,-0.252090566092
-0.0722089210707,-0.664098868309,1.23136055733,0.963721607293,-0.086107790675,0.00133923911113,-0.252634753073
-0.0744657200805,-0.660751120677,1.23421688075,0.9640334084,-0.0862260025415,0.00222484272902,-0.251395533072
-0.0761361663284,-0.658743264427,1.23597243907,0.964176149277,-0.0865659786673,0.00282395728834,-0.250724370113
-0.0730674664722,-0.661322984959,1.23438317505,0.96394713123,-0.0866847567279,0.00160818579891,-0.251573239602
-0.0704727863938,-0.660917574088,1.2341425616,0.964036708967,-0.0865991230426,0.000706735111925,-0.251263439794
-0.0706624572007,-0.664318511457,1.2308611529,0.963683192653,-0.0862961344806,0.000732415517055,-0.252719498533
-0.0721797100048,-0.665827002094,1.22973452943,0.963509190089,-0.0862634472942,0.00125378477358,-0.253391172497
-0.0722296464592,-0.668946858099,1.22785889576,0.963192609505,-0.0863625630621,0.00114813283628,-0.254558807521
-0.0729176663602,-0.665104670427,1.23067945596,0.963573045557,-0.0866654457293,0.00146922424915,-0.253009738493
-0.0746391936007,-0.662620375787,1.23238223861,0.963818118342,-0.0864509561454,0.00222262980148,-0.252142671624
-0.0768779203224,-0.659305930574,1.23448550153,0.964104370458,-0.0865969454789,0.00310120598544,-0.250986283329
-0.0770677246158,-0.659470041166,1.23462362114,0.964087053197,-0.0863900786958,0.00318450587129,-0.251123011854
-0.0770632577998,-0.659747725324,1.23459884034,0.964024849849,-0.0865170586301,0.00312512597982,-0.251318763779
-0.0752743556049,-0.663294668049,1.23194616704,0.96370941797,-0.0862151663281,0.00244882316248,-0.252636311871
-0.073559530499,-0.663494806017,1.23179036159,0.963756248709,-0.0862342101917,0.00184222011442,-0.252456254215
-0.0702365272533,-0.666305519741,1.22967643485,0.963515069734,-0.0862620927608,0.000542785285114,-0.253371796244
-0.068837365018,-0.664459071079,1.23161277356,0.963754020491,-0.0862547829418,8.4022928675e-05,-0.252464439769
-0.0686012812815,-0.666809636099,1.22995525262,0.963500454952,-0.0862721673026,-8.86231596973e-05,-0.253424502766
-0.0714563287139,-0.664671158006,1.23100826378,0.963658651155,-0.0862242557653,0.00103174643273,-0.252836542596
-0.0740298974287,-0.663737422811,1.23135002289,0.963657757559,-0.0864956249441,0.00191906123009,-0.252742062914
-0.0734442507021,-0.66165243006,1.23290677814,0.963853170374,-0.0865025958523,0.00175041894406,-0.251994648563
-0.0733500806157,-0.655640694442,1.23818761211,0.964562389163,-0.0865269199972,0.00192336110794,-0.249256474762
-0.071460688212,-0.656039037222,1.23819046338,0.964558661828,-0.086560871083,0.00122538144602,-0.24926351905
-0.0696231877034,-0.658678810671,1.23621773111,0.964320210396,-0.086490728929,0.000506431056985,-0.250211169134
-0.0681734964394,-0.665421560922,1.23028903253,0.963581551651,-0.0864691195358,-0.00024049920563,-0.253048664974
-0.0686245167756,-0.667000117278,1.22880734665,0.963430277776,-0.0861618462013,-4.87323119627e-05,-0.253728661661
-0.0713271454944,-0.665798990497,1.22912239199,0.963472532257,-0.0864255292328,0.000915780498882,-0.253476761913
-0.0728192254757,-0.662198717854,1.23209857776,0.96382089349,-0.0866235328962,0.00152188371385,-0.252078028971
-0.0730516362123,-0.659180316033,1.23436814074,0.96410640385,-0.086858068255,0.00164408321611,-0.250902002832
-0.0752183973326,-0.657585137092,1.23655867802,0.964330601704,-0.0864492607184,0.00255670836547,-0.250172898574
-0.0742027949877,-0.658327441664,1.23633853367,0.96429357889,-0.0862158881494,0.00221041740631,-0.250399337852
-0.0735725583542,-0.662905398101,1.23336278047,0.963855403083,-0.0860311747514,0.00187437991168,-0.252146555832
-0.0697505151695,-0.665847006621,1.23098564974,0.963576034314,-0.0860819243257,0.000400092278958,-0.253201438241
-0.067818645202,-0.670168133027,1.22825415023,0.963154749436,-0.0860362654733,-0.000428290543038,-0.254814650734
-0.0667111736485,-0.668813556401,1.22892158727,0.963315964104,-0.0859189055706,-0.000747945683434,-0.254243457233
-0.0684700370905,-0.664264917029,1.23203712815,0.963788815321,-0.0859069386061,3.86526482512e-05,-0.252450224533
-0.0713304380656,-0.658115672588,1.23593208237,0.96439815518,-0.0858232317795,0.00130033535688,-0.250137722667
-0.0759687443268,-0.653587146479,1.23980641686,0.964850230899,-0.0858221219925,0.00312251990224,-0.248372392145
-0.0760914359792,-0.653285093502,1.24032585314,0.964870498028,-0.0859458920661,0.00314374578071,-0.248250564018
-0.076991965027,-0.653670628083,1.2403847063,0.964809467768,-0.0862784944824,0.00338185874371,-0.248369231845
-0.0748664677791,-0.655196517696,1.23865693995,0.96461460256,-0.0866364369116,0.0024836729801,-0.249011300336
-0.0733018123426,-0.660152421345,1.23516243561,0.964107870688,-0.0867342417584,0.0017304877224,-0.250938618783
-0.0714450022938,-0.663571473903,1.23226439986,0.963768338509,-0.0865344883885,0.000995380674334,-0.252312071103
-0.0724613206574,-0.665819784335,1.23056217035,0.963538292263,-0.086322596058,0.00134491992341,-0.253259866428
-0.0735970359298,-0.663520165797,1.23198797145,0.96378970129,-0.0860520584299,0.00190302538322,-0.252390240344
-0.0745407079937,-0.661121934538,1.23380333903,0.964035960719,-0.0860188207431,0.00232128889376,-0.251455842121
-0.0733988986089,-0.656420314816,1.23774377846,0.96455367515,-0.0861088811986,0.00203075432779,-0.249434048139
-0.0744867011254,-0.655627664668,1.23774919165,0.964561250098,-0.0864502333574,0.00236989514537,-0.249283644786
-0.0746714487188,-0.656807014868,1.236832978,0.964401737658,-0.0866986003243,0.00234658379832,-0.249814200254
-0.0754391273832,-0.659152430788,1.23493369121,0.964148046469,-0.0866255456663,0.00256812623482,-0.250814600962
-0.0740035153576,-0.661191656055,1.23386561394,0.96399642524,-0.0863344470531,0.00205127301775,-0.251501585791
-0.0716926647157,-0.662552730303,1.23319024501,0.96390683532,-0.0862537246654,0.00118233972436,-0.251877966241
-0.0688928330355,-0.667628786211,1.22948618395,0.963381899942,-0.0862253227161,-3.14674216592e-06,-0.253890741415
-0.068572329048,-0.665648981355,1.2312704011,0.963597113569,-0.0863903994298,-0.000106509313383,-0.253016383391
-0.0702734353076,-0.662911262119,1.23303328076,0.963865964377,-0.0863349062875,0.000608996870211,-0.252008562941
-0.0741416250134,-0.656535771662,1.2375053639,0.964502709528,-0.0863893700525,0.00222116393718,-0.24953249585
-0.0757163613874,-0.654273674611,1.23896778787,0.964715502983,-0.0864335431878,0.00286435187505,-0.248686622889
-0.0766196240046,-0.654114302772,1.23864998625,0.964677044448,-0.0867001820897,0.00314726558996,-0.248739568745
-0.0756917627085,-0.655454251009,1.23777637849,0.964526308867,-0.0868723070967,0.00273041792585,-0.249268422751
-0.0747686436616,-0.658889693015,1.23541710312,0.964174787877,-0.0868149673914,0.00229658761879,-0.250648888975
-0.0715867125969,-0.660887487495,1.23469256224,0.96403503872,-0.0867132948077,0.00108080214964,-0.251229139414
-0.0693678202128,-0.663752408067,1.23272372301,0.963789078683,-0.0863817767114,0.00025236133698,-0.2522870127
-0.0703958728025,-0.664022068825,1.23235979385,0.963768467182,-0.0862360630305,0.000652784068612,-0.252414850933
-0.0718740365283,-0.663189257627,1.23261986091,0.963829453084,-0.0863000521705,0.00121512501178,-0.252157906549
-0.0729397297271,-0.659577125829,1.23542624362,0.964191986645,-0.0865149450661,0.00166685528074,-0.250691441343
-0.072588359917,-0.656081262639,1.23816926002,0.964576133817,-0.086464376805,0.00166342543341,-0.249226857763
-0.0745501547731,-0.655243577877,1.23890540942,0.964656948372,-0.0863174545956,0.00243810106671,-0.248958479778
-0.0741642284216,-0.655490433538,1.23837990874,0.96460764673,-0.0864089549473,0.00226861548397,-0.24911931631
-0.0745873027759,-0.656274652653,1.2377810959,0.964502452799,-0.0866325618741,0.00234679578696,-0.24944801125
-0.0718320944488,-0.659481573092,1.234708345,0.964166234963,-0.0865153659014,0.00126730280076,-0.250792656917
-0.0717602606573,-0.662447662428,1.23271011505,0.963887866023,-0.0862250470783,0.00121199656539,-0.251960223161
-0.0703033748832,-0.666370657891,1.22946068591,0.963470914606,-0.0860608948761,0.000586004885248,-0.253607917228
-0.0711199544912,-0.66337572629,1.2322708804,0.963811956375,-0.0861424920426,0.000970138084076,-0.252279691307
-0.0712627373718,-0.661454608255,1.23316910679,0.963981512473,-0.0862050668811,0.00106363728073,-0.251609218291
-0.0734091877668,-0.656705380332,1.23727012975,0.964480725501,-0.0863954967464,0.00196454525243,-0.249617485048
-0.0748387746412,-0.655329745386,1.2384506726,0.964636140634,-0.086223485723,0.00256006204215,-0.249070417301
-0.075373926675,-0.655155330468,1.23880044908,0.964644110283,-0.0863922190719,0.00272293931627,-0.248979337661
-0.0746557276894,-0.656576382584,1.23685171087,0.964470032668,-0.0863148925537,0.00243123027371,-0.249682567531
-0.0740685873466,-0.657957525233,1.23543408238,0.964301725723,-0.0864392991045,0.00214907537231,-0.250291451738
-0.0735882118639,-0.658691532776,1.23467030702,0.964246862532,-0.0862537366025,0.00200337318993,-0.250567890033
-0.0726742484276,-0.662020934635,1.23273927736,0.963916408443,-0.0862713198421,0.00155431236216,-0.251833280206
-0.0719001373773,-0.66054674905,1.2342944872,0.964102929088,-0.0862869048237,0.00131831009338,-0.251114265301
-0.073365278335,-0.659633945733,1.23520365423,0.96418963445,-0.086322513777,0.00186981227089,-0.250765380858
-0.0726923372536,-0.654749192905,1.23878225667,0.964737081741,-0.0861007816827,0.0018325315234,-0.248728085135
-0.0732743788828,-0.655851683411,1.23817734617,0.964607518809,-0.0861622997229,0.00199100737827,-0.249207601516
-0.0725775165863,-0.655751798413,1.23831612808,0.964603473501,-0.086379269365,0.00168735114781,-0.249150383465
-0.0745083084687,-0.658724543013,1.23616456209,0.964239818888,-0.0866687510412,0.00223104722358,-0.250449838676
-0.072371947515,-0.660720734412,1.23426678912,0.964022864144,-0.0867283211942,0.00136063669871,-0.251269306478
-0.0715694316579,-0.660940166843,1.23377580138,0.964001726954,-0.0867281679507,0.00106009426963,-0.251351887824
-0.0685401771109,-0.662636112341,1.23220248925,0.963839323053,-0.086592826511,-7.84181150886e-05,-0.252022688631
-0.0718285059959,-0.661341454519,1.23312899242,0.963972416752,-0.0863721088096,0.00122210499422,-0.251586058876
-0.0721971384386,-0.660430360334,1.23425199902,0.964089633911,-0.0862626549955,0.00141189928364,-0.251173124914
-0.075003183403,-0.659460515055,1.23483443972,0.964155396022,-0.0863329762124,0.00245336774157,-0.250888362675
-0.0741167036968,-0.660286842707,1.23446505328,0.964053941915,-0.0866209085327,0.00204152865409,-0.251182498285
-0.0747636263945,-0.660243664091,1.23449713805,0.964070670488,-0.0864402888516,0.00232408248739,-0.25117805917
-0.0743490889718,-0.65789512608,1.23624697122,0.964336212495,-0.0864785544561,0.00224562466602,-0.250144130573
-0.0732182263393,-0.659630678389,1.23443597626,0.964162795767,-0.0862356972803,0.00182764007523,-0.250898719615
-0.0727898715153,-0.661146205203,1.23309144905,0.963972900036,-0.0864976319326,0.00155862067004,-0.25153921835
-0.0707140116935,-0.662544095631,1.23269279636,0.963859763597,-0.086523566358,0.000736722121019,-0.251967231646
-0.071482112461,-0.660372883079,1.23444808639,0.964071430806,-0.0867633835206,0.00103183858878,-0.251072353901
-0.0727594467551,-0.661359960168,1.2342708714,0.963977806694,-0.0866656862824,0.00149134290484,-0.251462965304
-0.0748999153185,-0.66100028232,1.23427125358,0.964004493285,-0.086436268371,0.00234345959838,-0.25143312557
-0.0736929073577,-0.66031027176,1.23514196414,0.96414255646,-0.0860184681106,0.00202350822065,-0.251049515795
-0.0708928415357,-0.662449461029,1.23314492939,0.963899224802,-0.0861587500072,0.000887895024143,-0.251940798334
-0.0696008601381,-0.66121830517,1.23411772197,0.964026515818,-0.0864184361988,0.00039822725484,-0.251365415483
-0.0692814063344,-0.662937929011,1.23223514736,0.963801096674,-0.0865846738336,0.000190707739041,-0.252171576386
-0.0703460530268,-0.658910645592,1.23496715458,0.964234935773,-0.0865496522182,0.000738158446634,-0.25051866489
-0.0706238861552,-0.660458300044,1.2334504746,0.964039647183,-0.086604984919,0.000777966291771,-0.251249935352
-0.0712291701609,-0.659806963939,1.23446218791,0.964115456105,-0.08672347098,0.000991339982459,-0.250917205719
-0.07004018975,-0.659811319366,1.23497192922,0.964153137485,-0.086581297767,0.000581232573065,-0.250822783103
-0.0695601334657,-0.659754983108,1.23532823278,0.964199424108,-0.0863155854808,0.000466752408609,-0.250736659455
-0.0703717667671,-0.658312591989,1.23614369672,0.964360645556,-0.0861086600057,0.000859962014306,-0.250186139585
-0.0723912688615,-0.657296630554,1.23646410477,0.964443631755,-0.0860974777628,0.00163643834698,-0.249866019219
-0.072556251791,-0.658560396143,1.23534952312,0.964290489179,-0.0862330941702,0.00162270147462,-0.25040980969
-0.0703815084818,-0.660728049787,1.23401354052,0.964048497238,-0.0866333945829,0.000657554272561,-0.251206523677
-0.0700997615802,-0.66034670985,1.23402197012,0.964065868641,-0.0868034159053,0.000529215655032,-0.251081436668
-0.0696696260773,-0.658381793947,1.23592028241,0.964306229994,-0.0867463381889,0.000451842421933,-0.250176664468
-0.072032924408,-0.654437548783,1.23877090381,0.964743040067,-0.0864221508656,0.00152943693189,-0.248595533556
-0.0734131823943,-0.65656146076,1.23748261159,0.96452211504,-0.0862951453424,0.00198849588909,-0.249492050722
-0.0731108947266,-0.657371888036,1.23674057968,0.964417221628,-0.0864054508344,0.00182983637612,-0.249860305757
-0.0736112449543,-0.660155643857,1.23459774611,0.964108645048,-0.0863350943104,0.00193004391015,-0.251071796435
-0.0716456209819,-0.660426960511,1.23406611674,0.9640696044,-0.0864753271691,0.00117436795222,-0.251178097219
-0.0733340761387,-0.658605550955,1.235095481,0.964259428834,-0.0863446296698,0.00188216248829,-0.250489154049
-0.072584989659,-0.657357453669,1.23602826933,0.964394279125,-0.0864816240744,0.00162216486576,-0.249923931765
-0.072160741545,-0.657107710553,1.23673502113,0.964458166695,-0.0863280117414,0.00150506596624,-0.249731163176
-0.0705887986156,-0.659127789236,1.23501562278,0.964238967891,-0.0862899395516,0.000871358838673,-0.250592298097
-0.0705945129261,-0.659250391359,1.23529717936,0.964236078932,-0.0862859221483,0.000869808651613,-0.250604802743
-0.0718374703027,-0.659563981043,1.23517638525,0.964192032032,-0.086322425605,0.00130621049147,-0.25075976156
-0.0724801043653,-0.657835452641,1.23672331877,0.964373314075,-0.0865031880003,0.00155855963908,-0.249997760906
-0.0726191263322,-0.659312894909,1.23504089668,0.964193339736,-0.0864359584952,0.00157146771748,-0.250714098479
-0.0721770682064,-0.659066437199,1.23463232175,0.964195436261,-0.0864679473104,0.00141215121419,-0.25069595252
-0.0721412730737,-0.658524326641,1.23498311994,0.964256126725,-0.0864494567837,0.00142326612464,-0.250468736188
-0.0719161003974,-0.658158310277,1.23506670737,0.964282465024,-0.0865509350865,0.0013358930848,-0.25033273592
-0.0710276304031,-0.658336732416,1.23560497283,0.964294338285,-0.086604103596,0.000993415291175,-0.250270197024
-0.071778566686,-0.659081605574,1.23489199153,0.964206052431,-0.0865326215994,0.00125172742899,-0.250633651038
-0.0716664566417,-0.659623994382,1.23496512933,0.964152922185,-0.0866665207627,0.00115849654878,-0.250792174334
-0.0711250090557,-0.659361884362,1.23521381584,0.96416997485,-0.0868307779397,0.000932840531807,-0.25067071111
-0.0697807310229,-0.660746271998,1.23485268197,0.964045155529,-0.0869030675681,0.00038176675428,-0.251126759232
-0.0695305001884,-0.658730493564,1.23638134585,0.964288394146,-0.0867046940139,0.000404377636051,-0.250259915747
-0.0692590067845,-0.657800314142,1.23721373004,0.964427692256,-0.0864169003619,0.000395867647616,-0.249822314916
-0.071031773178,-0.657635924971,1.23716954003,0.964443468693,-0.0862857701714,0.00107398774825,-0.249804739969
-0.0705882108097,-0.659441629378,1.23589220506,0.964224045183,-0.0865942657618,0.000781318500211,-0.250545032617
-0.0724255515642,-0.66043156958,1.23442989073,0.964093246235,-0.0863602875996,0.00148278266801,-0.251125296706
-0.0726302618269,-0.659817442062,1.23483793644,0.96414641091,-0.0864507972959,0.00156342171573,-0.250889445154
-0.0723330871026,-0.659295685392,1.23560153881,0.964235369098,-0.0862664412519,0.00151636117626,-0.250611162446
-0.0713476849132,-0.658553549311,1.2365396325,0.964320266964,-0.0864698084242,0.00112649259718,-0.250216158487
-0.0710845831458,-0.659338195591,1.23578404401,0.964220990699,-0.0865399835325,0.00098009242628,-0.25057484264
-0.0719710564188,-0.658132062374,1.23596527942,0.964325900088,-0.0864608346685,0.00136653959547,-0.250196353007
-0.0718643355636,-0.659748525217,1.23476951384,0.964151296609,-0.0864309566757,0.00128420655141,-0.250879089978
-0.0713395448698,-0.658320762967,1.23527933506,0.964296731251,-0.0863701989429,0.00116534041436,-0.25034105699
-0.0710526351445,-0.660588241911,1.2336843586,0.964035195538,-0.0865548142348,0.000935025989569,-0.251283767131
-0.0713415843371,-0.660773392559,1.23351444987,0.964001151242,-0.0866494236521,0.00100996955627,-0.251381458636
-0.0714428320343,-0.661697862199,1.23354329867,0.963941450536,-0.0864801341202,0.00105230629708,-0.251668351194
-0.0702299137845,-0.659360606831,1.23581123159,0.964254001856,-0.0862458319094,0.000747251237313,-0.25055003093
-0.0713321845503,-0.658469733694,1.23627718569,0.964354884493,-0.0860335350974,0.00123414305732,-0.250232620744
-0.0722870312809,-0.657516403188,1.23624253223,0.96439899706,-0.0863027248885,0.0015538287267,-0.249967997478
-0.0734489240871,-0.66003234802,1.23384214555,0.964077262075,-0.0864226380513,0.001865975981,-0.251162653507
-0.0728150278606,-0.658269480003,1.23472950488,0.964229545333,-0.0867532523344,0.00162072389737,-0.250464828611
-0.0708288666517,-0.658995613947,1.23479225598,0.964201281827,-0.0866398249527,0.000893410580687,-0.2506165012
-0.0702367346928,-0.656359803482,1.23706314677,0.964516552742,-0.0865726590419,0.000781705044481,-0.249424102947
-0.0710795094899,-0.658288321205,1.23604810442,0.96430396209,-0.0866925002695,0.000996817137622,-0.250202488895
-0.0713337625162,-0.658569530481,1.23573400656,0.964258971886,-0.0867483820779,0.00106459292545,-0.250356186235
-0.071577906563,-0.659565503581,1.23495735184,0.964127630068,-0.086913376422,0.0010745733357,-0.250804352494
-0.0708349280384,-0.658833616351,1.23577066111,0.964264928735,-0.0864869560814,0.000921047800528,-0.250424250645
-0.0727739663349,-0.657894200337,1.23692798095,0.964383686157,-0.0863614762966,0.0016958512904,-0.25000585068
-0.0720117023387,-0.658822679671,1.23595114879,0.964284152036,-0.0862838285032,0.00140748282894,-0.250418038615
-0.0700832870221,-0.658939919434,1.235720098,0.964262750678,-0.0864965586156,0.00064130075867,-0.250430193341
-0.0677123031756,-0.661215830916,1.23343383113,0.963988258454,-0.0866577999761,-0.000338929265429,-0.251429808083
-0.0705927512041,-0.660668296209,1.23391585682,0.964054393675,-0.0864325631832,0.000792459219664,-0.251252681709
-0.0713773308578,-0.660898684341,1.23367357997,0.964009103813,-0.0865320848364,0.00105541974328,-0.25139119346
-0.0730574736449,-0.657787751387,1.23630621514,0.964371162388,-0.0863617906354,0.00180996500131,-0.250053246929
-0.0738755419809,-0.658163394901,1.23643909387,0.964329952633,-0.0864612166729,0.00206516151401,-0.250175809331
-0.0753731257185,-0.657403608361,1.2368504889,0.964421766145,-0.0861705383334,0.00270597472203,-0.249915931887
-0.0737233624485,-0.658516926189,1.23573469615,0.964288716421,-0.0862615969823,0.00204911982325,-0.25040369282
-0.0714547060025,-0.657806497844,1.23560708675,0.964346479909,-0.0864014729811,0.00121276260875,-0.250138324456
-0.0695331837366,-0.657485287597,1.23616251738,0.964393277817,-0.0865985735269,0.00047623745366,-0.249892108645
-0.0693405006714,-0.659074603273,1.23522897872,0.964224424663,-0.0867069709384,0.000324825330197,-0.250505597865
-0.0686510717435,-0.659384454331,1.23576303926,0.964230125197,-0.0866391190918,7.56410881377e-05,-0.250507331198
-0.0686692627323,-0.659882938641,1.23554198664,0.96417239024,-0.0867138901702,4.16013334417e-05,-0.250703612699
-0.0684305205008,-0.659955750813,1.23580595752,0.964187484191,-0.0865823153567,-2.62482337667e-05,-0.250691039546
-0.0700371242248,-0.658743383595,1.23634642337,0.964309069863,-0.0864385314299,0.000638185908288,-0.250271833778
-0.0711820313154,-0.662113795447,1.23313232968,0.963911125189,-0.0863029645752,0.000971130613434,-0.251845583539
-0.0729856268153,-0.661517246797,1.23379459862,0.963975331384,-0.0862750878081,0.00167007342786,-0.251605605186
-0.0711417987081,-0.664565552542,1.23082453068,0.963584970613,-0.0866538031636,0.000812070173231,-0.252971269809
-0.0720448492094,-0.662083563411,1.23307119418,0.963875602944,-0.0866346738048,0.00123712915415,-0.251866482199
-0.0715493385847,-0.659501906034,1.23483939252,0.964152830512,-0.0867048086167,0.00112214271481,-0.250779457641
-0.0724973264158,-0.655899191715,1.23841041992,0.964611553773,-0.0863685912136,0.00165782339229,-0.24912299854
-0.0716910030347,-0.655952740174,1.23817086449,0.964581597763,-0.0865706596044,0.0013246660135,-0.249170839811
-0.0718293091939,-0.658537405181,1.23592805353,0.964289536337,-0.0864938608915,0.00129899918312,-0.250325417688
-0.0714482365886,-0.661585966295,1.23335366168,0.963940989615,-0.0864657408519,0.00106892266198,-0.251674992011
-0.0704465519289,-0.661212934375,1.23383678582,0.964009296171,-0.0863424832134,0.000739813184952,-0.251456765995
-0.0687438609596,-0.662594803058,1.23277154782,0.963832020357,-0.0867406150205,-1.46097274388e-05,-0.25199980561
-0.0704388001074,-0.660561893295,1.23409913749,0.964035502373,-0.0868111729639,0.000653579259598,-0.251195030301
-0.0716539258033,-0.658900344748,1.23548918329,0.964249094999,-0.0864860339574,0.00122963306737,-0.250484204544
-0.0737346183362,-0.659229307658,1.23502838074,0.964212886238,-0.0861719903697,0.0020521048966,-0.25072631883
-0.0721828495899,-0.659788498378,1.23493682059,0.964165105943,-0.0862708948856,0.00144830258219,-0.250880217628
-0.0736123918785,-0.661874334071,1.23343938543,0.963895437119,-0.0865705932054,0.0018331535398,-0.251808971724
-0.0740435402577,-0.660167671555,1.23444366849,0.964079586893,-0.0864986884826,0.00206791664342,-0.251125965897
-0.0740947922704,-0.660468896778,1.23432068693,0.964044922473,-0.0865392768589,0.00206119168904,-0.251245084537
-0.0722354809857,-0.662593784311,1.23273087348,0.963809488879,-0.0866779777038,0.00127266370323,-0.252104299161
-0.072845639953,-0.661827699094,1.23376844436,0.963905321115,-0.0867365181402,0.00149844844962,-0.251716235074
-0.0745090378065,-0.662691914074,1.23291030212,0.9637860501,-0.0867715900701,0.00207117571634,-0.252156401902
-0.0758899411323,-0.658663806192,1.23604115781,0.964221424341,-0.0868428443923,0.00268697015738,-0.250455875178
-0.0737119626235,-0.659040581608,1.23588189297,0.964197061451,-0.0868843169076,0.00187333751983,-0.250542676545
-0.072880353995,-0.658132111432,1.23634015278,0.964306621663,-0.086742591263,0.00163324519751,-0.250171530731
-0.0713631639137,-0.660882883453,1.23377796284,0.964013034415,-0.0865240297114,0.00104525935401,-0.25137893546
-0.073089074231,-0.66094408346,1.23378800389,0.963995094219,-0.0865524897229,0.00166495757095,-0.251434589428
-0.0724780692333,-0.66273325459,1.23273305707,0.963785616656,-0.086840397273,0.00130881496723,-0.252139480312
-0.0737009693569,-0.660072094438,1.23500070033,0.964085262297,-0.0868195835794,0.00185305227071,-0.250995085861
-0.0734312345321,-0.659218857049,1.23495805205,0.964165633952,-0.0866959864914,0.00181926656748,-0.250729189569
-0.074345523854,-0.657091238748,1.23654357722,0.964427120075,-0.0863671910804,0.00230271039071,-0.249831414944
-0.0723440746129,-0.658383097362,1.23546589687,0.9642755218,-0.0865769840399,0.00148271366016,-0.250349646399
-0.0723713969527,-0.659026248506,1.23569879161,0.964230493684,-0.0865650104022,0.00147171176405,-0.250527220254
-0.0713059543791,-0.659013401104,1.23571959446,0.964229823064,-0.0866550187038,0.00106130240982,-0.250500757854
-0.0719194722882,-0.657826546982,1.23678635986,0.964381182108,-0.0864929651671,0.00135279296218,-0.249972143496
-0.0715702194618,-0.660257897072,1.23465263091,0.96407593599,-0.0868020203306,0.00106405580422,-0.251041563685
-0.0721589819655,-0.660709628655,1.2337779194,0.96399868873,-0.0868158549238,0.00126506837951,-0.251332319972
-0.0727547532199,-0.662197741006,1.23256979555,0.963829774961,-0.0867021506176,0.00146490538251,-0.252017372475
-0.0720811405583,-0.661248662962,1.23382857973,0.963992994538,-0.0863975229867,0.00131943629628,-0.251497979297
-0.071849824144,-0.660695582522,1.23496717873,0.964094062072,-0.0862982201872,0.00127114511375,-0.251144661221
-0.070459827455,-0.661091234679,1.23461661563,0.964024197805,-0.0867228256099,0.000649311511672,-0.251268931544
-0.0713007734198,-0.662062303111,1.23331759843,0.963881541477,-0.0867331609247,0.000929741070417,-0.251811176039
-0.0699282035984,-0.662606813874,1.23256950455,0.963816798202,-0.0867307406222,0.000416191049408,-0.25206107379
-0.0721326504195,-0.662937047423,1.23228638823,0.963774998949,-0.0865802837936,0.00123961381104,-0.25226983414
-0.0715230042255,-0.662002891824,1.23341883001,0.963879901935,-0.0868399470564,0.000987285852066,-0.251780427173
-0.0739624411352,-0.662632173072,1.23305328865,0.963784705612,-0.0869428583163,0.00184146070855,-0.252104322929
-0.0727703989553,-0.662807347329,1.23303587119,0.963800456514,-0.0866965769726,0.0014567802049,-0.252131436668
-0.0735707246996,-0.659585913131,1.23472646989,0.964148064836,-0.0864279208068,0.00192275940073,-0.250888474374
-0.0733771677575,-0.658152874331,1.23491460123,0.964294628444,-0.0862269597353,0.00193946981114,-0.250393728807
-0.0734614920838,-0.659589924106,1.23360176587,0.964119418497,-0.0862676879584,0.00191635186462,-0.251053700406
-0.0727681411634,-0.661728562885,1.23261841084,0.963913370648,-0.0862549823407,0.00158867383674,-0.251850288907
-0.0719429448971,-0.664616163426,1.23130083084,0.963613817118,-0.0864372250332,0.00114349826056,-0.25293420093
-0.0718032248275,-0.661520197167,1.23398417269,0.963997791025,-0.086247853167,0.00124292244028,-0.251531353645
-0.0713984541394,-0.661611889057,1.23336437671,0.963959301577,-0.0863479203712,0.00107357928656,-0.251645284037
-0.0710344951208,-0.662175712117,1.23267388956,0.963889930534,-0.0863081561636,0.000936448495635,-0.251925042539
-0.0700167775937,-0.661988371233,1.23246491231,0.963887562637,-0.0864645272642,0.000540154209712,-0.251881639569
-0.069349585205,-0.662178109492,1.23305342539,0.963892949887,-0.0865338549714,0.000269177429277,-0.251837647395
-0.0687552842384,-0.660981896568,1.23407002547,0.964018573026,-0.0867121034639,5.19022989187e-05,-0.251295044279
-0.0687098482909,-0.66326914039,1.23248294999,0.963752280351,-0.086917856888,-0.000105805912602,-0.252243566971
-0.0709967418675,-0.662773210962,1.23236385193,0.963802361271,-0.0865286327106,0.000837534424591,-0.252184659853
-0.0721942012648,-0.662318072668,1.2331453277,0.963862799628,-0.0865050048285,0.00129550436835,-0.251959737463
-0.0736544671088,-0.657840813256,1.23699793515,0.964390104835,-0.0862692853499,0.00205545704805,-0.250010222188
-0.0729289139132,-0.658238554242,1.23686648068,0.964363689597,-0.0863960588519,0.00177065766371,-0.250070510003
-0.0709136577398,-0.65962646827,1.23548777871,0.964239445099,-0.0862915270461,0.00101451086032,-0.250589376557
-0.072161200035,-0.662598444895,1.23224441344,0.963834364274,-0.086517875942,0.00131041958174,-0.252063996215
