0.228133403735,-0.0249541958756,0.0184802984064
0.228906227472,-0.0240139833796,0.0165106538294
0.228898753474,-0.0240370881062,0.0167441287473
0.228755459234,-0.024319181918,0.0170271459498
0.22872394097,-0.0241576268782,0.0170510734759
0.229515267985,-0.0232321155373,0.0152796213941
0.229127697244,-0.023817781654,0.0162440391405
0.22917113676,-0.0238687041529,0.0161621736203
0.229097640431,-0.0238068978517,0.0161283627141
0.229387894894,-0.023398833372,0.015450125605
0.228345907534,-0.0247167302777,0.0179207439884
0.228119529969,-0.0250594810327,0.0185279720633
0.22790343931,-0.0251604182721,0.0188725285136
0.228536820474,-0.0244986923608,0.0174725193755
0.228703827943,-0.0242962292015,0.0170397953013
0.229179625126,-0.0237062953639,0.0160490292236
0.228725145777,-0.0242357182006,0.0171046682463
0.228159724957,-0.0250143996861,0.0183677532269
0.229159710955,-0.0236798927144,0.0159609846776
0.228642148837,-0.0243137760097,0.0172332976122
0.228041780188,-0.0250285569923,0.0186505545979
0.228782709444,-0.0242012756212,0.0168684895045
0.228157401455,-0.0250722067701,0.0182932223139
0.228813186129,-0.0241404082979,0.0166948967744
0.228949555419,-0.0239119056265,0.0165444385838
0.228564269341,-0.0244967037984,0.0173565460886
0.229124875617,-0.0237442537403,0.016087244624
0.228872526149,-0.0241343029495,0.0167278263124
0.228701011035,-0.0242883002432,0.0170047643271
0.228957168674,-0.0239483740578,0.0166596821577
0.228656261468,-0.0243974054648,0.0172055012231
0.229243580733,-0.0235387059617,0.0158028992779
0.228583375032,-0.0244525867891,0.0173822347868
0.22853574955,-0.0245062044139,0.0175220027914
0.228865793647,-0.0240832267644,0.0167863947256
0.22826671507,-0.0248519656381,0.0182453644282
0.229420131742,-0.023304427157,0.0153374681667
0.229132727384,-0.023807509133,0.0160109151433
0.22878623555,-0.0240921856795,0.016908035982
0.228366620031,-0.0247322786683,0.0179448503939
0.228839708497,-0.0240967397919,0.0168373427978
0.228584530603,-0.0244643383234,0.0173771362661
0.229116182336,-0.0238709933443,0.0160710519333
0.228340030508,-0.024676612194,0.0178681614107
0.22882611445,-0.0241427856188,0.0165719209197
0.228873957678,-0.0240936610888,0.0168183881174
0.228914221632,-0.024010530737,0.0166587335002
0.228670802561,-0.0244437540265,0.017215630935
0.228435499081,-0.0246637327982,0.0178353219652
0.228717599557,-0.0243903351951,0.0170588795993
0.228795057238,-0.024166057159,0.0168023430977
0.228966409302,-0.0239727472167,0.0164615076156
0.228744386979,-0.0241965004501,0.0169428843617
0.22906095746,-0.0238225069212,0.0162310074231
0.228539004071,-0.0244721502507,0.0175400581349
0.229015288508,-0.0238607472855,0.016290260124
0.228981274289,-0.0238159833489,0.016538793788
0.227821814916,-0.0254162472087,0.0191087548496
0.228669744592,-0.0244418237726,0.0172202411222
0.229483908333,-0.0232034059582,0.0152770621943
0.228278822809,-0.0248117569482,0.018079458789
0.228455170361,-0.0245940253028,0.0176302255215
0.228222773729,-0.0249481510299,0.0182436262816
0.228948576075,-0.0238722340318,0.0164253256836
0.228774500085,-0.0242036063474,0.0168712217428
0.228490646689,-0.0246155061745,0.0177159324955
0.228587695859,-0.0243809148285,0.0174361399593
0.228821695144,-0.0241572347296,0.0167912838982
0.22848297682,-0.0245380958702,0.0175675023398
0.228638554951,-0.0243102989802,0.0172112491971
0.229144745251,-0.0237639156691,0.016124076004
0.228824540193,-0.0242225265604,0.0168759212826
0.228392746566,-0.024683635215,0.0178494458468
0.22889686687,-0.0240727184941,0.0166590825609
0.228710875355,-0.0242508886325,0.017009578636
0.228463055246,-0.0246850715404,0.017865581817
0.228864961261,-0.0240469691957,0.0166541526879
0.228927459989,-0.0240368890815,0.0164915665147
0.228371508605,-0.0246533815422,0.0177715985215
0.229076745676,-0.0239086178987,0.0161998247441
0.228715437164,-0.02420062708,0.017086747132
0.229208157545,-0.0237967757027,0.0158670635829
0.229166475586,-0.0236348887885,0.0160249243142
0.22840639365,-0.0246224751201,0.0176855570956
0.228778431733,-0.0241788730457,0.0169784943448
0.228955171142,-0.0240756812265,0.0164613709824
0.229440634159,-0.0233841460477,0.0154181149811
0.228737538169,-0.0243144091539,0.0170748062614
0.229052718286,-0.0238894359535,0.0161939666892
0.228989389792,-0.0239819972796,0.0164967040413
0.228387739169,-0.024560669744,0.0177881113298
0.22927510469,-0.0235624725141,0.0157077101501
0.229123199005,-0.0235917279692,0.0160103542176
0.228525076353,-0.0244913039589,0.0174187316885
0.228569769306,-0.0244989975517,0.0174731861442
0.229076809808,-0.023852754406,0.0161870051858
0.229350149832,-0.0234159941544,0.0155362427934
0.228536355299,-0.0245118359304,0.0174642014594
0.228574757096,-0.0244505784487,0.0172790630059
0.228785931146,-0.0242302261834,0.0169908629114
0.228501801231,-0.024560460018,0.0175276032692
0.229282623573,-0.0237641333842,0.0158699088198
0.229335161864,-0.0235035686941,0.0155802146564
0.22856492407,-0.0245111586614,0.0174674519691
0.228768770392,-0.0241529250246,0.0169311188642
0.228469854471,-0.0245801046883,0.0178611628307
0.228463232603,-0.0245878977833,0.0177131856153
0.228793801441,-0.0241905178741,0.0168845246332
0.229527033358,-0.0231935092566,0.0151464333793
0.22861125381,-0.024427790554,0.0173291201587
0.228832487688,-0.0241321152833,0.016797966328
0.228883301319,-0.023981727942,0.016646916275
0.229181171409,-0.0236675483034,0.0160493638574
0.228882840451,-0.0240393827989,0.016746841627
0.228831502917,-0.0241838975851,0.0167718795234
0.228291749083,-0.0248218314765,0.0179429041066
0.229239360334,-0.0235892320513,0.015854351426
0.228385455803,-0.0247004632331,0.0176905008477
0.228840015197,-0.0241258571083,0.0168114655117
0.229085965028,-0.0237999429313,0.0160894492877
0.228883681281,-0.0240963169335,0.0166562310839
0.229242371444,-0.0235306536355,0.0157797172378
0.229020926796,-0.0238059676131,0.016254455338
0.228962177747,-0.024174309728,0.0165068057056
0.228765524626,-0.0242767034766,0.0169266819513
0.228924182044,-0.0239686425212,0.0166830737591
0.228491187856,-0.0245906247625,0.0177137380421
0.228785632443,-0.0241272205903,0.016814070653
0.229177171795,-0.0236887358604,0.0159745473454
0.229396612353,-0.0234357583018,0.0155786225409
0.229595883163,-0.023177880408,0.0150161427171
0.228724632739,-0.0241980931171,0.0170908163461
0.228479385449,-0.0245561514886,0.0175664813228
0.229025500132,-0.0239989015389,0.0164010126361
0.228743870905,-0.0244226547817,0.0170365919134
0.229093200736,-0.0237248104181,0.0160848303599
0.229137349664,-0.023747809535,0.0161500733897
0.228773384678,-0.0241799718134,0.0169721065383
0.228660030789,-0.0244179287643,0.0170882582738
0.228669233329,-0.0243689484124,0.0171527960971
0.228769728323,-0.0243112983756,0.0169585507737
0.228908745752,-0.0240050023463,0.0166028359632
0.229162565417,-0.0235988719102,0.0158605859429
0.228847504403,-0.0240416703863,0.016625846458
0.228647842149,-0.0243712955056,0.0172378430776
0.229154346498,-0.0235974125056,0.0160445649217
0.229144975473,-0.0237163026747,0.0159863128261
0.228702066814,-0.024347559745,0.0169749935656
0.229908528475,-0.0227357057162,0.0142436585647
0.229004567072,-0.0239524437316,0.0163473645804
-0.000848230057504,-0.173440169757,0.0179930806551
-0.00069066420474,-0.173376917039,0.0176951996131
-0.000683886630958,-0.17331754879,0.01756539151
-0.000752090627699,-0.173344743066,0.017667649044
-0.000609072862833,-0.173089971911,0.0170517606119
-0.00061754617897,-0.173142921066,0.017231603238
-0.000751642939278,-0.173290639549,0.0175487213273
-0.000509997270416,-0.172970885203,0.0166793918108
-0.000573514160374,-0.173099792271,0.0170258007913
-0.000722325607409,-0.173294930443,0.0175572871498
-0.000890295902372,-0.173489024118,0.0181000657066
-0.000696744056369,-0.173203996716,0.0174063448728
-0.000427821114467,-0.172958414027,0.0167746883067
-0.000857877499184,-0.173577275396,0.0182197850795
-0.000726855735967,-0.173271963806,0.0174964278586
-0.000739435655548,-0.173429112976,0.0178940986588
-0.000688950398562,-0.173293998105,0.0176531004543
-0.000789473198016,-0.173364495958,0.0178184580049
-0.00055150661729,-0.173037126455,0.0170193838809
-0.000806972907385,-0.173360762784,0.0178541425034
-0.000501667777334,-0.173101167075,0.0168862847447
-0.000676447275474,-0.173118987305,0.0173643644497
-0.000445051547133,-0.173039622448,0.0168118159758
-0.000759916347329,-0.173337830183,0.0177740677648
-0.000801955630953,-0.17353581844,0.018185340586
-0.000529011449758,-0.172964440738,0.0168330984626
-0.000831596232683,-0.17351007152,0.0180456958256
-0.000887640031773,-0.17364596896,0.0182714111819
-0.000448262120739,-0.172926117384,0.0166187287031
-0.000529637523684,-0.173118147304,0.0169985103732
-0.000824944992395,-0.173449023271,0.0179023916733
-0.000619206080523,-0.173250620107,0.0173701325376
-0.000627295021465,-0.173253575024,0.0174752533571
-0.000562798717252,-0.173167277218,0.0171294181063
-0.00104491949477,-0.173787175813,0.0188036003789
-0.000955945429284,-0.173746744819,0.0186731424311
-0.000774851878993,-0.173480283671,0.0180095611342
-0.000738723208133,-0.173295730357,0.017710935669
-0.000403059638379,-0.172881422469,0.0165587237894
-0.00053849168249,-0.17309577278,0.0170034740012
-0.00108673315151,-0.173854551602,0.0190352388035
-0.000512342658447,-0.173066969305,0.0168445801387
-0.000500128953726,-0.172902654745,0.0167382854783
-0.000525033049767,-0.172952081321,0.0169659649725
-0.000573075092615,-0.173216144029,0.0171649850473
-0.000491921425018,-0.1729467114,0.0167371953414
-0.000866439173519,-0.173528704708,0.0182212063735
-0.000813909774982,-0.173461013119,0.0179499106873
-0.000720015632586,-0.173284148224,0.0175378527468
-0.000878445115914,-0.173533361903,0.01821635069
-0.000634220043238,-0.173102129647,0.0171402403998
-0.000811048458822,-0.173333866525,0.0178510780821
-0.000670986423626,-0.173253841864,0.0175810913533
-0.000275456989346,-0.172829326412,0.0162919681084
-0.000838899276668,-0.173530271964,0.0180839158402
-0.000719780074795,-0.173346258052,0.0177132231253
-0.000521821575984,-0.173088596367,0.0169374456738
-0.000875768216545,-0.173493758702,0.0180958066049
-0.000769800871209,-0.173378385542,0.0177524485141
-0.000461302839883,-0.172983183837,0.0167320833275
-0.000770700337029,-0.173342596901,0.0178357936141
-0.00083553835177,-0.17343360331,0.0179944981349
-0.000718039014622,-0.173319022155,0.0177906169422
-0.000412092034808,-0.172852314974,0.0164725867237
-0.000663833311576,-0.173063091539,0.0172109376699
-0.000517613781516,-0.173031382581,0.0168922725347
-0.000611170658993,-0.173169871525,0.0174023917149
-0.000589662847518,-0.173091657956,0.0170964344096
-0.000813085825226,-0.173616312131,0.0182186359831
-0.000800243793736,-0.173379946943,0.0178418245356
-0.000517609772827,-0.172938915791,0.0167677762497
-0.000636648471564,-0.173132638313,0.0170284116362
-0.000947508918722,-0.173636341346,0.0184008246497
-0.000639245474297,-0.173200293515,0.0172466024411
-0.000815709704348,-0.173456281537,0.0179662964219
-0.00073218192919,-0.173416714962,0.0177142760938
-0.000842027968758,-0.173472539407,0.018109930174
-0.000752761949956,-0.173125905879,0.0174752119764
-0.000503309636897,-0.173029588434,0.0168403940255
-0.000739903621675,-0.173340761479,0.0177719544048
-0.000503740024562,-0.172853460634,0.0165874765168
-0.000548187225547,-0.173070845037,0.0169811440558
-0.000562712284388,-0.17305730625,0.0169751131101
-0.000685720912358,-0.173316179903,0.0174864276096
-0.000673514080234,-0.17322292341,0.0174064596032
-0.00062304903605,-0.173224430645,0.0172986661626
-0.000404906538372,-0.172909809505,0.0164313602485
-0.00049621595287,-0.172994421118,0.0167541334764
-0.000461217843635,-0.172860448068,0.0165599256958
-0.000607121820323,-0.173137501459,0.0171503548821
-0.000504659376299,-0.172977356288,0.016826484243
-0.000834292807143,-0.173420256067,0.0180489122013
-0.000621861772073,-0.173130750214,0.0171644029979
-0.000112836701737,-0.172528280372,0.015485097102
-0.000912186888524,-0.17362638636,0.0183944338294
-0.000440532159557,-0.172827963449,0.0165049647096
-0.00101186604729,-0.173714929038,0.0187326960739
-0.0004978782214,-0.172962290774,0.0167288344257
-0.000620223487403,-0.173217988061,0.0172873421501
-0.000555634530825,-0.17300918938,0.0168344919127
-0.000827300242597,-0.173436757807,0.0180328377052
-0.000548904201507,-0.173068499832,0.0169927946549
-0.000780178749686,-0.173410237201,0.0178349587912
-0.000633608272371,-0.173107869655,0.0171953067445
-0.000623341233102,-0.173051807858,0.0170595282927
-0.000679125582904,-0.173292673668,0.017643220276
-0.00052814322295,-0.173073124238,0.016966859166
-0.000649331979263,-0.173346651017,0.0174899893264
-0.000340155202975,-0.172882342137,0.016306806823
-0.000598851777731,-0.172999267342,0.0168946819954
-0.000807349054993,-0.173425889702,0.0179512833378
-0.000501798379132,-0.173087983625,0.0169262523716
-0.000715796331976,-0.173241507238,0.0174836861563
-0.000514159069969,-0.173087637556,0.0169905890899
-0.000711929827556,-0.173246114531,0.0174300210656
-0.000695406322205,-0.173256005286,0.0174653214963
-0.000411119119251,-0.172959537993,0.0165777091443
-0.000371786552194,-0.172709557953,0.0163241728411
-0.000751786748861,-0.173454847863,0.0178591999056
-0.000935650480838,-0.173540831164,0.01839649798
-0.000975708009058,-0.173687338509,0.0185574703747
-0.00069278425707,-0.173340121837,0.0176189338943
-0.000551586672128,-0.173062467717,0.0170186578707
-0.000599093260859,-0.17306149129,0.017198650801
-0.000306554449752,-0.172740619785,0.0161541182194
-0.000838796546922,-0.173481471014,0.0181289043103
-0.000622059192451,-0.17317154205,0.0172188558562
-0.000508153220375,-0.172986845286,0.0168494239925
-0.000669788471366,-0.173328646966,0.0175853840034
-0.000288092539945,-0.172567858019,0.0158913717715
-0.000742015879732,-0.173474066228,0.0178870720667
-0.00101708721402,-0.173627467064,0.018607673766
-0.000948837181019,-0.173620501576,0.0183431720274
-0.000761375742856,-0.173336448466,0.0177686513074
-0.0002745214121,-0.172805360825,0.0161876841693
-0.000485956175401,-0.173115213633,0.016986921688
-0.000451093168466,-0.172840982221,0.0164506789791
-0.000580253276618,-0.173168333685,0.0171179697575
-0.000818044246565,-0.173382626691,0.017921079674
-0.000519289447092,-0.172942666758,0.0167636112977
-0.000538369807564,-0.173119080068,0.0169116914836
-0.000894197713004,-0.173533323706,0.0181711235709
-0.000769751943197,-0.173430227293,0.0177922486575
-0.000718670393829,-0.17330190833,0.0175575691855
-0.000596487901882,-0.173162607296,0.017072023981
-0.00081536347234,-0.173408731853,0.0179399171337
-0.000445780168948,-0.172910280889,0.016629231841
-0.000657096375091,-0.17309104432,0.0171311729616
-0.000320465773034,-0.172751106056,0.016064731932
-0.000533040963271,-0.172939820568,0.0166323216174
