b,-0.0263864984076,0.0553487468725,-0.0359214788204
a,1.07816419348,87.2651590742,0.0
b,-0.0537615048391,0.165177068997,-0.0132933504138
a,2.40343654133,99.2778512432,0.0
b,0.1039277844,0.0752262286594,-0.016437531209
a,52.9192802176,88.4907665099,0.0
b,0.0807167035873,0.187544254714,0.000212164129825
a,53.4093466218,100.028641782,0.0
b,0.103941695867,0.0752649176117,-0.0165785005875
a,52.8707540611,88.4794551849,0.0
b,-0.0537651810136,0.165114167183,-0.013130302253
a,2.46344044373,99.2891815911,0.0
b,0.0806958928617,0.187624297668,0.000124199220512
a,53.3700785336,100.026818276,0.0
b,-0.026346776431,0.0554674756992,-0.0362132961756
a,0.982080424274,87.2447813276,0.0
b,0.0811418185205,0.188555954835,0.000448896402835
a,53.6612740001,100.129603865,0.0
b,0.103885624915,0.075237030933,-0.0163640494104
a,52.9333197786,88.4999072036,0.0
b,-0.0537698071579,0.165065159469,-0.0130572563972
a,2.48895047921,99.2925663364,0.0
b,-0.0263670099952,0.0553584941402,-0.0359095062155
a,1.08949971809,87.2668292333,0.0
b,-0.0537624715702,0.165080081145,-0.0130645359908
a,2.4889074724,99.2929432214,0.0
b,0.0811903489486,0.18856224896,0.000428224245241
a,53.6698812189,100.127134771,0.0
b,-0.0263732053448,0.0553545413325,-0.0358674764933
a,1.1034084888,87.2708754871,0.0
b,0.104022915685,0.0753708960667,-0.0168081837759
a,52.8122315779,88.4635402894,0.0
b,0.103981638762,0.0754085558139,-0.0167817142833
a,52.8090628262,88.4701486454,0.0
b,0.0806855793684,0.187530200138,0.000367003315385
a,53.4577907359,100.043744894,0.0
b,-0.0537526124613,0.16511802723,-0.0131961792751
a,2.44256495778,99.282590659,0.0
b,-0.0263202537582,0.0554032837444,-0.0360920297042
a,1.03629099736,87.2512056465,0.0
b,0.10401950134,0.0753520685906,-0.0167782109296
a,52.8222091523,88.4650647628,0.0
b,-0.0537354439671,0.16504550231,-0.0130071456603
a,2.51938177504,99.2953628999,0.0
b,0.0806698281048,0.187386440413,0.000614812251714
a,53.544708793,100.057115479,0.0
b,-0.0263388243848,0.0553229635025,-0.0358078563452
a,1.13727325374,87.2736365683,0.0
b,0.0807086556088,0.187458406921,0.000337478043273
a,53.4530416246,100.034301916,0.0
b,0.103990550926,0.0753445400507,-0.0166216158585
a,52.8721737315,88.4808528901,0.0
b,-0.0263349878234,0.0552890609165,-0.03593517623
a,1.08928963672,87.25780922,0.0
b,-0.0537099236759,0.165016698193,-0.012746068878
a,2.62733610809,99.3189533619,0.0
b,-0.0263271494282,0.0552430452789,-0.03562823304
a,1.20850544188,87.2849363122,0.0
b,0.0812796596575,0.188678632385,0.000258268746617
a,53.6371149755,100.118000099,0.0
b,0.10404547098,0.0753139138989,-0.0165634945665
a,52.9124236149,88.4831607484,0.0
b,-0.0536363558083,0.164885018379,-0.0124737870395
a,2.75401126936,99.3341621487,0.0
b,-0.0536322383392,0.164952373335,-0.0125862659669
a,2.71357185836,99.3283259445,0.0
b,0.0813565159967,0.188620207609,0.000302694061425
a,53.6790543424,100.116180834,0.0
b,-0.0263096236293,0.0553473160482,-0.0360085262842
a,1.07083414383,87.2547843815,0.0
b,0.10405361563,0.075273960635,-0.0165214017017
a,52.9305722354,88.48392851,0.0
b,-0.0262495381295,0.0554209954007,-0.0361053638994
a,1.05540218473,87.2500266864,0.0
b,0.104079032191,0.0752854282494,-0.0164637850794
a,52.9613953922,88.4902623338,0.0
b,-0.0536188206415,0.164982880531,-0.0127500439708
a,2.65601360679,99.3140243548,0.0
b,0.0809451115096,0.187648237625,-9.98602677854e-05
a,53.3690476216,100.001477822,0.0
b,0.104058527257,0.0752828325863,-0.0164661212868
a,52.953526512,88.4901880985,0.0
b,0.0808737501394,0.187552413441,0.000210631840746
a,53.4619806478,100.026257259,0.0
b,-0.0261865530934,0.0555260149938,-0.0364097224477
a,0.96214475803,87.2267958174,0.0
b,-0.0536025297375,0.165080207217,-0.0129719803825
a,2.57835782534,99.2993741118,0.0
b,0.104065775922,0.0753827135858,-0.0166727803893
a,52.8787014177,88.477469266,0.0
b,-0.053670543407,0.1650363582,-0.0127130827077
a,2.65360360867,99.3232170369,0.0
b,0.0813543601425,0.188682792811,0.00027953998468
a,53.6705683615,100.119120656,0.0
b,-0.0262554280898,0.0553509838747,-0.0357917912873
a,1.17209281822,87.2760686049,0.0
b,-0.0536244778771,0.164886288651,-0.0124646512768
a,2.76154136162,99.3349749094,0.0
b,0.0808687639521,0.187686767919,7.32999656625e-05
a,53.4101348172,100.023687627,0.0
b,-0.0262876098512,0.055420523983,-0.0360249199015
a,1.07328805052,87.2588523046,0.0
b,0.103971922387,0.0752832070545,-0.0163144198588
a,52.9822727982,88.5072121306,0.0
b,0.104051333579,0.0752762979778,-0.0163563689205
a,52.9929493059,88.500905031,0.0
b,-0.0263077769623,0.0553146266547,-0.0356245874404
a,1.2177010211,87.2909492801,0.0
b,-0.0536601986006,0.165057906164,-0.012820948453
a,2.61623028923,99.3138919694,0.0
b,0.0812151740111,0.188621720992,0.000532215095043
a,53.7190787589,100.142208496,0.0
b,0.0807813713986,0.187439104112,0.000490397797815
a,53.5357546028,100.046843978,0.0
b,0.103975291673,0.0752573065089,-0.0162737850159
a,52.9984961772,88.5090990158,0.0
b,-0.0262717370064,0.0554622188689,-0.0361479995779
a,1.03231834624,87.2495710977,0.0
b,-0.05365249647,0.164979875505,-0.0125041465401
a,2.73860899487,99.3393368168,0.0
b,0.103949758252,0.0752735331048,-0.0163239278102
a,52.9709767106,88.505847729,0.0
b,-0.0536732127154,0.165105272382,-0.0129568442087
a,2.56069625332,99.3043223568,0.0
b,0.0808114346419,0.187769225855,0.00011998931445
a,53.4100577069,100.036401161,0.0
b,-0.0262965966669,0.0552816345019,-0.0355072274462
a,1.26577919166,87.299878314,0.0
b,-0.0536733378629,0.165142673409,-0.012932796066
a,2.57050512286,99.3099000536,0.0
b,0.0807321383735,0.187573718941,0.000358669489187
a,53.4711019988,100.045685308,0.0
b,-0.0262845325518,0.0553099298305,-0.0356245938371
a,1.2254721907,87.2901235773,0.0
b,0.104020094535,0.0753248089246,-0.0164610120916
a,52.9432266197,88.494939235,0.0
b,0.103958811047,0.0752389600581,-0.0163021235444
a,52.9817683082,88.5049920733,0.0
b,-0.0536676421967,0.164957099988,-0.0124610117764
a,2.74958556451,99.3420827685,0.0
b,0.0807401525349,0.187375156924,0.000491586918892
a,53.5211581247,100.042366802,0.0
b,-0.0263032714956,0.0553664995484,-0.0358276626167
a,1.14247809994,87.2746190223,0.0
b,0.104000587376,0.0753119822068,-0.0164308703174
a,52.9479350463,88.4972825743,0.0
b,0.0812901742308,0.188724382799,0.000247623764131
a,53.6373996364,100.120561883,0.0
b,-0.0527210078039,0.197726946604,-0.0819387377833
a,-22.9240983438,95.0258299092,0.0
b,-0.0263195898042,0.0552816315902,-0.03557355561
a,1.23264472621,87.293577374,0.0
b,0.0807553547399,0.187465677492,0.000322022244147
a,53.4630417279,100.032477735,0.0
b,-0.0263121151623,0.0553196112401,-0.0357171814212
a,1.18091488713,87.2820565505,0.0
b,-0.0536826046405,0.165231552535,-0.0133154587993
a,2.42260297852,99.2787141204,0.0
b,0.103881372789,0.0751939094987,-0.0161297257935
a,53.0207308454,88.5201359544,0.0
b,0.104017325642,0.0753924439197,-0.0166988382035
a,52.8525328455,88.476541121,0.0
b,-0.0536843571003,0.165115037979,-0.0129925817034
a,2.54343512699,99.3017233833,0.0
b,-0.0262944825826,0.0553061707758,-0.0356772890252
a,1.20189324386,87.2846484069,0.0
b,0.0812375252583,0.188630326994,0.000447256001903
a,53.6942958355,100.133898703,0.0
b,0.0812642133276,0.188822123333,0.000114168072623
a,53.5793056753,100.115704148,0.0
b,0.103924066959,0.0752961061455,-0.0163516864558
a,52.9520746295,88.5054018399,0.0
b,-0.0537297368866,0.165109746664,-0.0130027183049
a,2.52412924716,99.3010933954,0.0
b,-0.0263624269713,0.0553682851051,-0.0357998971793
a,1.13313392393,87.2786821766,0.0
b,0.103999491558,0.0753524730494,-0.0165387363583
a,52.9070269357,88.4897581945,0.0
b,-0.0536987338389,0.16499418147,-0.0124892984928
a,2.72891060763,99.342900131,0.0
b,0.0807645677964,0.187582983544,0.000281869761734
a,53.4528568196,100.03807134,0.0
b,-0.0262905407603,0.0554936736728,-0.0361575635586
a,1.02285718094,87.2515876031,0.0
b,0.0808132704177,0.187622888568,0.000385012017016
a,53.5094569151,100.050975233,0.0
b,0.104025802781,0.0753522140168,-0.0163703931014
a,52.9802880828,88.5063223345,0.0
b,-0.026220620507,0.0554181869789,-0.0358095448405
a,1.17824540206,87.2792577224,0.0
b,-0.0536544020921,0.164984675655,-0.0123652341351
a,2.79116819009,99.3538636608,0.0
b,-0.0261617425597,0.0554645334225,-0.0359533782613
a,1.1439555442,87.2674639028,0.0
b,0.0809412654164,0.187822275333,0.000144264232852
a,53.4641486703,100.040903353,0.0
b,0.104129629397,0.0754321789046,-0.0164519363042
a,52.9855979135,88.5028315201,0.0
b,-0.053520545403,0.164941623663,-0.0124111790133
a,2.81808438537,99.343110476,0.0
b,-0.0257901836629,0.0571732627414,-0.0343443862505
a,1.914738153,87.567049368,0.0
b,-0.0534969880996,0.165108439541,-0.0125850831609
a,2.7624691887,99.3390241761,0.0
b,0.0809650246914,0.187721264437,0.00035211827245
a,53.5498906534,100.05307342,0.0
b,0.104254817682,0.0754208135833,-0.0164842531447
a,53.0153509148,88.4962784829,0.0
b,-0.0256772547847,0.0571424453669,-0.0341667999476
a,2.02027250755,87.5803816513,0.0
b,0.0809124093318,0.187521091196,0.000684962388427
a,53.6558781608,100.071021749,0.0
b,-0.0534373064291,0.164952454392,-0.0123893005559
a,2.85477259412,99.3446935771,0.0
b,0.104331709112,0.075436785852,-0.0164341651283
a,53.0607710704,88.5012715961,0.0
b,-0.0256161374496,0.0571808301784,-0.0342639089795
a,2.00446707476,87.5726175995,0.0
b,0.104267273818,0.0753179265702,-0.0159121242023
a,53.2365360794,88.5454469027,0.0
b,0.081087549989,0.187706320367,0.000461227269539
a,53.6327611912,100.06061357,0.0
b,-0.0533369083926,0.165205495523,-0.0128990772741
a,2.69820273169,99.3123470866,0.0
b,-0.0255131734383,0.0570689336264,-0.0338285935166
a,2.20376679913,87.6054754618,0.0
b,-0.0532540969824,0.165235870235,-0.0129477298304
a,2.70811831143,99.30842352,0.0
b,0.0810884972918,0.187468675086,0.000727894492187
a,53.7308891173,100.067714118,0.0
b,0.104303582169,0.0752682493828,-0.0157468998128
a,53.3111174391,88.557365217,0.0
b,0.104571390325,0.0754434576971,-0.0164930105551
a,53.11939093,88.4914165882,0.0
b,-0.0254819084804,0.0571900443802,-0.0341836393317
a,2.08068842634,87.5790414917,0.0
b,-0.0531265247163,0.165269797413,-0.0128974678273
a,2.77104819396,99.3139997707,0.0
b,0.0811525039735,0.187466003344,0.000863781202486
a,53.8044367642,100.080084816,0.0
b,-0.025630733642,0.0553771765948,-0.0352435534286
a,1.59332200391,87.3222808545,0.0
b,-0.0529449564992,0.165386981764,-0.0131798647213
a,2.72647944269,99.291816659,0.0
b,0.0812903678852,0.187549305439,0.000720273906781
a,53.797614014,100.069957835,0.0
b,0.10453885757,0.0752640456906,-0.0157498649982
a,53.3894259237,88.552347515,0.0
b,-0.02560344045,0.0554434483512,-0.0354854978882
a,1.51118959661,87.302793063,0.0
b,-0.0529857793464,0.165410849027,-0.0131249175429
a,2.73411215691,99.3001483017,0.0
b,0.104529205185,0.0752722014981,-0.0157672386672
a,53.3796630409,88.5514483941,0.0
b,0.0815038597919,0.187687318796,0.000439842724856
a,53.7649511403,100.049128549,0.0
b,0.0815467490587,0.187851855046,0.000311625342886
a,53.7332999225,100.049126178,0.0
b,0.104449877076,0.0752232754865,-0.0155443329127
a,53.4372328687,88.5714250432,0.0
b,-0.0530008537099,0.165340645583,-0.0132728020728
a,2.67123739247,99.2795419484,0.0
b,-0.025660811194,0.0552211344294,-0.0348141499226
a,1.7446234925,87.3533051708,0.0
b,-0.0530108196557,0.165433880656,-0.0133901754303
a,2.62462007501,99.2756408116,0.0
b,0.0812672200976,0.187334937554,0.00108455732307
a,53.9253341304,100.089357891,0.0
b,-0.0256852661205,0.0553579408358,-0.0352128308803
a,1.58630271431,87.3247953901,0.0
b,0.104600676075,0.0754233623415,-0.0163946445623
a,53.1665509981,88.4991648067,0.0
b,-0.025722387554,0.0553977927634,-0.0352891171552
a,1.5452837165,87.32108865,0.0
b,-0.053052697125,0.165291385561,-0.0129606641207
a,2.77221213565,99.3080309691,0.0
b,0.0812521969432,0.187387549276,0.00101193209398
a,53.8934072157,100.08668253,0.0
b,0.104534774608,0.075343391042,-0.0161478765708
a,53.2372394179,88.5187092165,0.0
b,-0.0257065503663,0.0552708930173,-0.0350339689217
a,1.64597962856,87.3360314572,0.0
b,0.0812215384114,0.187366593803,0.00114268086782
a,53.9326757986,100.098754985,0.0
b,-0.0530615058194,0.165309385575,-0.0131443782806
a,2.69929944047,99.2910708829,0.0
b,0.104550395492,0.0753435649419,-0.0162764229894
a,53.193366602,88.5053964105,0.0
b,0.080329527899,0.186774777132,0.00385261309244
a,54.6570926669,100.340524826,0.0
b,-0.0530336094622,0.165331640528,-0.0131712656868
a,2.69883595507,99.2896926113,0.0
b,-0.0254922988437,0.0571685893681,-0.0343577988119
a,2.01020350402,87.5597712415,0.0
b,0.10452034406,0.0752973969211,-0.0160638998838
a,53.2636685361,88.5236371899,0.0
b,-0.0256363947447,0.0552685115331,-0.0352427357032
a,1.58981743337,87.3133565012,0.0
b,-0.0530066592293,0.165421858106,-0.0134985815127
a,2.58436179256,99.2635605478,0.0
b,0.0814898379532,0.187752932784,0.000216506470309
a,53.6759596181,100.032239317,0.0
b,0.104572058165,0.0753049464286,-0.0161361837295
a,53.2536377896,88.5159796764,0.0
b,-0.0253479498742,0.0571242482733,-0.0344776979401
a,2.01236359935,87.5412146291,0.0
b,0.0820464937332,0.188845098954,0.000304532116625
a,53.9168893607,100.122426558,0.0
b,-0.0529519858064,0.165399575576,-0.0134105982226
a,2.63609353455,99.2696013561,0.0
b,0.104469801927,0.0750774722157,-0.015552598258
a,53.4382515589,88.5579905323,0.0
b,-0.0256712743774,0.0553366262912,-0.0355383364937
a,1.46618696875,87.2897345815,0.0
b,0.104523023001,0.0751391956149,-0.0158829060364
a,53.3310127862,88.5286782489,0.0
b,0.0820377726193,0.18870727075,0.000438663806501
a,53.9628179425,100.124634597,0.0
b,-0.0529522983521,0.165292632447,-0.0131878262661
a,2.71930053174,99.2832335335,0.0
b,-0.0256147306323,0.0553803440533,-0.0357085390023
a,1.42097880746,87.2750891869,0.0
b,-0.0528820278677,0.165263877309,-0.0132038905802
a,2.73640312497,99.2778893759,0.0
b,0.104657550955,0.0751899463391,-0.0160781207071
a,53.3027196936,88.5106391587,0.0
b,0.0816095815238,0.187651510281,0.000133508426419
a,53.6829143907,100.013095113,0.0
b,0.104706020138,0.0751716871193,-0.0161197935276
a,53.3028454938,88.5039822765,0.0
b,0.0821170681922,0.188624757206,0.000508245782243
a,54.0147793555,100.12330155,0.0
b,-0.0528948967701,0.165226136069,-0.0131759131349
a,2.74209091748,99.2778008069,0.0
b,-0.0253369142314,0.0570369596335,-0.0342792999134
a,2.09042989975,87.553812369,0.0
b,0.104714298442,0.0750446858157,-0.0159436061185
a,53.3707908844,88.5110483124,0.0
b,-0.0255242268094,0.0552035572455,-0.0352413414385
a,1.62712187741,87.3059702919,0.0
b,-0.0528305934337,0.165138121957,-0.0131841067478
a,2.75914818607,99.2683963469,0.0
b,0.0821549117411,0.188650061954,0.000384296848964
a,53.9806155096,100.11215019,0.0
b,-0.0255408155256,0.0554012938269,-0.0359509157799
a,1.35364377753,87.2508921357,0.0
b,-0.0528035987324,0.165257193348,-0.0133602270559
a,2.70301072457,99.2600178107,0.0
b,0.104841207705,0.0751991789844,-0.0163561718172
a,53.2586271193,88.4798055821,0.0
b,0.0817542212322,0.187516335754,0.000229331805231
a,53.766071982,100.008795416,0.0
b,-0.0254453890414,0.055207751936,-0.0354435166596
a,1.57652977782,87.284354274,0.0
b,-0.0527137460294,0.165140503534,-0.0130917596462
a,2.8339937074,99.2757946485,0.0
b,0.104865053964,0.075124007142,-0.0162094101872
a,53.3214899308,88.4879446169,0.0
b,0.0817695176122,0.187523607686,0.000207506489978
a,53.7630232658,100.006907865,0.0
b,-0.0253723758773,0.0552731961567,-0.0357513734912
a,1.48463041562,87.2572639069,0.0
b,-0.0527133732961,0.165063016103,-0.012995810423
a,2.86945229173,99.2790213818,0.0
b,0.10481380834,0.0749290404384,-0.0158450263128
a,53.4400921773,88.5095030098,0.0
b,0.0816886969738,0.187162833648,0.000701171620946
a,53.9181610936,100.028222957,0.0
b,-0.0253734225751,0.0551384713393,-0.0355528044032
a,1.55784750558,87.2661252822,0.0
b,0.104865178998,0.0748999948209,-0.0158065440596
a,53.471660334,88.5100173913,0.0
b,-0.0526059909514,0.164979617351,-0.0128813656393
a,2.94804590219,99.2816432213,0.0
b,0.0818000573487,0.187210737601,0.000610055299762
a,53.9217946572,100.020932922,0.0
b,-0.0525439762547,0.165072981432,-0.0131027205324
a,2.88599632449,99.2658714715,0.0
b,0.0818661274295,0.187191861145,0.000561290169687
a,53.925146167,100.01317845,0.0
b,0.105056500664,0.0749581173255,-0.0161938137682
a,53.389250469,88.4720640534,0.0
b,-0.0253088288736,0.0552896843398,-0.0358938880147
a,1.45189973234,87.243013423,0.0
b,-0.0525981855512,0.165120749611,-0.0131667565215
a,2.84402527179,99.2643880154,0.0
b,0.0819708950224,0.187441549292,0.000137239149788
a,53.802775241,99.9891643242,0.0
b,-0.0254064734443,0.0552515282632,-0.0357636998311
a,1.46801330267,87.2548292509,0.0
b,0.10491606991,0.0749183790845,-0.0159433410579
a,53.4368718365,88.496740573,0.0
b,-0.0254855728249,0.0551516518794,-0.0355323168847
a,1.52800932309,87.2713889069,0.0
b,-0.052698036528,0.165289844597,-0.013498622873
a,2.68633808142,99.2467610441,0.0
b,0.0817701090962,0.18727053221,0.000430469919863
a,53.8440485503,100.0082885,0.0
b,0.104839415825,0.0750497999415,-0.0160889897772
a,53.3575727082,88.4944108831,0.0
b,-0.0254244482334,0.0554398672886,-0.0362237956532
a,1.28930093289,87.2242917177,0.0
b,-0.0527184854285,0.165128946132,-0.0131774721497
a,2.79941356768,99.2662201458,0.0
b,0.082272627428,0.188469567229,0.000477297703857
a,54.0528001982,100.104263267,0.0
b,0.104910182735,0.07502149957,-0.0161644025656
a,53.3521566051,88.4830763277,0.0
b,0.104838872683,0.0749497798115,-0.0160276516287
a,53.3790919137,88.4922547131,0.0
b,-0.0255131899817,0.0552182673524,-0.0356298614519
a,1.48254240142,87.2675940758,0.0
b,-0.0527130075645,0.165028950813,-0.0129479199144
a,2.88729201671,99.2810152089,0.0
b,0.0817848212612,0.187365044308,0.000264885964816
a,53.7873586719,99.9991469783,0.0
b,-0.0254958747752,0.0552738639116,-0.0358173202531
a,1.4176856239,87.2529223127,0.0
b,-0.0527417942236,0.164963809034,-0.012852527633
a,2.91289894818,99.285761641,0.0
b,0.104839534879,0.0750258954842,-0.0161511934694
a,53.3334078448,88.4860952131,0.0
b,0.081729941284,0.187355053133,0.000315383883081
a,53.7879458808,100.004448867,0.0
b,-0.0254995252893,0.0551427896914,-0.0354617882998
a,1.55010816819,87.2780578249,0.0
b,0.104707198734,0.0748360722392,-0.015669204137
a,53.4696655612,88.5215171277,0.0
b,-0.0527649771726,0.165072003979,-0.0130417176998
a,2.83461459422,99.2760762772,0.0
b,0.0822042025203,0.188431838451,0.000509584836741
a,54.0413599453,100.105643432,0.0
b,-0.0254611608671,0.0552422642353,-0.0355859818521
a,1.51732639128,87.2730916349,0.0
b,-0.0528006611193,0.165079438969,-0.0130724735806
a,2.81092393287,99.2742423375,0.0
b,0.104734734207,0.0749183621075,-0.0158055569739
a,53.4282731977,88.514077531,0.0
b,0.0818000222924,0.18751031662,0.000151075520179
a,53.7515212416,99.9995040236,0.0
b,-0.0255344159058,0.0550937420416,-0.0352473320426
a,1.61946337141,87.2963429635,0.0
b,-0.0527799237956,0.165185915854,-0.0133240933123
a,2.72358053927,99.2572663348,0.0
b,0.104880211097,0.0751520609981,-0.0164162394828
a,53.2480140568,88.4690386223,0.0
b,0.0817469161198,0.187341877987,0.000427621406738
a,53.8363708595,100.014412662,0.0
b,-0.0255286161455,0.0552869495333,-0.0356947018404
a,1.45373772966,87.2670633734,0.0
b,-0.052765828848,0.164984749557,-0.0128558094873
a,2.90388792068,99.2876306416,0.0
b,0.104828531541,0.0750800687706,-0.0161473407989
a,53.332111482,88.4912328795,0.0
b,0.0822073744362,0.188436793071,0.000519962468337
a,54.0464871039,100.107052605,0.0
b,-0.0255867635996,0.0551760010136,-0.0354435110525
a,1.52819524982,87.2843148673,0.0
b,-0.0528338357179,0.165238435487,-0.0133279224238
a,2.70481593183,99.2622821904,0.0
b,0.0817545479576,0.187369756448,0.000291948826712
a,53.7875584193,100.002848513,0.0
b,0.10489427864,0.0751172618669,-0.0162909622391
a,53.3000638699,88.4785655636,0.0
b,-0.0252461751822,0.0568548170284,-0.0340944857551
a,2.18857718811,87.555599705,0.0
b,-0.0528474399774,0.165173872672,-0.013323757258
a,2.70067959099,99.2575429685,0.0
b,0.0817373663181,0.187386228435,0.000300085866825
a,53.7851517042,100.005373814,0.0
b,0.104807216913,0.0751386059013,-0.0162736316567
a,53.2776406998,88.4837281633,0.0
b,-0.0252811113435,0.0570000864265,-0.0345778895725
a,1.99446492376,87.5194011544,0.0
b,0.104782370183,0.0750745015292,-0.0162338169609
a,53.283344906,88.4828516339,0.0
b,-0.0528116618085,0.165049892911,-0.012970519111
a,2.84567501416,99.2823093356,0.0
b,0.0822036412399,0.188514854946,0.000360953148592
a,53.9857891094,100.097540611,0.0
b,-0.0252918140025,0.0569292544828,-0.0343422728922
a,2.07970483186,87.5375569972,0.0
b,0.104604939454,0.0749671893654,-0.0158019928605
a,53.3866248982,88.5209412592,0.0
b,-0.0528943754417,0.16518108955,-0.0132943818541
a,2.69617621623,99.2619981782,0.0
b,0.0822365971453,0.188690004023,3.65034427052e-05
a,53.8759287995,100.078709917,0.0
b,-0.0255865296532,0.0552305994407,-0.03535544318
a,1.56290750433,87.2978211206,0.0
b,-0.0528486347674,0.165183906192,-0.0132817015566
a,2.71653339683,99.2626719436,0.0
b,0.0821683470097,0.18849042334,0.000428016299851
a,53.9990771219,100.10294835,0.0
b,0.104784024544,0.0750683613036,-0.0162017578117
a,53.2960556383,88.485557593,0.0
b,-0.0256092474051,0.0550617370752,-0.0351116523398
a,1.64549476895,87.3088083807,0.0
b,-0.0528198105267,0.165141188044,-0.0132318151634
a,2.74460284232,99.2636146821,0.0
b,0.0820618538612,0.188323207247,0.000864793395189
a,54.1271762627,100.135201052,0.0
b,0.104687143636,0.0749505195717,-0.0158769006405
a,53.3854711464,88.5104210606,0.0
b,-0.0252988866627,0.0568975704051,-0.0342520076517
a,2.1112761279,87.5441862799,0.0
b,-0.0528223948482,0.165097119479,-0.0131321139471
a,2.78108231748,99.2700792094,0.0
b,0.0821986748544,0.188566311393,0.000230125058463
a,53.9349844709,100.088678684,0.0
b,0.104692268862,0.0750551113578,-0.016021025106
a,53.3339237418,88.5044791258,0.0
b,-0.0528898486885,0.165208618983,-0.0134460333038
a,2.64019802737,99.2488417297,0.0
b,0.104684787479,0.0749844377849,-0.0158926934657
a,53.37923007,88.5117072794,0.0
b,-0.0253104225253,0.0569815189769,-0.0344103214556
a,2.04831017154,87.53538321,0.0
b,0.0821812009619,0.188529498344,0.000376002488231
a,53.984216308,100.100711192,0.0
b,-0.0255728752555,0.0552942960987,-0.0355686703445
a,1.48710176799,87.2812830004,0.0
b,-0.0528454900991,0.165170950203,-0.013251152225
a,2.72905104175,99.2646255778,0.0
b,0.104788406824,0.0750792947591,-0.0162304804806
a,53.2867449405,88.4834799939,0.0
b,0.0816330387079,0.187336157617,0.000558470199706
a,53.8478191543,100.029316572,0.0
b,-0.0528113587494,0.165135322736,-0.013142421741
a,2.78153993891,99.2720326371,0.0
b,-0.025636184593,0.0552912096584,-0.035756483952
a,1.39383242787,87.2631499006,0.0
b,0.104786966765,0.0751404101665,-0.0163152720444
a,53.2549053797,88.480031802,0.0
b,0.0816806453863,0.187415390299,0.000336612886215
a,53.7804603738,100.012576126,0.0
b,-0.025538075966,0.0552608040168,-0.035611740289
a,1.48180640193,87.27346062,0.0
b,0.0822208033339,0.188632624872,0.000199101934868
a,53.9317621208,100.090682558,0.0
b,0.104695683154,0.0750109823944,-0.0159857330588
a,53.3477998937,88.5042947145,0.0
b,-0.0528204662065,0.165059443153,-0.0129366772567
a,2.85580761603,99.2867058695,0.0
b,-0.0255717761271,0.0552149845488,-0.0355034950387
a,1.51100615985,87.2812220986,0.0
b,-0.0528726581087,0.165253069839,-0.0133666949687
a,2.67712519851,99.2602971083,0.0
b,0.104728523249,0.0750699055338,-0.0159900238779
a,53.3582905032,88.5081914345,0.0
b,0.0821425376649,0.188424440071,0.000652949986453
a,54.0752112791,100.120707517,0.0
b,-0.0528092221797,0.16515542814,-0.0132832069423
a,2.72877903684,99.259400064,0.0
b,-0.0252235651391,0.0570794138829,-0.0347832582473
a,1.93677220474,87.504156607,0.0
b,0.104831824022,0.0751622799114,-0.0163840961133
a,53.2441311323,88.4740532376,0.0
b,0.0821520055993,0.188473229165,0.000595333564122
a,54.0572338998,100.118779527,0.0
b,-0.0255269931272,0.0555111968115,-0.0362255110856
a,1.25523767906,87.2320014487,0.0
b,-0.05282767985,0.165272779721,-0.0135010315338
a,2.64130248147,99.2474906799,0.0
b,0.104643552873,0.074985190853,-0.015798947437
a,53.4011550346,88.5220433891,0.0
b,0.0817457285917,0.187479842334,0.000198827892072
a,53.7508978206,100.002798925,0.0
b,-0.0253022475654,0.0569686791229,-0.0343715806653
a,2.06566229509,87.5380840746,0.0
b,-0.0528730567183,0.165292683175,-0.0134277148149
a,2.65435100528,99.2574375104,0.0
b,0.104655969504,0.0750339915549,-0.0160365110863
a,53.3153638686,88.5018108135,0.0
b,0.0817031822644,0.187454532957,0.000196695707355
a,53.7352596501,100.00124956,0.0
b,-0.0252912081493,0.0570414884341,-0.0345428073362
a,2.00519313649,87.5266184544,0.0
b,-0.0528487320107,0.1651438297,-0.0131052721854
a,2.78326368663,99.2772071275,0.0
b,0.0821521515933,0.188457275483,0.000529701388989
a,54.0319064234,100.110782356,0.0
b,0.10476723399,0.0751142298465,-0.0163086512623
a,53.2503093165,88.4788739571,0.0
b,-0.0255890200645,0.0553663523095,-0.0360328303711
a,1.30541629752,87.2405482089,0.0
b,-0.0528488534563,0.165190927421,-0.0132789909511
a,2.71761902599,99.263539697,0.0
b,0.0820997401435,0.18842832883,0.000638050230194
a,54.0551175792,100.120316343,0.0
b,0.104773758921,0.0751715341226,-0.016268815841
a,53.2687513934,88.4875985148,0.0
b,-0.0256146809513,0.0552183938081,-0.0354920290986
a,1.50094985111,87.2834668049,0.0
b,-0.0528844697656,0.165238984679,-0.0132883577744
a,2.70284201522,99.2672803074,0.0
b,0.0820968409681,0.188448505788,0.000614617526581
a,54.0455307748,100.119685475,0.0
b,0.108941003298,0.0793787381585,-0.034042540777
a,47.9543232528,86.9604255204,0.0
b,-0.0528567363948,0.165160328052,-0.0131866281137
a,2.74973758444,99.2704877162,0.0
b,0.0816706356354,0.187498875423,0.000307743566242
a,53.7675007422,100.016834582,0.0
b,-0.0255985368573,0.0553687731901,-0.035798099763
a,1.39200166823,87.2647349331,0.0
b,0.104705128925,0.0750741980472,-0.0161025877673
a,53.3074154932,88.4975687528,0.0
b,-0.0255947110594,0.0552684436711,-0.0356873258476
a,1.4338959142,87.2674857167,0.0
b,-0.0528361982419,0.165181213216,-0.0132568862189
a,2.73017859464,99.2647322724,0.0
b,0.104635554744,0.0749553836761,-0.0156510437682
a,53.4544869682,88.5346931159,0.0
b,0.0816317707583,0.187511146355,0.000341232267284
a,53.7673864341,100.021981081,0.0
b,-0.0253368535637,0.0569839752083,-0.0342969288869
a,2.08278083802,87.5475801482,0.0
b,-0.0528306714281,0.165161277443,-0.0131562398795
a,2.77018364191,99.2731658915,0.0
b,0.0821903919604,0.188577083038,0.000347134724641
a,53.9771175158,100.101603129,0.0
b,0.104753204864,0.0751348447641,-0.0162356429397
a,53.2738469713,88.4882676568,0.0
b,-0.0256173317261,0.0554917300165,-0.0361535125883
a,1.25189658424,87.2393471756,0.0
b,0.104777571939,0.0752255417118,-0.0164397362116
a,53.2056276214,88.4747213607,0.0
b,-0.0528177971625,0.165088267355,-0.0130029132018
a,2.83188655523,99.2823555886,0.0
b,0.0821354580277,0.188481399351,0.000600015777139
a,54.0535749184,100.120246503,0.0
b,-0.0255726632499,0.055229453302,-0.0353418150651
a,1.57278514508,87.2988499914,0.0
b,-0.0528701367579,0.165227355298,-0.0133788547917
a,2.67287694929,99.2568607062,0.0
b,0.0817516908247,0.187513917614,0.000113854142253
a,53.7210165602,99.9969274411,0.0
b,0.104723798079,0.075215140379,-0.0162835769341
a,53.2469856424,88.4906848701,0.0
b,-0.0528659663396,0.16537070241,-0.0135537247202
a,2.60992905169,99.2510680721,0.0
b,-0.025306881882,0.0569707020356,-0.0341964004
a,2.13111918821,87.5561070564,0.0
b,0.104708673258,0.0750826527593,-0.0159661892124
a,53.360919364,88.5120459945,0.0
b,0.0816969936318,0.187544676456,0.000167908761793
a,53.723739606,100.006003838,0.0
b,-0.0252787788381,0.0570631417342,-0.0345427943318
a,2.00977824186,87.5282049812,0.0
b,0.0820864141481,0.18836744898,0.000862229143427
a,54.1352715326,100.138195344,0.0
b,0.104794574212,0.0752319016302,-0.0163903178784
a,53.2303825387,88.4799514595,0.0
b,-0.052820349506,0.163870087634,-0.0120455726139
a,3.17575988391,99.2773470065,0.0
b,-0.0255050506521,0.0553185352879,-0.0356032665892
a,1.49721978934,87.2785485787,0.0
b,0.1047671005,0.0751754683667,-0.0161744276509
a,53.3026633651,88.4976251156,0.0
b,-0.0528537908701,0.16527016594,-0.0132339456127
a,2.73456373291,99.274844629,0.0
b,0.0821224549092,0.188376975881,0.000734629106059
a,54.0988257897,100.125384039,0.0
b,-0.0255387971305,0.0552732725877,-0.0356176072589
a,1.47953765051,87.2739245245,0.0
b,-0.0527874198178,0.165198799922,-0.0131268410128
a,2.79670075785,99.278491805,0.0
b,0.104780864316,0.0751605350192,-0.0162401724816
a,53.2819131019,88.489449464,0.0
b,0.0821757772584,0.188553474661,0.000510783203693
a,54.0343425646,100.1164923,0.0
b,-0.0255093054547,0.0554741802148,-0.0361165250704
a,1.30224248178,87.2396229737,0.0
b,-0.0528217785633,0.165309041059,-0.0133871844522
a,2.68746662144,99.2619687269,0.0
b,0.10475748076,0.0750649831718,-0.0160502791623
a,53.3449498239,88.5011301915,0.0
b,0.0816982644043,0.187488619876,0.000319396722333
a,53.781114827,100.016643963,0.0
b,-0.0256041468747,0.0552946803611,-0.0355686771935
a,1.47653701556,87.2818946301,0.0
b,-0.0528373785115,0.165125793422,-0.013074097077
a,2.79870594749,99.2786459362,0.0
b,0.104741239825,0.0751384610467,-0.0161725873531
a,53.2939785262,88.4951881751,0.0
b,0.0821069442806,0.188457331909,0.000649268255237
a,54.062350234,100.12375258,0.0
b,-0.0253370814102,0.0569886612855,-0.0343162545889
a,2.07539592684,87.5460172559,0.0
b,-0.0528125887323,0.16528599646,-0.0134105498716
a,2.68123395766,99.257496005,0.0
b,0.0820952234561,0.188414184827,0.000673509515974
a,54.0669026327,100.12281046,0.0
b,0.104754750507,0.0751619841781,-0.0161624678556
a,53.3028265173,88.4979364751,0.0
b,-0.0256326403605,0.0554064738875,-0.0359595804128
a,1.31938721408,87.2521511106,0.0
b,-0.0528293122257,0.165206952996,-0.0132242894458
a,2.74542163986,99.2700690655,0.0
b,0.0816575876668,0.187467700037,0.000334164598049
a,53.772647898,100.01714207,0.0
b,0.104779007747,0.075201973562,-0.0163728320529
a,53.2312836131,88.4795040233,0.0
b,-0.0253047559272,0.0569941077791,-0.034259597846
a,2.10808154062,87.5516206502,0.0
b,0.104756208036,0.0751797984514,-0.0163479329657
a,53.2327106911,88.4805927833,0.0
b,-0.0528513669848,0.165271973571,-0.013309098625
a,2.70667661945,99.267328973,0.0
b,0.0821504016774,0.188502179186,0.00052252850711
a,54.0293589273,100.113852801,0.0
b,-0.025587053307,0.0553346601848,-0.0357072698208
a,1.43001778441,87.2708735824,0.0
b,-0.0528522731981,0.165361202078,-0.0134867433681
a,2.64000366144,99.2568108678,0.0
b,0.0817102628146,0.187463667877,0.000269435987312
a,53.7656280953,100.009261805,0.0
b,0.104796583733,0.075166590989,-0.0162106140906
a,53.2986348238,88.4926636093,0.0
b,0.0816126138215,0.18731317521,0.000676112189075
a,53.8854989437,100.039699882,0.0
b,-0.052792543943,0.165178303431,-0.0131202502548
a,2.79713008708,99.2775365463,0.0
b,-0.0255505154783,0.0553944137065,-0.0359115494528
a,1.36529834315,87.2544877956,0.0
b,0.104847678602,0.0751997714591,-0.0162699927965
a,53.2937787235,88.4884757968,0.0
b,-0.0254508385927,0.055337316132,-0.0356781574498
a,1.48723316247,87.2715221389,0.0
b,-0.0528079306556,0.165262463855,-0.0133830723343
a,2.69290313771,99.2582230918,0.0
b,0.0816757976629,0.187339125723,0.00054196211032
a,53.8560098224,100.027097966,0.0
b,0.104901093125,0.0752457165125,-0.016440170379
a,53.2475615366,88.4740777521,0.0
b,-0.0254101801543,0.0555081905631,-0.0361173617331
a,1.33601983075,87.2405513012,0.0
b,-0.0527521989696,0.165128383751,-0.0130824198291
a,2.82435689396,99.2764389158,0.0
b,0.104896811387,0.0752245335541,-0.0163376925318
a,53.2849300915,88.4827744965,0.0
b,0.0817346551433,0.187369757561,0.000463338858832
a,53.8463736156,100.020600586,0.0
b,-0.025460250813,0.0556113433704,-0.0366387146303
a,1.12154315095,87.1972528139,0.0
b,-0.052712026609,0.165291080066,-0.0133213410877
a,2.74942281705,99.2651046899,0.0
b,0.104945469796,0.0752823674771,-0.0165409834669
a,53.2246514782,88.4661031736,0.0
b,0.0818065618441,0.187602568737,0.000131874807454
a,53.7480055954,100.005171279,0.0
b,-0.05268950801,0.165372331292,-0.0134611707605
a,2.70498718476,99.2573184285,0.0
b,-0.0254263366821,0.0555267128307,-0.0362458524876
a,1.28174998361,87.2293722603,0.0
b,0.104914285341,0.0751945172149,-0.016267856227
a,53.3170147441,88.4870163086,0.0
b,0.0822325495578,0.188523168263,0.000618288906296
a,54.094108307,100.123801346,0.0
b,-0.0254874035101,0.0555537916378,-0.0363750340409
a,1.21218757364,87.2196737848,0.0
b,0.10499706992,0.0752976647981,-0.0165707122192
a,53.2309907336,88.4634135637,0.0
b,-0.05271930356,0.165282488246,-0.0131566910426
a,2.80977391009,99.2812185651,0.0
b,0.0822635634762,0.188522777204,0.000599550658785
a,54.0974178515,100.121292736,0.0
b,-0.0254717779186,0.0555088071254,-0.0360472167761
a,1.34203538397,87.2488600078,0.0
b,-0.0526917739753,0.165285841147,-0.0133317775787
a,2.75218496267,99.2632311718,0.0
b,0.104907924504,0.0752165472916,-0.0163724487358
a,53.2752555299,88.4783735487,0.0
b,0.0822477117422,0.188520109159,0.000557085178449
a,54.0757751915,100.117056065,0.0
b,-0.0527223340078,0.165128783788,-0.012916547399
a,2.89788581872,99.2927418005,0.0
b,-0.0251973229339,0.0572211981819,-0.0352218595634
a,1.78040748611,87.4710749456,0.0
b,0.104919603809,0.0752767423665,-0.016544846053
a,53.2143339665,88.4657195377,0.0
b,0.0817901198596,0.18737024141,0.000490927899138
a,53.8756773546,100.022410441,0.0
b,-0.0255037220123,0.0553861423177,-0.0358577830198
a,1.40152810697,87.2583793199,0.0
b,-0.0528318120538,0.165323330306,-0.0133733905929
a,2.68960064869,99.2647521231,0.0
b,0.104823526281,0.0751848035285,-0.0163268527842
a,53.2636108429,88.4819017359,0.0
b,0.0817903761664,0.187562004617,0.000224110838703
a,53.7770949902,100.011424844,0.0
b,-0.0255580659718,0.0554418751668,-0.0360963007506
a,1.29293049804,87.2398697221,0.0
b,0.104736235769,0.0751979135455,-0.0162801757855
a,53.2521879423,88.4893545146,0.0
b,-0.0528237112954,0.165162416186,-0.0131162347463
a,2.78785359296,99.2771897262,0.0
b,0.0821523600051,0.188447136184,0.000654829527697
a,54.0796473291,100.122619162,0.0
b,-0.0256461914844,0.0552654028407,-0.0354125982761
a,1.5214977013,87.2960495098,0.0
b,-0.0528306340178,0.165310723659,-0.0134158370936
a,2.67354665638,99.2593680484,0.0
b,0.0816681137604,0.187552335505,0.000294562134421
a,53.7625446407,100.020027451,0.0
b,0.104694978885,0.0751401178995,-0.0161498909062
a,53.2870517139,88.4984872236,0.0
b,-0.0253203421615,0.0570096345955,-0.034288153318
a,2.09216650362,87.5503156174,0.0
b,-0.0528442125433,0.165376573231,-0.0135258516393
a,2.62804251735,99.2539838213,0.0
b,0.0816181121698,0.187471532459,0.000399003526126
a,53.7841674705,100.024771916,0.0
b,0.10478810964,0.0752131569885,-0.0163577978994
a,53.240304685,88.4817978009,0.0
b,-0.0253138323903,0.0570760408226,-0.0346311020101
a,1.96438896958,87.5209804503,0.0
b,-0.0528965149245,0.16523177351,-0.0132436955518
a,2.7157232846,99.2714288389,0.0
b,0.0816401002981,0.187495513975,0.000307191095155
a,53.7569105582,100.017063112,0.0
b,0.104590213383,0.0750780446737,-0.0158951907899
a,53.3479520503,88.5210579555,0.0
b,-0.0256177277467,0.0553308102023,-0.0356853673824
a,1.42795862835,87.2733411783,0.0
b,-0.052873193872,0.165179186185,-0.0130970027143
a,2.77877800198,99.2814645049,0.0
b,0.0815663800326,0.187341681294,0.000553338311589
a,53.8234249131,100.030495822,0.0
b,0.104770625137,0.0751726407783,-0.0162657605478
a,53.2688799815,88.4880593266,0.0
b,-0.0253053069202,0.0570391447467,-0.0344791515249
a,2.02472864809,87.533139647,0.0
b,0.0821965786627,0.188615026809,0.000306937599243
a,53.9645021692,100.100593278,0.0
b,-0.0528411512563,0.165257171267,-0.0133510312962
a,2.6938351088,99.261645239,0.0
b,0.104610376493,0.0750126903169,-0.0157918573538
a,53.393135448,88.5256839422,0.0
b,-0.0256137929005,0.0554099493298,-0.0358380217548
a,1.37230116413,87.2644218146,0.0
b,-0.0528537975035,0.165203107276,-0.0132041737159
a,2.74477108416,99.2722409933,0.0
b,0.0816731954422,0.187489694034,0.000298279248542
a,53.7645859188,100.015057272,0.0
b,0.104584252042,0.0750212083502,-0.0156599632503
a,53.4348908014,88.540260005,0.0
b,-0.025301595721,0.0569371732225,-0.0341343825223
a,2.15603347734,87.5594874407,0.0
b,-0.0528672827761,0.165311128251,-0.0134072226225
a,2.66446168138,99.2609555345,0.0
b,0.0821567794866,0.188547048798,0.000461129730447
a,54.0088221574,100.11126984,0.0
b,0.104642933563,0.075077323772,-0.0159387289139
a,53.3491085793,88.5156037376,0.0
b,0.104640765246,0.0750947727695,-0.0160255089719
a,53.3154973996,88.5083056494,0.0
b,-0.0528707902563,0.165162963015,-0.0131118304729
a,2.77363606544,99.2785556118,0.0
b,-0.0253547521532,0.0571304963419,-0.0347895902066
a,1.89090868852,87.5102315829,0.0
b,0.0816120950325,0.187405665869,0.000451772749383
a,53.801158356,100.024712208,0.0
b,-0.0255973613487,0.0554395440488,-0.0360769140288
a,1.28702234505,87.2423694545,0.0
b,-0.0528497679112,0.165141622408,-0.0131054491189
a,2.78280725009,99.2770233022,0.0
b,0.0816001997068,0.187365084604,0.000485668312904
a,53.8093884735,100.024967659,0.0
b,0.104813737844,0.0752060115692,-0.0163923547832
a,53.2356267373,88.4772183186,0.0
b,-0.0256217229192,0.0552752395901,-0.035460557865
a,1.51160028384,87.2915562618,0.0
b,0.0816462652213,0.187565313625,0.000344634709461
a,53.7745352912,100.026599585,0.0
b,-0.0528397634152,0.165047338836,-0.0128492547612
a,2.8825034045,99.294915498,0.0
b,0.104835736526,0.0753175671366,-0.0165494810047
a,53.1849322884,88.4702286525,0.0
b,-0.0528382131247,0.165167688251,-0.0130776172202
a,2.79781185767,99.2818175604,0.0
b,-0.0255675336112,0.0553911101019,-0.0359505472655
a,1.34457635123,87.2505711683,0.0
b,0.0816465213441,0.187509671548,0.000363492395306
a,53.7808579646,100.023841477,0.0
b,0.104927578087,0.0754028943848,-0.0169013569083
a,53.0829121542,88.4399917743,0.0
b,-0.0255739231525,0.0554504114032,-0.0360126816677
a,1.31969616865,87.2493606326,0.0
b,-0.0528650975708,0.165013663251,-0.0127828473311
a,2.8987449104,99.2992967971,0.0
b,0.081731230657,0.187759871281,3.35203930351e-05
a,53.6876920656,100.009784154,0.0
b,0.104814173331,0.0752034597686,-0.0162627650155
a,53.2852834281,88.4901396892,0.0
b,-0.0255830096294,0.05532500542,-0.0356360383302
a,1.45845368305,87.2772134927,0.0
b,0.0816070718261,0.187484460669,0.000473727442841
a,53.8092365919,100.033639591,0.0
b,-0.0528276177856,0.163907061446,-0.0121566375617
a,3.13148080355,99.2693177573,0.0
b,0.104839252212,0.0753017862863,-0.0165393646332
a,53.1897124095,88.4698661401,0.0
b,-0.0253285735914,0.0570438699355,-0.0344032142778
a,2.04598587811,87.5416693064,0.0
b,-0.0528478685518,0.165009391465,-0.0127986198654
a,2.89846164532,99.2970192694,0.0
b,0.104943262651,0.0753481607628,-0.0167995193849
a,53.1261960034,88.4454397401,0.0
b,0.0817865384837,0.187784403745,-7.96736175438e-05
a,53.6635296958,99.9993348638,0.0
b,-0.0255858869782,0.0553566312557,-0.0356703132264
a,1.44492887893,87.276442634,0.0
b,-0.0528353724037,0.165159757441,-0.013046489354
a,2.8105360541,99.2842569055,0.0
b,0.104904984823,0.0753948793538,-0.0167755467248
a,53.1232448094,88.4524988702,0.0
b,0.0816957772722,0.187509020266,0.000401455636559
a,53.8120104526,100.026723506,0.0
b,-0.0252776532342,0.0571554492788,-0.0349007084494
a,1.87491217859,87.4996238502,0.0
b,-0.0528414960759,0.165198684029,-0.0131457899367
a,2.77117664319,99.2775633589,0.0
b,0.0821528808617,0.188603465651,0.000509970591105
a,54.0271694539,100.121026704,0.0
b,0.104882573123,0.0753377228485,-0.0166040506619
a,53.1802477532,88.465515368,0.0
b,-0.0255463353172,0.0553297781467,-0.035523062037
a,1.5141334669,87.2883918348,0.0
b,0.10484963023,0.0752372235488,-0.01636755371
a,53.2577879232,88.4816852464,0.0
b,-0.0528578281225,0.165196886046,-0.0131252333683
a,2.77348608738,99.2798004689,0.0
b,0.0816882314541,0.187531540003,0.000353029265175
a,53.7913368682,100.02384035,0.0
b,-0.0255752763368,0.0553590163131,-0.0357699399018
a,1.41046020255,87.2663413293,0.0
b,0.10483859075,0.0752509019065,-0.0164649686415
a,53.2170457887,88.4731569031,0.0
b,-0.0528659677551,0.165051385228,-0.0128756106762
a,2.86363970762,99.2930678101,0.0
b,0.0815956455771,0.187407458297,0.00063483048572
a,53.8656303391,100.043733998,0.0
b,-0.0528362490115,0.165211161624,-0.0132670684029
a,2.72679258275,99.2662118806,0.0
b,0.104842034019,0.0752862003608,-0.0164562844694
a,53.2221487602,88.4769338232,0.0
b,-0.0255643068787,0.0554691808648,-0.0360920405079
a,1.29292878453,87.2427073505,0.0
b,0.0822327846376,0.188715793951,0.000193687595221
a,53.9351982867,100.096885453,0.0
b,-0.025276231655,0.0571539578226,-0.0347519659633
a,1.93224458322,87.5145583793,0.0
b,-0.0528761084489,0.16510685307,-0.0127949188925
a,2.89204031466,99.3060913156,0.0
b,0.104792813146,0.0752324443307,-0.0162568763689
a,53.2808239601,88.4935637288,0.0
b,0.0816328205035,0.187502524782,0.00046066064321
a,53.8132587286,100.033351462,0.0
b,-0.052799890408,0.165243024599,-0.0131158995944
a,2.79744488045,99.2835413958,0.0
b,-0.0255434271541,0.0553068658028,-0.0356767440387
a,1.4559479562,87.2708295799,0.0
b,0.104820137913,0.0752134366377,-0.0162492854071
a,53.2926285956,88.4922328199,0.0
b,0.0818117705944,0.187837242909,-0.000100525992282
a,53.6650094119,100.001182803,0.0
b,-0.052822981742,0.165251650011,-0.0133944173028
a,2.68328861147,99.2564448358,0.0
b,-0.0255410110515,0.0555433668742,-0.0363221993113
a,1.21409081071,87.2251527171,0.0
b,0.104852717373,0.0751693308038,-0.0162274261733
a,53.3112254881,88.4901469209,0.0
b,0.0821482314714,0.188569975524,0.000612120077467
a,54.0640725499,100.128664925,0.0
b,-0.0255455669076,0.0553100411092,-0.0356777507362
a,1.45489546611,87.2710334415,0.0
b,-0.052814752649,0.16516305035,-0.0131161881105
a,2.79091029065,99.2770814486,0.0
b,0.10493238169,0.0752763132466,-0.0165881768831
a,53.2020755803,88.461051758,0.0
b,0.0816866759565,0.187476719623,0.000384378059787
a,53.8018381784,100.022451644,0.0
b,-0.0255835077051,0.0553497401108,-0.0357276940005
a,1.42367025141,87.2700008748,0.0
b,-0.0528575912439,0.164993726971,-0.0126693756794
a,2.94432327437,99.3089944396,0.0
b,0.0817033201481,0.187477683648,0.000284669213561
a,53.7693523402,100.012110917,0.0
b,0.104896128398,0.0753056638279,-0.0166095545454
a,53.1821626578,88.4620173223,0.0
b,-0.0528566085023,0.16518303946,-0.0130725548087
a,2.79379958133,99.2839595526,0.0
b,-0.0255886211556,0.0555237340099,-0.0361038146095
a,1.2811648123,87.2465388737,0.0
b,0.0816505991047,0.187384539201,0.000501861787324
a,53.8329550996,100.027306527,0.0
b,0.104805941846,0.0752253596847,-0.0163068537125
a,53.266025945,88.4876572181,0.0
b,-0.0253023486425,0.0571976762696,-0.0350931614725
a,1.79371306624,87.4841037408,0.0
b,0.104901519919,0.0753583586742,-0.0167306903272
a,53.1385866496,88.4540501263,0.0
b,-0.0528390006303,0.165090995674,-0.0129726909875
a,2.83632498885,99.2860429494,0.0
b,0.0817186575438,0.187649641644,0.000195649684521
a,53.7435084443,100.017217588,0.0
b,-0.0528214415251,0.165069783987,-0.0129295829725
a,2.85837197981,99.2883106379,0.0
b,0.0817406962254,0.187690355321,5.87240389075e-05
a,53.6993108133,100.006335416,0.0
b,-0.0256058316599,0.0554177208436,-0.0360035099785
a,1.3118464537,87.2481414462,0.0
b,0.104802258294,0.0752367179753,-0.0164246571059
a,53.2199328365,88.4767299988,0.0
b,-0.0528573488962,0.165204899416,-0.0131247918214
a,2.7739573026,99.280508338,0.0
b,0.0821284660716,0.188573870189,0.00060111733158
a,54.053253307,100.12824224,0.0
b,-0.0255743169713,0.0552981248924,-0.0355922633073
a,1.47765981388,87.2792379368,0.0
b,0.10494580049,0.0754070681759,-0.016920709597
a,53.0817435767,88.4380409266,0.0
b,-0.0255774936397,0.0552152227084,-0.0353674237196
a,1.56111070623,87.2951489481,0.0
b,0.081658678084,0.187490096538,0.000394664662687
a,53.7965436493,100.025136064,0.0
b,-0.052909808536,0.164984745982,-0.0127373239446
a,2.90053509868,99.3023184304,0.0
b,0.104717458678,0.0751446098453,-0.0161329973144
a,53.3011879046,88.5001603,0.0
b,-0.0255829017448,0.0553733078583,-0.0357907359611
a,1.40018118656,87.2655720201,0.0
b,-0.0529085631843,0.164959602089,-0.0126650136714
a,2.92816637271,99.3075207958,0.0
b,0.0821571174789,0.188625156127,0.000308825896802
a,53.9520650297,100.102366228,0.0
b,0.104872980217,0.0753275306537,-0.0167295711521
a,53.128828899,88.4521079204,0.0
b,0.0821965075156,0.188686219609,0.000271591663492
a,53.9522094935,100.102979694,0.0
b,-0.0254068716087,0.0556950718472,-0.0332256686192
a,2.44617569036,87.5494465448,0.0
b,-0.0528358352279,0.165176246042,-0.0130226858982
a,2.81977081435,99.2880624,0.0
b,0.10471033969,0.0751589441132,-0.0161644808168
a,53.2869939884,88.4983012223,0.0
b,-0.0259074185462,0.0546080628359,-0.034096408229
a,1.9249950648,87.3792654121,0.0
b,-0.0528557636507,0.16508787807,-0.0129710402176
a,2.83123620998,99.2862599046,0.0
b,0.10487753534,0.0753011526601,-0.0165497186298
a,53.1986805569,88.468052701,0.0
b,0.0816635682542,0.18750941593,0.000402188533627
a,53.801411961,100.027428508,0.0
b,-0.0255634513243,0.0552184781276,-0.0354127335118
a,1.54858747866,87.2905659733,0.0
b,-0.0528484515318,0.164985676098,-0.0126417498573
a,2.95783507942,99.3109516785,0.0
b,0.10488000908,0.075253024249,-0.0164687244103
a,53.2296449449,88.4721856263,0.0
b,0.0817137914411,0.187484699792,0.000392565293747
a,53.8142729622,100.02344821,0.0
b,-0.0255687771864,0.0553793313484,-0.0358526800359
a,1.38137342223,87.2595325357,0.0
b,-0.0528020778308,0.165093156992,-0.0129821273804
a,2.8452332431,99.2845821866,0.0
b,0.10486733462,0.0752136601515,-0.0164189195926
a,53.2437166526,88.4741711689,0.0
b,0.0816262774862,0.18742792948,0.000593118935089
a,53.8603914844,100.040651884,0.0
b,-0.0252804528212,0.0571721064151,-0.0349967679713
a,1.83752537204,87.4913299146,0.0
b,-0.0527958619621,0.165170718985,-0.0130767525727
a,2.81250901463,99.2813737723,0.0
b,0.105017427545,0.0753888313305,-0.016916524613
a,53.1072321369,88.4356073871,0.0
b,0.0816961719809,0.187523296254,0.000376864507648
a,53.802990514,100.025419207,0.0
