-0.507420301524,0.144234100938,0.033933173958
-0.506021112841,0.142490218336,0.0368136312302
-0.506373898085,0.142912287845,0.0362212422963
-0.507347540033,0.144193650826,0.034188533668
-0.505813959005,0.142245579727,0.0371712005209
-0.506995019242,0.143761102744,0.0348218879136
-0.506709999544,0.143330688227,0.0354135807007
-0.506305371206,0.142940735972,0.0361699179501
-0.50627881545,0.1428300507,0.0362780755142
-0.506067147054,0.142587383663,0.0366862592295
-0.50421073812,0.140431656133,0.0403540644774
-0.503724605129,0.139794018365,0.0414986854825
-0.507825272792,0.144599186777,0.0333066484517
-0.510191068741,0.147360111606,0.0285867834007
-0.511056190831,0.148334446757,0.0268726542067
-0.511126379641,0.148459680293,0.0267322877508
-0.511460215213,0.148916539736,0.0260263143318
-0.512312215783,0.1499546096,0.0240881356049
-0.511263026466,0.148555889402,0.0263834600352
-0.510542531557,0.147589493669,0.0277064257819
-0.510847121239,0.147814048061,0.027297126763
-0.51097328253,0.148053679915,0.0269876548314
-0.511418971861,0.148502693171,0.0261271256925
-0.511179722097,0.148268248048,0.026636078696
-0.511926324148,0.149169964221,0.0249601240177
-0.511070784925,0.147978824455,0.0268445806663
-0.511912641981,0.149086566368,0.0250433516665
-0.511713597444,0.148891759984,0.025411110402
-0.511797147027,0.149049301935,0.0251692947658
-0.510846592122,0.147810904693,0.0271951301295
-0.51150929501,0.148678050606,0.0257328344949
-0.511885163156,0.149211118694,0.0250076931939
-0.510866701581,0.147904364399,0.0271278809148
-0.511064048859,0.148224225942,0.0267314555858
-0.510896691314,0.147913197584,0.0271408344341
-0.510811130312,0.147836525353,0.0271890082473
-0.510800619105,0.147805547731,0.0273496219164
-0.511064040356,0.148218695537,0.0266714790078
-0.510743258051,0.14769770585,0.0275437505938
-0.510745903522,0.147798821164,0.0273843162774
-0.511299716825,0.148510012215,0.026213315829
-0.510674173158,0.147623448836,0.0276730315013
-0.510694602009,0.147695666637,0.0275737208139
-0.510973910633,0.147935660834,0.0270059115059
-0.510780096483,0.147789904038,0.0272849014905
-0.511765225256,0.149187800333,0.0251037389221
-0.511973234537,0.149505130049,0.024421526143
-0.512072702231,0.1498077341,0.024040875167
-0.512551758621,0.150850942963,0.0221295064602
-0.509774475038,0.148759873154,0.0254560765454
-0.509626813396,0.150269647589,0.0229724067427
-0.508189921432,0.150252234969,0.0227598213588
-0.506868448574,0.150843628181,0.0218585073556
-0.505057596543,0.150933876057,0.021542791071
-0.50242232364,0.150237772545,0.0225345082617
-0.498505231787,0.148123609282,0.0261630466154
-0.497168090826,0.149298231698,0.0242183888885
-0.494883249719,0.149701011712,0.0238572710472
-0.493245884623,0.150621727709,0.0225017449571
-0.491267818104,0.151461936864,0.0216964363353
-0.489817150669,0.152827367477,0.0197710001799
-0.48790739891,0.153379753583,0.0191187055117
-0.485934689533,0.153767423221,0.0184215901772
-0.482764989598,0.152591266585,0.0205233507503
-0.48051010477,0.152750905457,0.0203207920326
-0.477875474365,0.151957338458,0.0215391646233
-0.476425726111,0.153034919658,0.0198017650635
-0.474927110375,0.153976377858,0.018011936462
-0.472769961887,0.154427386055,0.0171632742883
-0.469549707954,0.153207658306,0.0190758514446
-0.467359021481,0.153526439276,0.0189047793644
-0.46507980539,0.153507620874,0.018781741358
-0.463763364793,0.154881960769,0.016932133705
-0.461745560343,0.155580997321,0.0159693964511
-0.458714441615,0.154852606289,0.0174791549906
-0.456310495614,0.155443620133,0.0166807274737
-0.453157499902,0.154852804027,0.0178243105232
-0.450517609418,0.155070715792,0.0178775167125
-0.448892190771,0.156692116745,0.0149933870811
-0.445694342878,0.156136331909,0.0161352846702
-0.442323448164,0.155292384766,0.0175385927865
-0.440086960567,0.155861229094,0.0169073128301
-0.43776620953,0.156519043852,0.0159819751099
-0.434610361019,0.155906693615,0.0169292176899
-0.432300013067,0.15681020866,0.0155801770043
-0.429834484865,0.157351254906,0.0148066784956
-0.426085378036,0.156175030859,0.0167909605226
-0.424154585884,0.157644783159,0.0140777540787
-0.421016733075,0.157345512722,0.0145713998039
-0.418082301865,0.157139322248,0.014640275603
-0.416500068367,0.15906130277,0.01123084324
-0.413307189918,0.158749705347,0.011500037914
-0.409995642539,0.157341924732,0.013647619868
-0.407067044549,0.157114289839,0.0137488475322
-0.404983836015,0.157769688902,0.0120020729544
-0.401407309427,0.15663577488,0.0134942835062
-0.398081622618,0.156290938332,0.0139563332087
-0.397269131863,0.159805874827,0.00805180258887
-0.393435671787,0.158723649022,0.00994538112533
-0.389669349946,0.157682484182,0.011966553701
-0.387018767257,0.158537659232,0.0109902897449
-0.385441828162,0.161347504723,0.00661372349736
-0.383223455601,0.163031785165,0.00427063621245
-0.37792169804,0.159665243531,0.0103320558872
-0.375915464085,0.16177201494,0.00735969632965
-0.373217512767,0.162857623396,0.00580568733909
-0.370585646211,0.164526413759,0.00330279485627
-0.365122092351,0.161016155891,0.00916223719969
-0.36390001589,0.164794646919,0.00296238324713
-0.360093023701,0.164025007633,0.00409632778137
-0.355787548292,0.162520343782,0.00656841584536
-0.353118129256,0.163676590653,0.00469026776691
-0.350492308259,0.164757409196,0.00284818927715
-0.347131494644,0.164285861561,0.003514937282
-0.344181122629,0.163972742155,0.00417157265795
-0.341210676019,0.163099056541,0.00554564954244
-0.340690019525,0.164981841151,0.00239491272607
-0.337990651218,0.161368045033,0.00841749454254
-0.338173047303,0.161774207197,0.00777664275321
-0.338382723059,0.162068697508,0.0072128966461
-0.338352175318,0.162041546869,0.00729866442631
-0.338353816424,0.161926750721,0.00737645955699
-0.338321966065,0.161906657792,0.00741107525403
-0.33838374496,0.16200850739,0.00725442837388
-0.338290167513,0.161854174185,0.00747058365721
-0.338116914483,0.161432268658,0.00815100186738
-0.338182337337,0.16165633906,0.00780820270827
-0.338561402774,0.162109910917,0.00691538316711
-0.338542523666,0.162031399753,0.0069060609815
-0.338472927343,0.161917486105,0.00714583396315
-0.338268750324,0.161662561011,0.0074905505391
-0.338483591611,0.161812589238,0.00712487609673
-0.337888502284,0.160913759672,0.00860667730837
-0.338198084465,0.161472663984,0.00771214835772
-0.338474219248,0.162196170186,0.00669458272813
-0.338519198586,0.162234733621,0.00654438762179
-0.338127329369,0.161490197778,0.00777862736474
-0.337999814399,0.161350934835,0.00798774025233
-0.338065332982,0.161590326444,0.00753559875519
-0.338511328469,0.162277930936,0.00631590718823
-0.338082202319,0.161416977104,0.00771870932973
-0.338179117521,0.161553354053,0.00746005825693
-0.337826183681,0.16085529239,0.00863051624885
-0.337854207047,0.160994167402,0.00853256289398
-0.338770779899,0.162523779587,0.0060429820449
-0.338271344398,0.161560725792,0.00754011035308
-0.338020955271,0.161158977756,0.00836349989862
-0.338030559812,0.16133538682,0.00799494599665
-0.337522749757,0.160646431319,0.00906402179818
-0.336967483075,0.159915405701,0.0102045528949
-0.339112012507,0.16592408215,0.000328147294456
-0.337885500469,0.168001374718,-0.00288085283201
-0.334706181678,0.169268502533,-0.00408392048596
-0.330376597159,0.168207975834,-0.00223379144303
-0.326763177582,0.168540563458,-0.00323535785003
-0.323059638377,0.16810382833,-0.00358898369571
-0.318555710239,0.166210441577,-0.00139522873287
-0.316335031269,0.168577238302,-0.00639190682227
-0.310829498088,0.1658747238,-0.00207461059925
-0.309495419617,0.170834205141,-0.0104279748319
-0.304669839741,0.169786901506,-0.00834628624144
-0.301090500972,0.171420712784,-0.0100799762931
-0.298138809139,0.174200320011,-0.0140096847656
-0.293907717756,0.17458649793,-0.0140244945509
-0.288386038005,0.172053079314,-0.00949624095405
-0.284364330407,0.172439404571,-0.00971708150324
-0.280459569722,0.172875659231,-0.0101917263502
-0.276103809393,0.172179152681,-0.00880395848111
-0.274820236425,0.17744894176,-0.0171201420145
-0.269931324817,0.175917797093,-0.0140208928088
-0.266385984751,0.177275198077,-0.0156351562597
-0.263565525972,0.180612701655,-0.0201599129684
-0.258305908209,0.179097585111,-0.016825440237
-0.254692086466,0.181155470205,-0.019299026727
-0.251541374379,0.184764175277,-0.0240605127181
-0.246372424468,0.183642277142,-0.0210697467439
-0.241527941904,0.182959483998,-0.0192452411058
-0.237855629921,0.184756291002,-0.0217890240019
-0.234480650569,0.185224714213,-0.0223600194603
-0.23899812463,0.200609422793,-0.0497001260018
-0.232976113854,0.202829286329,-0.0492626664915
-0.210640412673,0.178328378452,-0.00466086694394
-0.203555238505,0.184866870443,-0.015361454327
-0.194795930343,0.182959095826,-0.0141711276159
-0.19480500399,0.185369687425,-0.0164684069004
-0.200526958914,0.19569570454,-0.0421714284103
-0.190691377159,0.177008937754,-0.00690004303793
-0.189099499567,0.172645607433,-0.00150965106843
-0.188390714883,0.17103285422,0.000575948583159
-0.186273961024,0.165957871858,0.0077849530539
-0.190403974937,0.173854799753,-0.00798477558441
-0.188984989857,0.170483952682,-0.00497332425229
-0.185740488746,0.163770631047,0.00395678466601
-0.184021764147,0.162054832113,0.0045707245336
-0.180076455542,0.156197877602,0.0140580291323
-0.178589384057,0.158444975711,0.0104602020284
-0.174895984745,0.156840508467,0.014179041857
-0.173940112088,0.163168033917,0.00525928129773
-0.169845879588,0.162878541353,0.00794726842594
-0.166224150268,0.163983054743,0.00771461321682
-0.163566592267,0.166951674607,0.00536158451293
-0.167863052858,0.18510536116,-0.0229119219432
-0.166341518916,0.189386651827,-0.0287138774427
-0.164214381946,0.191398033189,-0.0310771520739
-0.162091952401,0.192494294924,-0.032193236394
-0.159300131634,0.19087116553,-0.028749476716
-0.157580524914,0.192953454321,-0.0313487879514
-0.155535432155,0.194151578749,-0.033170522819
-0.153288832444,0.194251544521,-0.0330539718699
-0.150332426398,0.193230874378,-0.0309615115435
-0.147545978491,0.19379622472,-0.0313866895513
-0.144513010864,0.19385566171,-0.030849910699
-0.14081327357,0.192340858621,-0.0278209362418
-0.138102316394,0.194208460465,-0.030396105721
-0.134718721822,0.193862158999,-0.0295791944485
-0.131726672637,0.195454550146,-0.0317427418314
-0.127731150922,0.193377241389,-0.0279256032225
-0.124109265105,0.193035869854,-0.0270004701553
-0.120987390674,0.196035097941,-0.0308530900865
-0.116991203984,0.194528317368,-0.0280907826827
-0.113143887723,0.192841215815,-0.0249320159217
-0.110518361032,0.196423759165,-0.0307571241896
-0.106945431093,0.19549831972,-0.0293374194536
-0.103089382896,0.194257538566,-0.0275504008933
-0.0999576158437,0.197162391134,-0.0322940857494
-0.0961237500801,0.195606669492,-0.0302325038377
-0.0922999877677,0.194402105102,-0.028577787716
-0.0895471736351,0.19850674824,-0.0356306530973
-0.0848049372834,0.192842548055,-0.0270272786777
-0.0817558991265,0.195847641744,-0.0322075374985
-0.0779430543034,0.194659512478,-0.0307421047641
-0.0739019661669,0.193255764435,-0.0289474149342
-0.0701093193852,0.193748107286,-0.0303674748787
-0.0670905280668,0.195482659078,-0.0338341024363
-0.0626120933273,0.192002082109,-0.0284857521365
-0.059763708895,0.193988365061,-0.0327565414262
-0.056624468957,0.192771380206,-0.0318103995377
-0.0529763340146,0.190512929389,-0.0293856133953
-0.0495991024262,0.188210839362,-0.0264493724913
-0.0471351714798,0.19062634447,-0.031351607179
-0.0441909370375,0.189038719327,-0.0296077782469
-0.04152884776,0.187748182129,-0.0282292521144
-0.0394446480657,0.183470345827,-0.021517403752
-0.0392562925235,0.183161511427,-0.0210864146578
-0.0389167048455,0.182114224369,-0.0194779782208
-0.0389498306186,0.182103501194,-0.0194434980663
-0.0389528004207,0.181917851089,-0.0190027167158
-0.0388314895742,0.181476724466,-0.0183654936114
-0.0388234261473,0.181655930013,-0.0187762066831
-0.0383716978724,0.179905233155,-0.0158362587436
-0.0385019965689,0.18004140989,-0.0161322639299
-0.0385183388042,0.180194120689,-0.0164331269488
-0.0385466680144,0.180376298141,-0.016740875088
-0.0380691995144,0.178076134753,-0.0130152581623
-0.0399039659336,0.186088089613,-0.0268064986233
-0.0397475121435,0.185224002432,-0.0255031013612
-0.0383611249154,0.179197763824,-0.0146896290505
-0.0389350368064,0.181665606804,-0.0188849174714
-0.0388195760175,0.181294878248,-0.0182345378299
-0.0389443398704,0.182223722094,-0.0196807894982
-0.0384405101859,0.179392316416,-0.0152175074403
-0.0386963029265,0.180030872653,-0.0161622765378
-0.0387024541705,0.179914293104,-0.0158614256031
-0.0391589245889,0.182587805333,-0.0203608352329
-0.0390385457595,0.182222028891,-0.0199407659474
-0.0392859673921,0.183882314131,-0.0225214376938
-0.0396771216422,0.187952914567,-0.0292994613851
-0.0396234577065,0.187433247798,-0.0286948079269
-0.0390847520959,0.183525160025,-0.0220303787036
-0.0386727729938,0.180933425223,-0.0176673763422
-0.0387597635096,0.180975205799,-0.017691653793
-0.0385875552246,0.180420986106,-0.0169862560029
-0.0380776429631,0.181751595228,-0.0192350551517
-0.0364832958214,0.182019443682,-0.0202001481671
-0.0337870049286,0.178378062766,-0.0146933091199
-0.0319468737986,0.181060649033,-0.019663089726
-0.0293560834587,0.180636567491,-0.0194298706457
-0.0263770352742,0.17931385927,-0.0176058807183
-0.0234905079948,0.177804830567,-0.0151518921917
-0.0212508256031,0.180499755847,-0.0194999530108
-0.0184605979655,0.182263572488,-0.021439085476
-0.0154833096345,0.183692844065,-0.0223128546682
-0.0124501522539,0.188805654547,-0.0288586100701
-0.00804252482714,0.184399686436,-0.020204071898
-0.00411752547451,0.188772279968,-0.0262342410378
0.000451076202758,0.18896000462,-0.025527295471
0.00463918076069,0.189905973714,-0.0269406136013
0.00929050162833,0.18905508463,-0.0253931572566
0.01362238233,0.192869570689,-0.0317466163315
0.0187205774816,0.188834023201,-0.0253828679189
0.0230269741492,0.192212433676,-0.0311087616709
0.027934121475,0.190864381281,-0.0288082081393
0.0331498281167,0.185736167547,-0.0198868218173
0.0375489145231,0.189023404467,-0.0255296836536
0.0422387512683,0.18743660175,-0.0224941713813
0.0470408589936,0.188592147252,-0.0240169773355
0.0518982544844,0.190075152928,-0.0261668383901
0.0571251087586,0.189957386469,-0.0262362640617
0.0622936341733,0.190497842339,-0.0270203133488
0.0675448060479,0.192372421546,-0.0302884487489
0.0731461971355,0.194500644111,-0.0338666466288
0.0792030806078,0.19035617286,-0.0275306770202
0.0849837876153,0.191312917858,-0.0291173908253
0.0910247459625,0.193211308633,-0.0328639492881
0.0968391707936,0.189172685882,-0.0263065357867
0.102689093135,0.188254163985,-0.0246413469884
0.108168907579,0.188053409792,-0.0239898284202
0.11316678424,0.191367930895,-0.0286722978047
0.117912663291,0.190198480348,-0.026330149729
0.122654436831,0.189643264025,-0.0244776932281
0.127872185036,0.194822286377,-0.0322729028292
0.13300645961,0.190068668957,-0.0232563910164
0.138844166098,0.195527014894,-0.0312746675354
0.144284733322,0.197279893432,-0.0328755455476
0.150124657609,0.198451605011,-0.0334517634695
0.155475995102,0.1967547358,-0.0293278395873
0.161279188783,0.195686375908,-0.0263403139722
0.16680774237,0.196057638413,-0.0259548170187
0.172645684899,0.197813408306,-0.0278360462361
0.178663409912,0.199241138973,-0.0294294398303
0.184528349994,0.200746340941,-0.0320817783469
0.189905692397,0.193435463023,-0.0207720855311
0.195425401476,0.192536972843,-0.0206656977733
0.201403091473,0.194272987934,-0.0247282338819
0.207245309339,0.195274147131,-0.0274037170745
0.21332143105,0.197086602666,-0.0313737733591
0.217528051444,0.188373932581,-0.0182631531123
0.223922602295,0.192553803601,-0.0254390691814
0.229749148583,0.191916671586,-0.0245221015139
0.236504468875,0.193564918623,-0.0267418008
0.242834919148,0.193234326114,-0.0254407177405
0.249607082513,0.195180488937,-0.0271915992558
0.256103771844,0.196050675162,-0.0267273661031
0.262449693541,0.193968406526,-0.0203472543769
0.269769311992,0.197034599034,-0.0220123863839
0.275042927696,0.193749324432,-0.0136643724484
0.280918823832,0.195160289304,-0.0142908038583
0.287164019572,0.198193175366,-0.0178863765118
0.29145490215,0.193717534386,-0.0105310306169
0.295950930597,0.192413063037,-0.0087133228415
0.30632752719,0.192974314441,-0.0112507877949
0.311199573524,0.192308193176,-0.0109205809211
0.315778168167,0.190605966254,-0.00902468205961
0.321242239091,0.191477825772,-0.0109435217976
0.32592395052,0.188808719253,-0.00713781242191
0.330377714042,0.185712890803,-0.00246681489931
0.335696812349,0.18598170205,-0.0029382108917
0.341352224484,0.187994687937,-0.00615041855724
0.346649750315,0.187984476411,-0.00633815524668
0.35204112259,0.188354472501,-0.00728528951994
0.356967567673,0.188243532529,-0.00704762686153
0.361334461832,0.184695846957,-0.00235061627793
0.366954141615,0.185271066663,-0.00332241753956
0.372117744574,0.183097118238,-0.00035929053917
0.378509975524,0.183480467079,-0.00140581640104
0.384687756955,0.183342018735,-0.00180859578056
0.39096472261,0.18311475241,-0.00173339839462
0.397198983851,0.182413676562,-0.0013079560244
0.403170407682,0.181413251403,7.82746045935e-06
0.408651857835,0.179291721229,0.00292383689951
0.415534802046,0.181262590833,-0.000579056910792
0.420160836689,0.177807593458,0.00436186275484
0.425960023924,0.177890055672,0.00386044226182
0.431449325862,0.177949651471,0.0033898940322
0.437007187167,0.178434476916,0.00233446542634
0.441772792158,0.178351065418,0.00242050274564
0.444220026843,0.174008174083,0.00951235559921
0.448797699546,0.174463850489,0.00881092666606
0.45310280091,0.175019141999,0.00803577000075
0.456259427806,0.173933322565,0.00962280253821
0.460215883362,0.174577018033,0.00899431018247
0.463287403489,0.174170811563,0.00979300792239
0.467976677742,0.177756064336,0.00481580497866
0.470596065052,0.176779292872,0.00700833470023
0.471898173692,0.173370692932,0.0130754741248
0.476063269951,0.176303666079,0.00884403409397
0.478771905258,0.176938542874,0.00802319007603
0.480233781202,0.175621097506,0.010317702468
0.481409873499,0.174133566139,0.0130431159422
0.483942781021,0.176348098866,0.00940563258635
0.485078595002,0.176227931453,0.00942381684061
0.485759983163,0.175639765109,0.0103678636152
0.485720143196,0.174583138464,0.0120020509653
0.486299557963,0.174347350416,0.0120710531641
0.487289161285,0.174934685786,0.0112162948693
0.488642017292,0.175876438878,0.00955903791462
0.488251140392,0.172268677003,0.0151523717939
0.491418465203,0.176762444667,0.00815414155572
0.490298194256,0.172451388704,0.0152736209186
0.491552538518,0.173664944022,0.0144476007471
0.492390209025,0.175628410167,0.013829752207
0.492355776028,0.175340886647,0.0155572898856
0.493571787534,0.177682008395,0.0121085740206
0.492863456453,0.176362438739,0.0140594869404
0.492618466825,0.176566650081,0.0135451856255
0.491857885604,0.17501002917,0.0159969511964
0.49215365011,0.175407774423,0.0151522246507
0.492892339289,0.175442820666,0.0145605253282
0.495119502828,0.178689981527,0.00955297429804
0.494454907541,0.176606115746,0.0130984547575
0.495034475112,0.177595402126,0.0117430276612
0.495305191155,0.178371885514,0.0115805343325
0.496644565213,0.182377783848,0.00868532287332
0.498169990534,0.186985972919,0.00678453483309
0.499086148567,0.190969906898,0.00649858487447
0.499673167686,0.194047172775,0.00858577423708
0.502644421818,0.20295109086,0.00352234317279
0.503386733893,0.207035334617,0.00629311426364
0.507891434293,0.218671897169,-0.00136102449231
0.508152030683,0.221636923139,0.00469863710456
0.512056300421,0.232859418791,-0.000937831956473
0.513573593034,0.239467653924,0.000689799895315
0.515310340203,0.247132177577,0.00119884612907
0.51823168825,0.257559119781,-0.00211731384509
0.519688211919,0.265234851516,-0.0012591767758
0.521484075985,0.274087558389,-0.00233245274717
0.522597011406,0.283184675408,-0.00305868406076
0.522846001496,0.291041513044,-0.00198645368463
0.521140816292,0.295017573273,0.00455351213526
0.524105475563,0.310464630365,-0.00512328850771
0.522604023866,0.316618601528,-0.00171508291336
0.522802717243,0.326353786634,-0.00349406042665
0.522285548658,0.333538035204,-0.00264880726248
0.522841479651,0.343465166885,-0.00624017922704
0.519370831657,0.342885904898,0.0032009182174
0.520196875668,0.352101686233,-0.000997057599802
0.519287348073,0.356132430648,0.000515204472118
0.519385540695,0.362557862437,-0.000836163626005
0.517919916774,0.365284278718,0.00170575651248
0.516279284573,0.366555752863,0.00222606296391
0.5149554233,0.368605370579,0.00464171340259
0.514448365778,0.372055725544,0.00494748622197
0.514211091847,0.375004519272,0.004987789272
0.514569762299,0.378499311323,0.00284843324044
0.514306809437,0.378526541987,0.00337957699777
0.514304059253,0.378658778474,0.00303227298119
0.513829432563,0.378032738361,0.0044495893048
0.512477103419,0.375868809624,0.00798309044305
0.511064800491,0.37309411783,0.0123663276385
0.512506751531,0.378688142378,0.00704903515749
0.512602547198,0.380951450906,0.00603406204803
0.514936549908,0.389558872001,-0.00364462622675
0.514215326501,0.389579753531,-0.00127734030458
0.512790064579,0.386164397376,0.00360250132693
0.511125695223,0.382625188679,0.00823858679774
0.513756076409,0.389102637557,0.000156653973576
0.51252584565,0.38598033673,0.0042094607919
0.511119759272,0.383282745879,0.00833363347513
0.514078417446,0.397141642523,-0.00512369995477
0.513441641086,0.393871759667,-0.00105179062575
0.515372516083,0.39859391989,-0.00645970723091
0.515342482979,0.397359295675,-0.00543150255691
0.507589999392,0.379006027753,0.0178283476599
0.501239462337,0.363874507147,0.0357618526882
0.514545679665,0.396368381987,-0.00375453926172
0.518203632046,0.404325414533,-0.0113996076276
0.516792772754,0.402567883784,-0.0067421054862
0.518617456445,0.409472528114,-0.0142447345516
0.519445439095,0.413354876013,-0.0183216643238
0.520026072783,0.416524244227,-0.0211842769573
0.519803690801,0.416834198388,-0.0197607483316
0.59643283535,0.620278756221,-0.274846482822
0.519956414838,0.41831115614,-0.0179041212613
0.519152824224,0.416413650229,-0.0150716015617
0.520596872827,0.420684303242,-0.0220766547675
0.519100674727,0.417157336724,-0.0170859162003
0.519979708737,0.420334971535,-0.016223117373
0.521600250075,0.425939765323,-0.0194351463871
0.523132653193,0.432239346978,-0.0245605834574
0.52335261458,0.436501359095,-0.0196814889985
0.522465002732,0.439299251316,-0.0155406518618
0.525367492984,0.452929768279,-0.0238465555509
0.525802420851,0.46115807973,-0.0242562724425
0.52514773515,0.468422854513,-0.0246789025291
0.525435849717,0.476837781901,-0.0275831241457
0.523533766372,0.480759122676,-0.0234010013789
0.526714481307,0.497182030491,-0.0349491081964
0.522789273472,0.495458639016,-0.0284551514065
0.52408992661,0.505576052063,-0.0329081128764
0.524062115618,0.512583916276,-0.0330896185466
0.522227156813,0.515060801495,-0.0266764321095
0.52490487836,0.53005813093,-0.0351518623893
0.522723808284,0.530688623913,-0.0272489730954
0.524653849102,0.542512491314,-0.0362184419926
0.524714195967,0.548217753728,-0.0373075925996
0.526628190976,0.560466267148,-0.0450149862485
0.527194706075,0.570260103947,-0.0460856004817
0.528259871266,0.58335764669,-0.0515469278236
0.527616296328,0.5934860209,-0.0550139684913
0.526874243939,0.604799052297,-0.0536554521926
0.525661558246,0.616666186457,-0.0542701664295
0.523180954167,0.639217477446,-0.0534763669188
0.521689195599,0.647122737194,-0.0522425358118
0.522701692659,0.663769511149,-0.056973506823
0.521408023254,0.674454003184,-0.0549011899579
0.52099468765,0.686767772221,-0.0547791681033
0.522071860663,0.70403794986,-0.060418051301
0.521351580268,0.714846043597,-0.05943524063
0.52233189632,0.74512582677,-0.0650088157374
0.520063977175,0.751297614172,-0.0594373410091
0.519622814288,0.761156593949,-0.0584628613836
0.520309411917,0.835233694293,-0.0673745694206
0.514986169175,0.885476043833,-0.0645468018942
0.515503741792,0.894260412947,-0.0699046236701
0.513961914882,0.894242641875,-0.0690125028191
0.513126560717,0.897730064915,-0.0714894070874
0.511217163616,0.897203712661,-0.0694491061566
0.51096657715,0.902684419492,-0.0735194777412
0.509121221976,0.904056033277,-0.0740091351113
0.489348039303,0.906494031357,-0.0765296034143
0.478071479181,0.912492508354,-0.0819492519624
0.471059878874,0.90144640958,-0.0717349382857
0.469205981495,0.912488086808,-0.0816273644096
0.465356881861,0.914302550384,-0.0831983394337
0.454478542884,0.911440653326,-0.0804570303168
0.408033920854,0.922279471475,-0.0951539138234
0.387409557647,0.889623778078,-0.0717790099201
0.372111479684,0.940379312286,-0.116780323625
0.36314875857,0.893288685818,-0.0738467904016
0.364030752812,0.898817969031,-0.0790915191416
0.361094366695,0.898126078181,-0.0762155501353
0.357376120363,0.898875187315,-0.0770253310957
0.353521780231,0.897871973052,-0.0758816925226
0.350565768045,0.914749480385,-0.0909408564659
0.344707068236,0.920145176661,-0.0971738551436
0.337762298074,0.912925192191,-0.0921773417412
0.330999317112,0.908187632154,-0.088745911611
0.322297903511,0.90435690567,-0.0872096989385
0.319338509287,0.907246026398,-0.0901300842441
0.316847972588,0.91090933683,-0.0937489626498
0.308615506523,0.904292690748,-0.0870723736913
0.27799963404,0.917969001519,-0.0985164125623
0.271906196361,0.91452547015,-0.094601412848
0.266621674839,0.912955701786,-0.0922632428199
0.248518910685,0.91967468346,-0.0989271589007
0.243846732248,0.930262987884,-0.109221370876
0.219790226302,0.91433064852,-0.0959298885322
0.242341535948,1.37776661751,-0.518554735722
0.196627013284,0.927218780197,-0.109739989518
0.188751142952,0.920467500317,-0.103505923886
0.181071158203,0.92119631779,-0.10419242831
0.166493512276,0.919309628054,-0.10232576014
0.152810877808,0.919030100058,-0.102514236881
0.146067766332,0.91841825295,-0.102536795535
0.139351440067,0.911590444512,-0.0969398387306
0.133001028252,0.910239181916,-0.0961268847384
0.12035322488,0.911041160507,-0.0968032060549
0.114416619768,0.919667610309,-0.104317963904
0.108343834587,0.91265036989,-0.0974600275028
0.102792003719,0.911234857901,-0.095742670236
0.0975619008086,0.91648508597,-0.100184737328
0.0920839228368,0.918816717803,-0.101753839913
0.0871192346225,0.912894292782,-0.0963597145944
0.0634544218301,0.918596548808,-0.101388935416
0.0570072187581,0.915907018599,-0.09959064673
0.0499790539529,0.915674044738,-0.100031464599
0.0432363828164,0.915327614027,-0.100691647417
0.0360750321256,0.916849677483,-0.102689152765
0.0293120821578,0.9130310627,-0.100202485845
0.0227762606402,0.912743891273,-0.101151852207
0.0110566493336,0.908120922141,-0.0987327460963
0.00683183124196,0.898958235475,-0.0914238459009
-0.00164489621777,0.890101890745,-0.0894591611853
-0.00298509667539,0.878255953705,-0.0817391886686
-0.00885725094606,0.857629774693,-0.0836646621921
-0.00976995398921,0.821647101608,-0.0812704241602
-0.00974565981651,0.806047770621,-0.079617902534
-0.0114253309897,0.725833359528,-0.0690215069652
-0.0116717086588,0.717149516098,-0.072434825848
-0.0116078017911,0.707348597345,-0.0749425573736
-0.00938482450606,0.676819025322,-0.06961659036
-0.00755461983429,0.660690402412,-0.0651983500366
-0.00658595941838,0.648724136217,-0.066210163169
-0.00509303362173,0.632762013442,-0.0632105914379
-0.00233433314712,0.605781313456,-0.0614007032589
-0.00501302570519,0.622315461791,-0.0978385179935
-0.000498795532295,0.583933725987,-0.0651412719288
0.000753175645031,0.569911031671,-0.0621944726755
0.00153381780475,0.555110686776,-0.0584852564171
0.00224016711064,0.545716818109,-0.0608232838139
0.00331734098862,0.531826847894,-0.0573036810858
0.00405464117175,0.519464582891,-0.0554939855908
0.00532230937675,0.508725858866,-0.0548058203386
0.00633976322722,0.499214936453,-0.0548086200528
0.00692329652684,0.490365299623,-0.0556795393455
0.00772802848414,0.480639040395,-0.0536402258996
0.00790517726691,0.471329825052,-0.0517482038278
0.00778307585211,0.463648494727,-0.0514572121955
0.00718465940352,0.453947130407,-0.0508179591393
0.00661725966338,0.443710316395,-0.0505481372128
0.00614614936532,0.432500930845,-0.0499896866966
0.00569953313946,0.423732363739,-0.0520035929551
0.00600447397215,0.406170071129,-0.0418963564498
0.00556849844587,0.399301457388,-0.0448742814466
0.00553205488235,0.386666129237,-0.0386556931553
0.00520047390974,0.380656960948,-0.0407069985158
0.00426227596426,0.374685120019,-0.0425240540451
0.00374001720079,0.367248627857,-0.0425187261175
0.00330266464702,0.356399624914,-0.0388202867855
0.00270314296769,0.346519787407,-0.0378215813269
0.00146002644146,0.340714492183,-0.0413665109284
0.00147189908315,0.32454848665,-0.0297737094663
-0.000467440832416,0.325147977265,-0.0408815400041
-0.000680784222039,0.310304821433,-0.0303448332451
-0.00191735756663,0.306194213741,-0.0353534014593
-0.00248727255339,0.297164049116,-0.0324738750335
-0.00281156342766,0.290007217249,-0.0318423525908
-0.00343839613745,0.283010300762,-0.032840145963
-0.0040053147049,0.275729676743,-0.0329788928526
-0.00468219047603,0.266705024003,-0.0305798689628
-0.00493600001377,0.257226802751,-0.0278558907637
-0.00595373322665,0.249866601576,-0.0285003976318
-0.00679536460574,0.244595055261,-0.0313158927809
-0.00689171403641,0.238145204537,-0.0305435185307
-0.00619406355585,0.22858373309,-0.0260520355141
-0.00524352632036,0.221193160598,-0.0241002006031
-0.00529470272522,0.216763659647,-0.0264125463298
-0.00518711102772,0.209445987597,-0.0243513164961
-0.00529551585277,0.20406963073,-0.0235551405571
-0.00503400628879,0.201427247524,-0.0245175454029
-0.00437221340233,0.197356445218,-0.020920979298
-0.00413577176496,0.196550530112,-0.0207787039944
-0.00414265592141,0.196376569608,-0.0204488302042
-0.00424521192171,0.197330044827,-0.0217591241256
-0.00523531121837,0.202968510065,-0.0268185190694
-0.0050777904214,0.207050560789,-0.024695437273
-0.00495379768016,0.213630376458,-0.0249053900374
-0.00476564110956,0.22134425121,-0.0263603852374
-0.00393400969295,0.229203121897,-0.0255780851465
-0.00281489902365,0.242675172525,-0.0316654961469
-0.00114233753352,0.256238956657,-0.0345168713025
0.000393800544637,0.272630186299,-0.0410565474518
0.00231968598556,0.283319596981,-0.0399644428645
0.00405017226722,0.297466847558,-0.0414050534925
0.00647793145511,0.326732520191,-0.0439669068642
0.00726993547459,0.338411275559,-0.0427674869529
0.00733675262167,0.350741756055,-0.0406510965842
0.00639725517399,0.368651816611,-0.0473772213832
0.00552675847938,0.380373363407,-0.0471780019251
0.00502303507815,0.393484597494,-0.047864721882
0.00473690929898,0.406443181121,-0.0487489974137
0.00512648575295,0.414362469373,-0.043693397491
0.00525255202756,0.435404842086,-0.0542259568428
0.00679396554366,0.442833414018,-0.0500502531471
0.00784741305389,0.461962829638,-0.0544006495166
0.00890396897269,0.479932328651,-0.0571692069906
0.00976022474112,0.497793908644,-0.0598227633533
0.0130026582139,0.521438978044,-0.0517546064514
0.0131085533572,0.548598341985,-0.0666270049504
0.0141629112493,0.554056207792,-0.057192188931
0.0119461844083,0.686566661165,-0.0685915360187
0.0100088622338,0.772658998322,-0.0720793629819
0.00976884548535,0.832784328952,-0.0833436878539
0.00940551397372,0.856866451837,-0.0863164128184
0.00707162017597,0.890440238285,-0.0937696988566
0.00684149653701,0.882778893014,-0.0783037180076
0.00333708727307,0.901262841989,-0.0823252189464
0.000597472821856,0.919139066795,-0.0931919126412
-0.00206166456538,0.912628740809,-0.0848801664533
-0.00401381309699,0.91694666118,-0.0887397795224
-0.00402364771236,0.916771538401,-0.0890437608946
-0.00283522598932,0.913318149073,-0.0866057127695
-0.00284514278349,0.918886261476,-0.0926847012658
-0.00280913720331,0.919154585359,-0.0931594117481
-0.00308329141172,0.922359594826,-0.0959034138964
-0.00283182727511,0.919220853506,-0.0930767654201
-0.00275252519421,0.917456119789,-0.0913177448664
-0.00284128024881,0.917539560852,-0.0915625451835
-0.00216536589959,0.915714949483,-0.0908045892629
-0.00161276193149,0.912962301841,-0.0902832856391
-0.00195581651795,0.907505948069,-0.0869611497084
-0.00218520080821,0.9060168532,-0.0853734538293
-0.0022231617586,0.906794156312,-0.0860454911594
-0.00124521453059,0.898947978435,-0.0793514062444
-0.00138310374066,0.90468283608,-0.0845515677628
-0.00156145557401,0.905695295736,-0.0849167332214
-0.00539804285218,0.921807041132,-0.0982496996525
-0.0113182658411,0.920743350575,-0.0953727873111
-0.0181569147403,0.922528135009,-0.0965178787194
-0.0235350942654,0.918087700726,-0.0931247429227
-0.0303535339378,0.929201357411,-0.105270393428
-0.0319010967248,0.909745886608,-0.0919744044164
-0.0315493770007,0.904317800218,-0.0871537128376
-0.0324003734788,0.913050507449,-0.0951269782197
-0.0326307265845,0.915241093492,-0.0970436591253
-0.0322200438439,0.910454853471,-0.0925086766656
-0.0322283111813,0.910907470165,-0.0930731558735
-0.0314876243579,0.905262584783,-0.0877149719804
-0.0320417240008,0.910916601775,-0.0928555588783
-0.0315848984705,0.906173354258,-0.0884379947681
-0.0307031291817,0.904177871684,-0.0877247763972
-0.0297600464666,0.896934965968,-0.0813964459284
-0.0303299292866,0.903052720061,-0.0868305605767
-0.0302302767847,0.901382349702,-0.0854999541801
-0.030098814835,0.900905854063,-0.0849838239325
-0.0300644195218,0.898945412649,-0.0831552639095
-0.0290136928395,0.884758729512,-0.0703842987715
-0.029111816727,0.886387371996,-0.0720068959402
-0.0277148788235,0.867560545691,-0.0549233771443
-0.0279027708286,0.86596905501,-0.0538881097931
-0.0298983905813,0.87127383056,-0.0581225565959
-0.0330435728582,0.875787925737,-0.0609629869053
-0.0370969961419,0.874160678297,-0.0587710933135
-0.0423627044539,0.881205504058,-0.0647714770616
-0.0480958213121,0.886955298336,-0.0684753802055
-0.054175151092,0.888737893441,-0.0676219169203
-0.0641456046925,0.920039841638,-0.0940363712801
-0.0717450776681,0.921062895787,-0.0928875932712
-0.0808784370943,0.930890650984,-0.100487642243
-0.0862618516117,0.910737613676,-0.082464927482
-0.102208650509,0.934739561104,-0.0962958212083
-0.115065185956,0.945645403869,-0.104945458894
-0.145112928892,0.928466862381,-0.0942616299462
-0.154091564673,0.925363110963,-0.0974586090344
-0.159289675701,0.920557990643,-0.095896604455
-0.167347017639,0.925405799189,-0.100519675427
-0.207241315554,0.93664687873,-0.115427915813
-0.2176008962,0.934835782504,-0.115042211108
-0.228033896738,0.931256931231,-0.113599401988
-0.237649713197,0.924760766115,-0.109014776537
-0.24577009281,0.913230344507,-0.0999181561519
-0.256940731577,0.914509935656,-0.102874254193
-0.26753024006,0.913240990214,-0.103438260975
-0.280117197043,0.92061787888,-0.11182073725
-0.285816424814,0.902620980828,-0.0969677095794
-0.301347930244,0.891938788995,-0.0902330258506
-0.315813412087,0.889351543774,-0.0899941208734
-0.320529277519,0.883058854757,-0.085331967609
-0.332116241518,0.884919585278,-0.0879721087773
-0.33463824973,0.876300152452,-0.0803636773588
-0.341764182186,0.868571612772,-0.074260506422
-0.355805559453,0.884649166745,-0.0892421855513
-0.357701103244,0.871621457846,-0.0770716489888
-0.364913883935,0.873825684471,-0.0793067720393
-0.371709372335,0.874204890861,-0.0794581703066
-0.378162738471,0.872402913897,-0.0778745863692
-0.394577248956,0.882300199084,-0.0866037686928
-0.397889916172,0.872532070717,-0.0781059660481
-0.408919719844,0.88990916961,-0.0948281635575
-0.414887786327,0.872984487231,-0.080038595268
-0.419435174495,0.871359602885,-0.0789610078577
-0.423688984586,0.866406056946,-0.0752192731464
-0.43045344667,0.86800196331,-0.077508478771
-0.437838856668,0.871358185233,-0.081089452695
-0.44546456245,0.874070980469,-0.0844821357671
-0.449991011313,0.86653120567,-0.0789058525939
-0.453815354778,0.859283960488,-0.0725622135898
-0.461057750097,0.860715340306,-0.0741467128202
-0.471986223049,0.856210182407,-0.0708996442763
-0.476345589929,0.854698427881,-0.0698176615143
-0.484542700969,0.866315435451,-0.0804527180767
-0.49075178898,0.871805372355,-0.0854422215705
-0.495282011652,0.876261627817,-0.0893593731299
-0.494916684794,0.866627516287,-0.0798713705362
-0.501164813663,0.872014997581,-0.0852938859276
-0.493858545894,0.839438472096,-0.0558085595837
-0.498281117092,0.840190199466,-0.0564838763716
-0.513557261044,0.858226667329,-0.0717758642043
-0.517040235991,0.856835336501,-0.0696533661311
-0.519655042537,0.854067102507,-0.0665332988311
-0.522965346681,0.853285458125,-0.0650795005412
-0.527212525503,0.856720920798,-0.0681410955224
-0.529716275344,0.8557045457,-0.0674507940816
-0.532464221931,0.855129876554,-0.0666322454626
-0.496013823756,0.755007832219,0.026460895409
-0.532456879739,0.845265805188,-0.0579228610334
-0.533044192261,0.84674419558,-0.059455164765
-0.533815415876,0.848847667715,-0.0612047253334
-0.53540806867,0.852802608611,-0.064777012833
-0.534413731213,0.850425222452,-0.0626341999242
-0.533837791864,0.849049861118,-0.0614269920187
-0.534366625278,0.849962168903,-0.0621890218597
-0.529995867058,0.838538541854,-0.051572507165
-0.533749625741,0.849354992776,-0.061446054922
-0.532987458126,0.847973708672,-0.0599705354229
-0.533752971319,0.849657276254,-0.061355710123
-0.529821755015,0.839060052221,-0.0513883732751
-0.528240722326,0.835552146064,-0.0479685437414
-0.528115685626,0.834901727139,-0.0474108067917
-0.529687807015,0.838451595837,-0.0511400416786
-0.530712395907,0.842477780905,-0.0545100012836
-0.528903309627,0.837336129262,-0.0496476129584
-0.532494594632,0.846111972512,-0.0580697406437
-0.532895137353,0.847745128893,-0.0593851666212
-0.534367938174,0.851259904492,-0.0625898640259
-0.533663660389,0.849860751277,-0.0612010767589
-0.535018571246,0.852712617106,-0.0640019854338
-0.535180070124,0.85355235092,-0.0645489315588
-0.533618529161,0.849648371996,-0.0610355522179
-0.532729763686,0.847770416521,-0.0592571966754
-0.529995220547,0.839369663084,-0.0517336132587
-0.532783303259,0.846668151423,-0.0582739935194
-0.53003151018,0.839712316196,-0.0520411295307
-0.533491343576,0.849555017717,-0.060916469182
-0.532972063122,0.847734155144,-0.059403321669
-0.53392379847,0.8506060462,-0.0619894800262
-0.538521289067,0.861913260027,-0.0723294364858
-0.534274882658,0.851311316359,-0.0626179266868
-0.532127903126,0.846096619898,-0.0575983800829
-0.535702261239,0.854123566744,-0.064494719951
-0.537293819675,0.857819122254,-0.0674702406384
-0.539633084885,0.86270635811,-0.0716805755171
-0.542633668298,0.857260011972,-0.0668814299198
-0.543563815414,0.851487599969,-0.0609983036597
-0.542222782917,0.842275011698,-0.0523398462347
-0.545477009828,0.845793108247,-0.0557104777535
-0.543308055364,0.839073872737,-0.0498116283487
-0.546758738318,0.845566027262,-0.0560773532564
-0.545061498917,0.842396997073,-0.0532366752927
-0.54492385734,0.841737853339,-0.0528103226153
-0.54532649843,0.842847660374,-0.0540897475141
-0.545249120124,0.841496318596,-0.0541663407909
-0.544911479361,0.838645455238,-0.0536189249514
-0.543457044446,0.834268277795,-0.0523889245303
-0.54541851045,0.837427249775,-0.0581567108093
-0.543856886577,0.83052756113,-0.0553740428281
-0.543190762544,0.825519962187,-0.054522649817
-0.54708880498,0.826988440505,-0.0640545249877
-0.538855565548,0.799331919366,-0.0426869913167
-0.54387310317,0.796674995374,-0.0500435327531
-0.545036449711,0.793553449284,-0.0519355610236
-0.544495160072,0.784494789972,-0.0482317919646
-0.548058068022,0.789640889397,-0.0584984025448
-0.546566962976,0.781477688892,-0.0568089514733
-0.542270884435,0.766291404451,-0.048041860269
-0.541950412077,0.758515328434,-0.0471264969647
-0.542115003012,0.749750741663,-0.0457883596062
-0.54020902185,0.738009939357,-0.0414168184515
-0.548174562357,0.738810462511,-0.0605307365834
-0.548129589723,0.730817022788,-0.0635477094764
-0.547632628359,0.723906382424,-0.0679609550117
-0.544225811146,0.712582267277,-0.0682064677691
-0.533078867653,0.676930409972,-0.0558989386266
-0.527615749971,0.6597241388,-0.0491936129817
-0.522717196222,0.640975666749,-0.041546564794
-0.524234912496,0.635091490768,-0.0461489019503
-0.521685625253,0.619393673392,-0.0415742304143
-0.519726794597,0.605067152152,-0.0371342186655
-0.523693079172,0.602494854638,-0.0447824766571
-0.519980470783,0.584454287085,-0.0356533252025
-0.519865716284,0.571403182957,-0.032439003253
-0.523857133744,0.569212592063,-0.038853444296
-0.522190876517,0.556792565761,-0.0338212124299
-0.521479751237,0.545054514544,-0.0296749584062
-0.523418351877,0.538613658741,-0.0317917237818
-0.520770124504,0.524705750343,-0.0250247094487
-0.520621947908,0.515367649833,-0.0234106705134
-0.521809783818,0.507853961636,-0.024553021199
-0.519971611716,0.495347951725,-0.0196819105646
-0.518844397114,0.484055730305,-0.0169290423294
-0.51799062377,0.472712939937,-0.0143372530552
-0.522857512246,0.47184799641,-0.0237995130245
-0.519409916035,0.455132107741,-0.0150108461755
-0.517955884234,0.441953897253,-0.0111780226197
-0.520394847715,0.43559114285,-0.0154249765409
-0.520938203398,0.42623067097,-0.0165238041006
-0.515880142638,0.407066479922,-0.00569466757251
-0.514573373294,0.394499974927,-0.00149779503622
-0.52033525453,0.390163742164,-0.00626268899288
-0.517778463136,0.375591426219,0.000450634169195
-0.519454592059,0.36739783972,-0.00119746707823
-0.518941669467,0.354693113613,0.00264676847458
-0.52036918162,0.34569264608,0.00120737154445
-0.518386847106,0.331537436858,0.00599372320542
-0.51777491904,0.318825107953,0.00831255287203
-0.519844628449,0.311658594679,0.00357963555743
-0.519209700278,0.30127416737,0.00284736812328
-0.516672190427,0.287729606628,0.00740174935074
-0.517817590886,0.279734101622,0.0047758067933
-0.514282103057,0.266169720057,0.0108780509665
-0.513341522496,0.256027299251,0.0134535159114
-0.513669594258,0.247361472392,0.0148645080407
-0.514670223073,0.240889880457,0.0140584466009
-0.515074662864,0.234150977567,0.014584607628
-0.514769716345,0.227442881612,0.0167785166424
-0.513672074011,0.221055296042,0.0186498805398
-0.513843171347,0.218006299087,0.0175146589746
-0.513318139761,0.214058966768,0.017848771775
-0.511730090408,0.208614608606,0.0211252392576
-0.512765492088,0.206099007333,0.0198025583059
-0.511171371042,0.200058626617,0.0237056124799
-0.511052457619,0.196351124047,0.0240803286395
-0.512638001114,0.195273485078,0.0203123353476
-0.511987908848,0.191437959631,0.0212770043258
-0.51198275087,0.187916953053,0.021121381935
-0.513117543621,0.185643764041,0.0191148667235
-0.510834189751,0.178186535126,0.0250941776756
-0.514948837342,0.178667194869,0.017833805555
-0.512181801052,0.170325470871,0.0248127395347
-0.513717153651,0.166996851711,0.0239044183504
-0.51633655904,0.165299208036,0.0210552456045
-0.51542067985,0.158426753854,0.0260279431458
-0.516906419183,0.155201242669,0.025263036247
-0.517431551823,0.151685958369,0.0252851952607
-0.51746855354,0.148435184739,0.0256684518959
-0.517390383082,0.145997316946,0.0256535024216
-0.516750685844,0.14375014956,0.0256260631052
-0.514404447084,0.139620720155,0.0294262715363
-0.514776896045,0.13952492338,0.027431129409
-0.514483725467,0.13886132309,0.0269714434404
-0.514637173312,0.139077617182,0.0254328963461
-0.514333206891,0.13889494635,0.0253662823709
-0.514458390179,0.139242508759,0.0247753553456
-0.514082346074,0.138735990417,0.0256506261427
-0.513862531572,0.138529016925,0.0264376062849
-0.514787687312,0.139440048277,0.0245580289336
-0.515707020741,0.14051642602,0.0222477475573
-0.515457767344,0.140292549946,0.0228132079323
-0.51577048928,0.140570227071,0.0222828930354
-0.515724300313,0.140687951983,0.0222549089834
-0.515355039251,0.140168016908,0.0230153724521
-0.515065211527,0.139828543078,0.0234628470259
-0.514611004241,0.139277157405,0.0244827992946
-0.514922664417,0.139627552173,0.0238705060359
-0.515428766487,0.140243071866,0.0229090717032
-0.51457977891,0.139262500382,0.0244985554099
-0.514981182783,0.139685564945,0.0238037220868
-0.514279199413,0.138952262474,0.0249623884025
-0.51433367466,0.139004883101,0.0248661084156
-0.514996360866,0.139813974784,0.0235679257311
-0.514965365563,0.139612629358,0.0237343261062
-0.514236140587,0.138922103375,0.0249189208548
-0.515525241837,0.14053072294,0.0222332514058
-0.514808515641,0.139638714544,0.02385634149
-0.515268090156,0.140220157986,0.0227367540555
-0.514942296605,0.139672845621,0.0236899193177
-0.514904304437,0.139698599069,0.0236699418422
-0.514934071394,0.139757814777,0.0235992281348
-0.51462294046,0.1391663505,0.0246577753581
-0.514236202066,0.138797562838,0.0250959239232
-0.514402945782,0.139036759471,0.0248044331499
-0.514505853012,0.139147046578,0.0244838196113
-0.513755403523,0.138204046447,0.0259522164684
-0.513420929067,0.137899763015,0.0267214159378
-0.513456636167,0.137842198906,0.0269521029573
-0.513737156369,0.138140248429,0.0263329426553
-0.513036272584,0.137281999094,0.0278537285651
-0.512817757192,0.137006255141,0.0282324053574
-0.512907757951,0.137142447037,0.028099994066
-0.512922918859,0.137187100999,0.0281353851731
-0.512586248519,0.136684598402,0.0288724770025
-0.51139481588,0.135328164173,0.0313130232535
-0.511441339854,0.135657069159,0.0309504940963
-0.510904437596,0.134739622604,0.0324635826996
-0.511281675348,0.135217717316,0.0314111406049
-0.511102505256,0.135049682537,0.0318804306698
-0.511059065565,0.13493269359,0.0319971460958
-0.511225101226,0.135341507786,0.0313327650713
-0.51133464399,0.135349284903,0.0312105273276
-0.512886846369,0.137225243081,0.0280308350123
-0.512098265259,0.136374640202,0.0294626183047
-0.511604606118,0.135814471323,0.030574354276
-0.511371015258,0.135239755789,0.0314282271224
-0.512024443998,0.136045447839,0.0300997339176
-0.511598216645,0.135665246819,0.0307140800428
-0.511434033064,0.135394843746,0.0310085577649
-0.510432743812,0.133896166232,0.033375534241
-0.510851495745,0.134459891371,0.0321628641318
-0.509468980255,0.132895674502,0.0351853515769
-0.507716472925,0.130901292156,0.0385987848137
-0.507628461807,0.13068973968,0.0388479900926
