0.0622421978305,-0.44210267492,0.755714570802,0.920077872974,-0.0084579695746,0.00409551207882,-0.391622774102
0.0615011000206,-0.442336520975,0.755466183489,0.920000218182,-0.00844023742985,0.00452725508069,-0.39180079747
0.0613059417384,-0.443121452831,0.75487803442,0.91978349424,-0.00836197042812,0.00464096208355,-0.392309651482
0.0611974008627,-0.443024993578,0.755166229969,0.919833462687,-0.0082708255375,0.00471993057083,-0.392193468357
0.0614963925894,-0.442772744045,0.755525345941,0.919923404374,-0.00823477515036,0.00455883062822,-0.39198512169
0.061484330041,-0.442203525451,0.756039879713,0.920090217514,-0.00828092586245,0.00457052038005,-0.3915922985
0.0618583147378,-0.442527671245,0.755476729313,0.919968263036,-0.00833621111616,0.0043361955565,-0.391880211289
0.0620149705397,-0.44271917534,0.755209400537,0.919901748405,-0.00830535597819,0.00424353822243,-0.392037991434
0.0624435666368,-0.442965691578,0.754847587595,0.919816150282,-0.00828795129198,0.00398909692966,-0.392241821648
0.0618622000258,-0.443067587046,0.754669315046,0.919773274275,-0.008296933457,0.00432384890568,-0.392338615428
0.0623883028189,-0.443077049225,0.754771181691,0.919789533083,-0.00838797102145,0.0040053638831,-0.392301942174
0.0619285683097,-0.442880493779,0.755082149287,0.919859770864,-0.00837428364515,0.00428131513599,-0.392134598907
0.062759111371,-0.442949602902,0.755093273401,0.919853537374,-0.00843516309032,0.00379003564316,-0.392152971981
0.062198334865,-0.442873366605,0.755086517779,0.919865888545,-0.00844697524315,0.0041129985889,-0.392120490338
0.0626787524048,-0.442459649091,0.755330599259,0.919973595115,-0.00843506422574,0.00383922644543,-0.39187076227
0.0625174402768,-0.442591359479,0.755265747218,0.919937575479,-0.00838688159456,0.00394075844435,-0.391955339117
0.06248569879,-0.442808327358,0.755006709837,0.919865375217,-0.00831105660971,0.00396630966475,-0.392126110074
0.062625111699,-0.443259354579,0.754695010729,0.91974675415,-0.00841881493446,0.00387075807718,-0.392402916678
0.0623138732443,-0.442968326828,0.75481376643,0.919812940082,-0.00839465507118,0.00405042396217,-0.392246451979
0.062607975577,-0.442667398921,0.75521051686,0.919916285228,-0.00844639508955,0.00388224926805,-0.392004610589
0.0621733328026,-0.442832793099,0.754931923599,0.919849343503,-0.00836414568906,0.00413364701369,-0.392160858943
0.061593512203,-0.443015192797,0.755094382454,0.9198317574,-0.00828785896574,0.00448667042568,-0.392199846074
0.0611482644786,-0.442947906678,0.755218471871,0.919852192574,-0.00822050638205,0.00475779193027,-0.392150137712
0.0614177489332,-0.442863143337,0.75539304285,0.919892149177,-0.00831391847701,0.00459240024569,-0.392056402196
0.0619987046948,-0.442308345226,0.755930439575,0.920063559146,-0.00843108076726,0.00424897838608,-0.391655346179
0.0622362502701,-0.442470727428,0.755675728485,0.920012269538,-0.00858122340823,0.00409195883733,-0.391774223727
0.0618003231755,-0.44252848371,0.755688334569,0.91999758773,-0.00840786776167,0.0043698844548,-0.391809456804
0.0615574308019,-0.443262615505,0.754897848822,0.919763252221,-0.0082977301656,0.00450972269779,-0.392360000432
0.0609958685769,-0.443232961669,0.75519771745,0.919792685244,-0.00816223384226,0.00484934344524,-0.392289788268
0.061230408104,-0.443238909447,0.755230622374,0.919794751322,-0.00813073300365,0.00472073228655,-0.392287166893
0.0614283243379,-0.442813620378,0.755501693784,0.919907303844,-0.00810998460584,0.00461611525607,-0.392024835902
0.0622882731887,-0.442980310821,0.75513375153,0.919842003538,-0.00818836692678,0.00410488378683,-0.392182086668
0.062209825787,-0.44289458893,0.755123746381,0.919859574047,-0.00830436922118,0.0041329092593,-0.392138139622
0.0624457579879,-0.443018720061,0.754941464116,0.919819862656,-0.00849998980046,0.00396914817488,-0.392228780559
0.0626064118893,-0.442777699608,0.755012011093,0.91987606316,-0.00851850410618,0.00387322345839,-0.39209751549
0.0627508941868,-0.442798761128,0.755083037484,0.919879507998,-0.00842593976284,0.00379815116184,-0.392092168186
0.0624595288994,-0.442814205968,0.755355302627,0.919902754014,-0.00820501908674,0.00399490105783,-0.392040357088
0.0617109287988,-0.442923147505,0.755418991117,0.91988416413,-0.00825937540731,0.00442721104852,-0.392078190037
0.0613857215138,-0.443287083164,0.755037496299,0.919769451117,-0.00827948724327,0.00460975607986,-0.392344691606
0.0621078625278,-0.442890437602,0.755103249475,0.91985974534,-0.00846546071986,0.00417309569019,-0.392133867639
0.0623714974637,-0.442622858165,0.755149273601,0.919917555296,-0.00844643963787,0.00401816930329,-0.392000259478
0.0622993525653,-0.441979667943,0.755585456077,0.920090146633,-0.00857821321847,0.00404633576483,-0.391591832772
0.0617070826117,-0.442082718957,0.755675114408,0.920073948871,-0.00844775471898,0.00440362664035,-0.391628870389
0.0619779546733,-0.442285120695,0.755775043312,0.920044723026,-0.00832023737006,0.00426726418794,-0.391701763767
0.0622463208966,-0.442646481174,0.755535736693,0.919950878826,-0.00832067735424,0.00411291197787,-0.3919237564
0.0624510279171,-0.442880605961,0.75528101636,0.919878970276,-0.00838256298579,0.00398789999039,-0.392092475489
0.0625541092071,-0.443258308381,0.754800447996,0.919757674509,-0.00855027432872,0.00390276830276,-0.392374159941
0.0623517423606,-0.443225628825,0.754818152999,0.919762110751,-0.00837846881118,0.00403704672482,-0.392366108554
0.062237153134,-0.44297526674,0.75499609827,0.919829987595,-0.00832806131218,0.00410740318843,-0.392207300486
0.0617837351588,-0.442908441957,0.755095110244,0.919847351467,-0.0081592254112,0.00438842955272,-0.392167080114
0.0619586492396,-0.442795123078,0.755197879609,0.919883031535,-0.00832761045072,0.00426976357763,-0.392081150168
0.0617441447497,-0.443241923864,0.754635574326,0.919732100361,-0.00835833830675,0.0043834595118,-0.392433162498
0.0622864422929,-0.442838270686,0.754883715213,0.919843044108,-0.00834713288335,0.00407061843957,-0.392176656169
0.0623536382181,-0.442896506201,0.754604014915,0.919800592321,-0.00828652066032,0.00403192202832,-0.392277895816
0.0624019285965,-0.442795814855,0.754951506218,0.919860972182,-0.00833257532567,0.00400419691455,-0.392135597023
0.0620267209282,-0.442973268821,0.754771037572,0.91980276476,-0.00838515585013,0.00421275541895,-0.392268805532
0.0623802510969,-0.442770583035,0.755115941532,0.919884021181,-0.00838491519093,0.00402267971388,-0.39208021988
0.0627025744931,-0.442643267526,0.75511940758,0.91991352531,-0.00841322579107,0.0038315258421,-0.392012299542
0.0629574600809,-0.442481094407,0.755293009928,0.919964284742,-0.00845228404761,0.00368278832409,-0.391893749329
0.062243674178,-0.44281535501,0.755078337977,0.91987171431,-0.00847543836773,0.00408021779981,-0.392106551819
0.0620624820681,-0.442543928801,0.755225865821,0.919937050225,-0.0084575547923,0.00418628755025,-0.391952507819
0.0611870402541,-0.442564206741,0.755354308659,0.919944688714,-0.00838960560277,0.004707092356,-0.391930130899
0.0616331528306,-0.442171659461,0.755636677192,0.920054019381,-0.00832627556516,0.00446382569846,-0.391677608265
0.0614328635026,-0.44257122578,0.755500463992,0.919960234444,-0.00823575163481,0.00459226407228,-0.391898265558
0.0623246730584,-0.442784212194,0.755225131042,0.919892854879,-0.00826747841528,0.00406879251818,-0.392061512101
0.062624098257,-0.442699294934,0.755094141269,0.919893425826,-0.00827232363365,0.00388872917094,-0.392061897625
0.0629483224882,-0.442705113754,0.754773379324,0.919856715844,-0.0083358759322,0.00368706304778,-0.392148621131
0.0626619737766,-0.4424748642,0.755047771134,0.919932481041,-0.00834914145626,0.00384962746511,-0.391969007104
0.0622463808344,-0.442760579965,0.755329749531,0.919909549922,-0.00844943735568,0.004090150081,-0.392018236365
0.0623470895636,-0.442364478203,0.755860598613,0.920046648492,-0.00840977369351,0.00404906783438,-0.391697645326
0.0621958322315,-0.4426418006,0.755573058893,0.919954594,-0.00831230647698,0.00414765584881,-0.391914847245
0.0623278666923,-0.442594496865,0.755166989274,0.919916577078,-0.00818676924006,0.00407424921541,-0.392007485286
0.0617289155114,-0.442781479675,0.754960650201,0.919853354528,-0.00818848071126,0.00440995614423,-0.392152148068
0.0618536218991,-0.442877756522,0.754795546603,0.919819241941,-0.00822332745103,0.00432622472047,-0.392232358202
0.0619902938561,-0.442992061332,0.754806891032,0.919799304993,-0.00828994077904,0.00424420013434,-0.392278602757
0.0628554878929,-0.443298129025,0.75471483648,0.919738864398,-0.00840290584315,0.00373368072675,-0.392423077962
0.0624429862673,-0.442869055808,0.755265312569,0.919883292084,-0.00854143662826,0.00396969707077,-0.392079091906
0.0627201735928,-0.443001202694,0.755162108341,0.919848177191,-0.00852695023038,0.00380708338619,-0.392163394715
0.0621712784059,-0.442552833341,0.75531080772,0.9199489671,-0.00852352518267,0.0041320929732,-0.39192368295
0.0620674530265,-0.442569137893,0.755302384668,0.919945343182,-0.00852278541684,0.00419263173352,-0.391931562298
0.0614377606738,-0.442594105585,0.755224833383,0.919928079255,-0.00858405659234,0.00455117675236,-0.391966745733
0.0616168328457,-0.442702010251,0.755221820391,0.91990548122,-0.00846408306537,0.00445432748912,-0.392023499149
0.0619504768373,-0.443148951045,0.754737527861,0.919766538305,-0.00840723474078,0.00426014837105,-0.392352755254
0.0625426901921,-0.44255201455,0.755127604844,0.919931951052,-0.00832802624821,0.00392978283232,-0.391969904737
0.0625584579916,-0.442932214429,0.754871977574,0.919830230368,-0.00839088904258,0.00392029552318,-0.392207306875
0.0626649048494,-0.442821464303,0.755020816602,0.919867625689,-0.00829868413614,0.00386955973458,-0.392122059514
0.0625383777461,-0.44286986388,0.75521479162,0.919878785733,-0.00839713078083,0.00393285903295,-0.392093152672
0.0622495804658,-0.442360273784,0.755733663825,0.920030860389,-0.00835322546005,0.00410842214945,-0.391735319346
0.0621247676705,-0.442314894121,0.7557580914,0.920040168507,-0.0083318069377,0.00418289929713,-0.39171312549
0.0620746858569,-0.442542986301,0.755451479532,0.919962319196,-0.00831119368202,0.00421493805753,-0.391896018882
0.0623633842937,-0.442478372988,0.755334947755,0.919964763069,-0.00832011842191,0.00404234875282,-0.39189191081
0.0625404517222,-0.442384306201,0.755259257318,0.919974555188,-0.00840510101761,0.00392461903106,-0.391868306258
0.0625027255804,-0.442574039413,0.755098512859,0.919916427546,-0.0082790330074,0.00395674267153,-0.392007102143
0.0626186272014,-0.442688745217,0.754963850675,0.919882194036,-0.00832412990701,0.00388410132419,-0.392087199119
0.0628239185685,-0.442560286657,0.755131487425,0.91992940125,-0.00826806280212,0.00377853854869,-0.391978645463
0.0628449301275,-0.442514184213,0.755205932891,0.919949064276,-0.00845421716026,0.00374485652422,-0.391928847368
0.0626493094666,-0.442593181714,0.75526566541,0.919938639343,-0.0083689430221,0.00386362397125,-0.391953993533
0.0625590011251,-0.442915519598,0.75503415842,0.91985036482,-0.00843342074043,0.00390676785121,-0.392159305539
0.06266630827,-0.442818340586,0.755042706598,0.919868101404,-0.00828099654803,0.00385859945223,-0.392121425487
0.0623215431238,-0.443032124849,0.75485691441,0.919801701506,-0.00832449143547,0.00405585609965,-0.392274244351
0.062146354873,-0.44302117615,0.754780006865,0.919793624641,-0.00834689404021,0.00415003621061,-0.392291721337
0.0616261830701,-0.442800726935,0.754975053893,0.9198569802,-0.00843255307998,0.00444902365454,-0.392138029545
0.0619994261846,-0.442473071948,0.755183481651,0.919944632998,-0.00837229422084,0.00424123574161,-0.391935949904
0.0620177703862,-0.442599593138,0.755078627582,0.919907895379,-0.0083619299931,0.00422893776848,-0.392022522608
0.0618703673664,-0.44279425648,0.755097174055,0.919871521633,-0.00831400587723,0.00432401971981,-0.392107847216
0.0618937010204,-0.442880320372,0.755029907233,0.919847513201,-0.00831316748201,0.00430909796736,-0.39216434741
0.0623590465869,-0.442582861478,0.755328282217,0.91993906665,-0.00826431873363,0.0040574049072,-0.39195325251
0.0628571605117,-0.442631475815,0.755196741705,0.919917595901,-0.00825663129677,0.00376566413969,-0.392006714949
0.0626532136621,-0.442859529709,0.754937896797,0.919843299243,-0.00827865901324,0.00387134374401,-0.392179526927
0.0619135856688,-0.443228665143,0.754552818996,0.919726100369,-0.00823423388002,0.00429399778713,-0.392450836762
0.0619053928839,-0.443462140018,0.754168214509,0.919638066777,-0.00830364827081,0.00428158255926,-0.392655757135
0.0618931709825,-0.443024847954,0.754803859737,0.91979310628,-0.00833316559002,0.00429647555709,-0.392291652076
0.0621715846398,-0.442831906459,0.755107810818,0.919866837079,-0.0084454377493,0.00413343699188,-0.392118083391
0.0622534572455,-0.442883115381,0.755156781928,0.919863948675,-0.0084669676271,0.00408352794346,-0.392124917834
0.0621828969859,-0.443299983727,0.754678037818,0.919731538,-0.00840660824342,0.00413361506206,-0.392436160633
0.0620080502931,-0.443033453235,0.754862510865,0.919801219984,-0.00839132097539,0.00423024299457,-0.392272107716
0.061574543601,-0.442762093522,0.755150890516,0.919883995481,-0.00832356582299,0.00449372100944,-0.392076471598
0.0618979633338,-0.442612321329,0.755316522091,0.919933504687,-0.00843616871843,0.00429318638369,-0.391960133894
0.0619708781363,-0.442717614657,0.755168407151,0.919897519294,-0.00838891742093,0.00425967958975,-0.39204596056
0.0622253631975,-0.442803289536,0.755004147685,0.91986324301,-0.00841518016845,0.00410647298593,-0.392127448392
0.0618866221067,-0.442817365769,0.754884847245,0.919843717123,-0.00832773433563,0.00430870366299,-0.392172946521
0.0621071966206,-0.44252835786,0.755140755747,0.919932039456,-0.00840700472733,0.00417161578686,-0.391965512099
0.0617385773806,-0.442325926173,0.755585086529,0.920017505495,-0.00836594051907,0.00439479649197,-0.391763304031
0.0616437918101,-0.442715315274,0.755387206994,0.919914734573,-0.00830843665473,0.00444848308986,-0.392005181081
0.0619343006442,-0.443100586311,0.755160107972,0.919815176669,-0.00829639799131,0.00428052766305,-0.392240854109
0.0622194909199,-0.443179268869,0.755018329843,0.919788858572,-0.00847281217784,0.00410357113059,-0.39230068545
0.0624255694085,-0.442444006983,0.755333232226,0.919973921967,-0.00854941453859,0.00398360963033,-0.391866075677
0.0619288197261,-0.442308677924,0.755432992282,0.920005599565,-0.0084320947584,0.0042885931398,-0.391791021484
0.0616879228913,-0.442418662256,0.755275268316,0.919962866347,-0.00820981515992,0.00444364019555,-0.391894344869
0.0618331477443,-0.442787510712,0.755313750032,0.919894044797,-0.00826022071726,0.00435114305777,-0.392055841247
0.0621023020723,-0.442772733619,0.75530103639,0.91989954174,-0.00824879177665,0.00419861478007,-0.392044847146
0.0623375582782,-0.442631225224,0.755512935511,0.919951730982,-0.00834348205008,0.0040538777364,-0.391921886409
0.0617739006258,-0.442738395373,0.755445393235,0.919921093018,-0.00822448640497,0.00439265914376,-0.391992659357
0.0612568449138,-0.442641353099,0.755550718874,0.919950052838,-0.00830992482275,0.00468479447038,-0.391919504661
0.0616041224044,-0.442673120818,0.755339425584,0.919922998582,-0.00831917743054,0.0044805865053,-0.391985193995
0.062443014333,-0.442341085107,0.755384829693,0.919997784416,-0.00845084988681,0.0039840638455,-0.391812183375
0.0628411707555,-0.442459260936,0.755359073384,0.919972970761,-0.00849050029071,0.00374665757786,-0.391871926822
0.0627546744067,-0.442591664614,0.75525159331,0.919933299484,-0.00846485110186,0.0037994197488,-0.391965094371
0.0621696428928,-0.442917833507,0.755155665368,0.919857756427,-0.00851263009566,0.00413061145079,-0.392137961845
0.0618346649186,-0.442948000081,0.75521165213,0.919854853371,-0.00849178649472,0.00432608090575,-0.392143115859
0.0617631660569,-0.442907596816,0.755376360518,0.91988065002,-0.008503857854,0.00437256837454,-0.39208182152
0.0616690067276,-0.443134638091,0.75518161348,0.919812433319,-0.00832867742116,0.00444862534584,-0.392244732758
0.0622479945216,-0.443165244515,0.754712297649,0.91975964468,-0.00841907575892,0.00409192129006,-0.392370451692
0.0621889352005,-0.442857303853,0.754930263013,0.919845315489,-0.00838465694483,0.00412848024363,-0.392169923314
0.0625405624565,-0.442447598473,0.755035271475,0.919937410535,-0.00846495551383,0.00391266796328,-0.391954329298
0.0623461330415,-0.442558806852,0.755042653358,0.919914232298,-0.00829437427135,0.00404551819781,-0.392011023255
0.0622891519198,-0.442571499893,0.755060235977,0.919912624101,-0.00825956996217,0.00408032429233,-0.392015171234
0.062010464593,-0.442252640447,0.755419764795,0.920016652502,-0.00827103584344,0.00424768854326,-0.391768944949
0.061965941191,-0.442255035231,0.755638299886,0.920040103466,-0.00837268595174,0.00427150138215,-0.391711450459
0.061914611633,-0.442495924138,0.755401614704,0.919965882157,-0.0083736212205,0.00430119728207,-0.391885388648
0.0621601785312,-0.443157877798,0.754917627221,0.919784792124,-0.00834474298649,0.00415658294386,-0.392312406456
0.0619696597939,-0.44298775642,0.755017623408,0.919829567328,-0.00831283416003,0.00426288282552,-0.392206950076
0.0618437081495,-0.442996004456,0.7550849934,0.919834432904,-0.00833382804815,0.00433207457611,-0.392194335098
0.0618321583872,-0.44263146826,0.755436650136,0.919944471674,-0.008328660749,0.00434218825358,-0.391936152769
0.0619859782011,-0.442892110835,0.755132610833,0.919857229102,-0.0082423225211,0.00425686735027,-0.392143623266
0.0619027179415,-0.443038037386,0.755061193286,0.919820887403,-0.00823805146147,0.00430989534746,-0.392228370222
0.0620833477956,-0.443340797934,0.754624923598,0.919712225081,-0.00826859373225,0.0041973545064,-0.392483675597
0.0618759765087,-0.443184608636,0.754834057582,0.919765710746,-0.00832402228249,0.00432124590157,-0.392355801311
0.0615976352942,-0.442891989843,0.755117907777,0.919852748233,-0.00837471628551,0.00447417137278,-0.392148909837
0.0617649604941,-0.4422869855,0.755854895862,0.920053744984,-0.0084213556126,0.00437941443981,-0.391677172989
0.0618848637995,-0.442450643366,0.755631837302,0.920000246341,-0.00845220403352,0.00430293648532,-0.39180300116
0.0624583811571,-0.442481651381,0.755359867307,0.919968263766,-0.0083707520439,0.00397513558782,-0.391883302108
0.0621921488338,-0.443009261658,0.754901534543,0.919813715132,-0.00834464548311,0.00412712515159,-0.392244902051
0.0625733732564,-0.442753237705,0.755061102413,0.919882697013,-0.00842388243309,0.0038999739078,-0.392083731037
0.0627444665291,-0.443108248146,0.754707672303,0.919773350937,-0.00848401683992,0.00378805547778,-0.392339973748
0.0624325909802,-0.443383031147,0.754309940369,0.919670584737,-0.00855221160833,0.00395544982396,-0.392577673414
0.0621478886578,-0.443297713974,0.754552675483,0.919714033068,-0.00856879067067,0.00412416179094,-0.392473775549
0.0623419184557,-0.44286536482,0.754963075705,0.919846117679,-0.00858631090421,0.00401646236594,-0.392164841726
0.0626387533039,-0.442358398672,0.755499825693,0.92000862347,-0.00848495641371,0.00386751869711,-0.391787162315
0.0627388575429,-0.442737539792,0.755279020774,0.919912576551,-0.00847625226783,0.00380996359233,-0.392013378378
0.0622173989323,-0.442883895033,0.755270530443,0.919877355624,-0.00840586520701,0.00411953086362,-0.392094403819
0.0621723509183,-0.443254038263,0.754812954935,0.919753613356,-0.00849276153143,0.00411840868389,-0.392382724428
0.0622052451285,-0.443053303084,0.754897391206,0.919800505198,-0.00843929127938,0.00410292607699,-0.392274106968
0.0623967369288,-0.442948549739,0.754946406194,0.919829545729,-0.00851376556015,0.00398804298365,-0.392205581441
0.0623122465496,-0.442533579081,0.755304801905,0.919951356789,-0.00852581639834,0.00405493091615,-0.391918829775
0.061923541491,-0.442549089208,0.75532550887,0.919947198613,-0.00857996108001,0.00427138142642,-0.391925109342
0.061758470803,-0.443041028921,0.754879271496,0.919803486999,-0.00857547268654,0.00436156371269,-0.392261371199
0.061850640133,-0.442788172319,0.755133730225,0.919881163091,-0.00851469074105,0.00431350429829,-0.39208103692
0.0615732051227,-0.44305648279,0.754730130636,0.919779821256,-0.0083614306983,0.00448497455951,-0.392320088563
0.0614563178651,-0.442776850959,0.75502713128,0.919863826759,-0.00830826414084,0.00456491753728,-0.392123289917
0.0614125713668,-0.443497019673,0.754398709263,0.919652723707,-0.00825310455054,0.00458701972071,-0.392619043468
0.0616526482465,-0.443539364509,0.754547106506,0.919667984118,-0.00835351915143,0.00444014345748,-0.392582861104
0.0619415800726,-0.443756100628,0.754380183341,0.919607411587,-0.00830559048205,0.0042759378639,-0.392727567247
0.0617589343904,-0.443537148101,0.754684122182,0.919679048591,-0.0083525379376,0.00438221322412,-0.392557612205
0.0618117482779,-0.443246694237,0.754902460452,0.919757352354,-0.00835116168674,0.00435858785574,-0.392374404876
0.0620565782659,-0.442594195014,0.755461288846,0.919949049567,-0.00837057526921,0.00422400189482,-0.391925806089
0.0621991900924,-0.442879479404,0.75505542587,0.919852939733,-0.00843585895316,0.00412715442949,-0.392150955813
0.0622128379201,-0.442947414848,0.755029310553,0.919837629773,-0.00835223023256,0.00412490379829,-0.392188679428
0.0619064429933,-0.443422176438,0.754465970731,0.91968112444,-0.00844654272808,0.0042797801806,-0.392551867587
0.0618041521574,-0.443158769386,0.754849957817,0.919774047743,-0.0083472385727,0.0043540501377,-0.392335401098
0.0621572134665,-0.442967525084,0.754846627205,0.919812744395,-0.00845237575185,0.00414133032187,-0.39224472205
0.0619354401637,-0.442581487609,0.755381720209,0.919945926661,-0.00852129620142,0.00426986537094,-0.391929391321
0.0621962627256,-0.442378873054,0.755391217814,0.919990541908,-0.00857569214593,0.00410916392639,-0.391825184331
0.0622570885954,-0.442396974006,0.755420656186,0.919990957416,-0.00860261786031,0.00407235166465,-0.391824002826
0.0623434313321,-0.44271789521,0.755080300713,0.919890277631,-0.00846875141429,0.00403404891438,-0.392063622156
0.0617719072448,-0.443037094784,0.754951453108,0.919809923428,-0.00846722845851,0.00436839494238,-0.392248553766
0.0614506440597,-0.443133181806,0.754861751939,0.919777597703,-0.00832552261176,0.00456237967152,-0.392325172692
0.0614645066059,-0.443458007344,0.754569138608,0.919684643296,-0.00839440472141,0.0045394263484,-0.392541825114
0.0619856249535,-0.443464806998,0.754618750211,0.919691796597,-0.00833530747616,0.00424528452076,-0.392529616056
0.0623303373687,-0.443413343255,0.754599388145,0.919704121942,-0.00845197565681,0.00403354676529,-0.392500474766
0.0622676170753,-0.443338438192,0.754687987043,0.919729689824,-0.00848378404195,0.00406735290577,-0.392439523627
0.06203061141,-0.443299629661,0.754677775408,0.919734220047,-0.0084587490765,0.00420935089129,-0.392427949316
0.0617040760514,-0.443166557786,0.754917346511,0.919785809649,-0.00843547147578,0.0044073706404,-0.392305343162
0.0619234605769,-0.443170502149,0.754874026974,0.919781180737,-0.00838315510266,0.00429056452262,-0.392318612008
0.0622703108363,-0.442912140398,0.75510315295,0.919857265323,-0.00847897012945,0.00407819334805,-0.392140391744
0.0627226638444,-0.443154235043,0.754785045232,0.919779019151,-0.00852500721504,0.00380592329611,-0.392325623851
0.062298437526,-0.443071824209,0.754879423104,0.919801658974,-0.00848333598926,0.00405413582623,-0.39227095883
0.0618726163574,-0.44338316301,0.754557913344,0.919701200104,-0.00841248071398,0.00430391582293,-0.392505298059
0.0614341527203,-0.443121395511,0.75484884001,0.919776672963,-0.00834077603687,0.00457111142211,-0.392326915045
0.0620008903578,-0.442917148628,0.754992271712,0.919835559529,-0.00839633822344,0.00423603029125,-0.392191408598
0.0621649317287,-0.44265224963,0.755228664177,0.91991656223,-0.00837752003774,0.00415072894557,-0.392002687671
0.0622869336003,-0.442889950598,0.755018487495,0.919846675466,-0.00837756259946,0.0040754824355,-0.392167439395
0.0622190291693,-0.442935124782,0.754945208203,0.919826538299,-0.00834815008292,0.00412266772025,-0.392214802681
0.0624804768243,-0.442884322504,0.754778749832,0.919820606283,-0.00840771140657,0.0039591507726,-0.392229126623
0.0625271103902,-0.442851258978,0.754867725351,0.919841170457,-0.00837514352819,0.00393984367081,-0.392181789142
0.0620751576159,-0.443070729498,0.754711248794,0.919779428547,-0.00837341161246,0.00419480505834,-0.392323963594
0.0621061127979,-0.443218134704,0.754604849583,0.919738621008,-0.00842278768817,0.00416337645774,-0.39241889859
0.0619128468113,-0.443306397865,0.754610619208,0.919717751633,-0.0084108225259,0.00427308153294,-0.392466885443
0.0613710845021,-0.44345405075,0.754412231765,0.919663319865,-0.00838535342602,0.00458889219854,-0.392591398289
0.0609425159466,-0.443642672965,0.754523256168,0.919634359524,-0.00829757343579,0.00485616658798,-0.392657882519
0.0611744056943,-0.443480191131,0.754411139019,0.919654903775,-0.00838291791436,0.00471279861615,-0.392609697
0.0622339159288,-0.442890923151,0.754927865555,0.919836085288,-0.00847905210695,0.00409517126743,-0.392189892081
0.062473805786,-0.442864382116,0.754940451768,0.91984450722,-0.00850040909735,0.00395752269356,-0.3921710897
0.0626686514647,-0.442991054577,0.75493628634,0.919820016227,-0.00837565647001,0.00385857405191,-0.392232198492
0.061907447352,-0.44304686061,0.754967922479,0.919806877539,-0.00828749665546,0.0043121028535,-0.392260157548
0.062300663266,-0.442843633524,0.755121362383,0.919868750554,-0.00837135911612,0.00407573737791,-0.392115787066
0.0619845246673,-0.442814108637,0.755282878081,0.919894191406,-0.00851370186019,0.00424335426485,-0.392051256142
0.0620533733818,-0.443148893432,0.755019977831,0.919797649777,-0.0084471655923,0.00420552165052,-0.392279546301
0.0620849407836,-0.44318966876,0.754774782467,0.919764097813,-0.00840715762994,0.0041829254761,-0.39235930881
0.0619568087837,-0.44282616689,0.754846682147,0.919842271925,-0.00835448376877,0.00426478233213,-0.392176247385
0.0623894562392,-0.442689545816,0.754764547147,0.919864644205,-0.0084323066986,0.00400038540555,-0.392124890134
0.0615416577079,-0.442732827461,0.755031473805,0.919879132582,-0.00843660673308,0.00449648198316,-0.392085432982
0.0617858852503,-0.443022420473,0.754778705484,0.919792822299,-0.00848812979816,0.00433999310341,-0.392288516478
0.0612648614726,-0.442912940064,0.755209460449,0.919862232447,-0.00855312057712,0.00464506883726,-0.392120824213
0.0615795894995,-0.442906247147,0.754998723284,0.919839570297,-0.00849822585036,0.0044690024877,-0.392177221534
0.0614753317179,-0.443028285248,0.755078837821,0.919825828212,-0.00851061990099,0.00453810136327,-0.39220838943
0.0621782885933,-0.44312095151,0.754800032257,0.91977879821,-0.00846822524876,0.00413006903888,-0.392324093135
0.0618518151715,-0.443119924807,0.755034093589,0.919803627026,-0.00853357965687,0.00431160192661,-0.392262508809
0.0616057612286,-0.443344962189,0.754891007594,0.919742092505,-0.00847044838935,0.00445974900702,-0.392406479837
0.0611643001588,-0.443329439548,0.755018073309,0.919754418073,-0.00843458596252,0.00472204307768,-0.392375292932
0.061873339572,-0.443403384118,0.754717306471,0.919711093016,-0.00842741708892,0.00431163556452,-0.39248171145
0.0619921573599,-0.443356509613,0.754508887023,0.919700604039,-0.00848053505838,0.00423304029301,-0.392506001006
0.0622805506247,-0.443112112414,0.754732791618,0.919777487022,-0.00857518722039,0.00406156529449,-0.392325558968
0.0626635381462,-0.442533317553,0.755290355025,0.919956831069,-0.00864756402207,0.00383776662846,-0.391905499009
0.0626727825205,-0.442364970194,0.755533786453,0.920012829848,-0.00859469262229,0.00384083313612,-0.391775155126
0.0629292252722,-0.442346919543,0.755471524562,0.920012505235,-0.0086202408986,0.00368655666822,-0.39177683821
0.0626173999248,-0.442750367727,0.755088779514,0.919890524155,-0.00853999510587,0.00387054721136,-0.392063146594
0.0628146019372,-0.442542571481,0.755221340883,0.919948775253,-0.00859818963806,0.0037522258003,-0.391926323238
0.0624888507126,-0.442718827394,0.75515301065,0.919901330057,-0.00843992628066,0.0039589192793,-0.392039076575
0.0627137444854,-0.442431185934,0.755413042726,0.919983553198,-0.00837574723794,0.00384614119268,-0.391848587979
0.0625593261604,-0.442575508911,0.755414266235,0.9199558853,-0.00839005217568,0.00393523383468,-0.391912349974
0.0624712568257,-0.44289607659,0.755046156854,0.919848130896,-0.00830824999212,0.00398443509194,-0.392166435771
0.0623092131376,-0.443274298119,0.754677855123,0.919731757237,-0.00832398416521,0.00406059375808,-0.392438170411
0.0626033164566,-0.44325494681,0.754632178269,0.919729585551,-0.00824924345703,0.00389808524276,-0.392446486003
0.0624465443498,-0.443403874402,0.754525728534,0.919691927145,-0.00843863916159,0.0039722618254,-0.392529960194
0.0620881168907,-0.443249929514,0.754878679728,0.919759748443,-0.00836559946418,0.00419860368007,-0.392370225191
0.0620326116158,-0.443582126179,0.754541202578,0.9196579922,-0.00841215561073,0.00421391999849,-0.392607508714
0.0624532067779,-0.443240227003,0.754802714538,0.919759395845,-0.00842917733242,0.00396996795249,-0.392372070972
0.0626419145156,-0.443252477689,0.75477287197,0.919758079058,-0.00858149133359,0.00384416801206,-0.392373108643
0.0623900852006,-0.442482217005,0.755628670159,0.920001158537,-0.00863045870457,0.00399237651821,-0.39180026085
0.0617084046072,-0.442619793002,0.755698433776,0.91997347192,-0.00856887480287,0.00439045638966,-0.391862360072
0.0617252057071,-0.442752924672,0.755459014746,0.919920131918,-0.0086028924013,0.00437381029917,-0.391987003507
0.0620228843275,-0.44318891414,0.754996392023,0.919786987725,-0.00860628743815,0.0042031530146,-0.392301112073
0.0621297196747,-0.443314852823,0.754873782575,0.91974816742,-0.00853077388331,0.0041529516303,-0.392394300948
0.0618013293524,-0.443219937119,0.755101957677,0.919789338563,-0.00848246656791,0.00435043205648,-0.392296691507
0.0615068073514,-0.443203785607,0.755148671342,0.919794516547,-0.00837898749684,0.00453709660786,-0.392284660231
0.0616709523771,-0.44288842047,0.755303651215,0.919875450131,-0.00838232305332,0.00444659891927,-0.392095805466
0.0616779139702,-0.442929791428,0.755215188208,0.919859863226,-0.00840509727686,0.00443552983645,-0.392132008948
0.0611547381787,-0.443228389271,0.754930021232,0.91976613139,-0.00837037319117,0.00473238410093,-0.392349085561
0.0615781031217,-0.442979294462,0.755042278223,0.919836438554,-0.00857692744376,0.0044588876848,-0.392182968709
0.0619890051258,-0.442572203401,0.755257856666,0.919937662238,-0.00842368944973,0.00423984673045,-0.391951224966
0.0625856461136,-0.442547568555,0.755214507242,0.919942213132,-0.00853019663027,0.00388127614174,-0.391941954808
0.0625711020655,-0.442882779323,0.755097610103,0.919857330959,-0.00831026573615,0.00391677037315,-0.392145494777
0.0627900993266,-0.443078169148,0.754861617279,0.919794149209,-0.00834324644439,0.0037842201724,-0.392294268373
0.0626875366763,-0.442897595309,0.755034699997,0.919846457478,-0.00820316760395,0.00386267605959,-0.392173791119
0.0622841610619,-0.443240875745,0.754662844702,0.919737778297,-0.00821170878543,0.00408636147708,-0.392426156953
0.0616004695112,-0.443560161734,0.754445430222,0.919646165655,-0.00825151878401,0.0044775687655,-0.392635701142
0.0615742879297,-0.443512387152,0.754442574549,0.919660656486,-0.00840515603133,0.00447896700124,-0.392598483336
0.0618338876482,-0.443246538454,0.754489240652,0.919718282022,-0.00854033689055,0.00431763117251,-0.392462357968
0.0619058322754,-0.443060382651,0.754708481032,0.91978153859,-0.00846926194573,0.00428547926789,-0.392315979203
0.0619934300874,-0.443070747976,0.754824810994,0.919790363504,-0.00845225104015,0.00423475835259,-0.392296206302
0.062165101604,-0.442672566045,0.755223997967,0.919918512459,-0.00846304107653,0.00413632237393,-0.39199642627
0.0621722858864,-0.442678792398,0.755196315913,0.919913022807,-0.00866122260538,0.00411018430268,-0.392005255166
0.0623687236992,-0.442505769765,0.755265636338,0.919955398402,-0.00868986227464,0.00398763202188,-0.391906430204
0.0621466753486,-0.442887078638,0.754927947593,0.91983762389,-0.00864453287611,0.00411895679354,-0.392182421741
0.0621973235395,-0.442841598225,0.755045332481,0.919860661056,-0.0084900525735,0.00410685531461,-0.392131887238
0.0620883805629,-0.44286849582,0.75502050914,0.919848810257,-0.00844207021611,0.00417914925514,-0.39215995771
0.0628359856977,-0.442477055857,0.755394206724,0.919973364392,-0.00853373593035,0.00374336928046,-0.39187009499
0.0630885683602,-0.442591043286,0.755185773486,0.919930169415,-0.00852108210047,0.00359755628892,-0.391973126818
0.0631474589028,-0.442881395702,0.75491641781,0.919845814731,-0.00849186032346,0.00356155460423,-0.392172004047
0.0627150377532,-0.443120593402,0.754755286315,0.919778474793,-0.00847647482105,0.00380668776802,-0.392327944213
0.0623928586333,-0.443170844735,0.754717373681,0.919763127549,-0.00855354484463,0.0039868121151,-0.392360461058
0.0624478407934,-0.44286459631,0.754897930207,0.91984267267,-0.00861784308307,0.00395299269462,-0.392172875355
0.0619046753313,-0.44292841767,0.754799951002,0.919815045466,-0.00848830060553,0.00427843291407,-0.392237078691
0.0619985139768,-0.442598121558,0.755105780054,0.919914836747,-0.0084675011346,0.00422992814606,-0.39200395695
0.0620178208807,-0.442830905039,0.755000268429,0.919858206155,-0.00838763215714,0.00422661670207,-0.392138577428
0.0624015276809,-0.4431661485,0.754783437073,0.919771338192,-0.00841664967698,0.0040088977492,-0.392343948835
0.0620897465514,-0.443236419776,0.754870100465,0.919764147864,-0.00837532411369,0.00419080370573,-0.392359788222
0.0619263817073,-0.443297344295,0.754868240131,0.919752047725,-0.0084720542985,0.00427593473913,-0.392385156935
0.0621714219065,-0.44309801786,0.754906648748,0.919793720735,-0.0085081942538,0.00411435761243,-0.392288406646
0.0625095439754,-0.443340467375,0.75451468729,0.919707358669,-0.00861043705069,0.00390500806451,-0.392490746001
0.0628283911154,-0.443075552584,0.754733264107,0.919786008368,-0.00868113412066,0.00371992049535,-0.392306638885
0.0626134291055,-0.442982467712,0.75484238356,0.919819821935,-0.00872060982219,0.00385262503458,-0.392225194781
0.0629736977001,-0.442737181742,0.755141193054,0.919899975473,-0.00863196502735,0.00365899220197,-0.392040987756
0.0627856960795,-0.442684064567,0.755193608606,0.919910637841,-0.00848523536259,0.0037789028695,-0.392018034103
0.062286183675,-0.442996082725,0.754995373596,0.919822419934,-0.00844496129173,0.00406985975765,-0.392222939993
0.0614711660987,-0.443800523915,0.75435381812,0.919589001914,-0.00846495123599,0.00452705498601,-0.392764456044
0.0612525936503,-0.443619688316,0.754537686452,0.919645236465,-0.00845320190909,0.00466220745996,-0.392631438179
0.0616608294783,-0.443276038268,0.754699220319,0.919730466152,-0.00837824645894,0.00443031606827,-0.392436041817
0.0620807103768,-0.442814281225,0.755050695491,0.919861787519,-0.00835842211914,0.00419650845971,-0.392131123426
0.0622380763108,-0.442819059759,0.754948634259,0.919849703556,-0.00831065120071,0.00410792719911,-0.392161421967
0.0622644351458,-0.442796519249,0.755106967226,0.919875433601,-0.00838678663074,0.00409242607664,-0.392099605351
0.0621876609278,-0.442944235426,0.754964884108,0.919831434437,-0.00837592234061,0.0041340543076,-0.392202608024
0.0624671576389,-0.44321280201,0.754689932221,0.919753019667,-0.00840890817364,0.00396520278451,-0.392387500111
0.0629275369701,-0.443149085512,0.754685974973,0.919766761915,-0.00841396697274,0.00369516499259,-0.392357814491
0.0628410189869,-0.44287415352,0.75476066682,0.919826050532,-0.00847401023189,0.00374139625384,-0.392217069831
0.0623971523428,-0.44348218902,0.754286064922,0.91965180969,-0.00854908262949,0.00397784986362,-0.392621495629
0.0621212701889,-0.4434355188,0.754272618922,0.919658962542,-0.00855025300779,0.00413465069357,-0.392603095319
0.0623254686461,-0.443391697671,0.754560990056,0.919702030205,-0.00843586076682,0.00403588310607,-0.392505698731
0.0623615366964,-0.442633701832,0.755134628281,0.919913134263,-0.00841720673492,0.0040302974168,-0.392011138546
0.0620907588159,-0.442447541325,0.755512966026,0.919988905385,-0.00841076529971,0.00420220029723,-0.391831614992
0.0620467872003,-0.442329476278,0.755465892141,0.920005156,-0.00850247662343,0.00421015486646,-0.391791392734
0.0620711489584,-0.442695412882,0.755272301117,0.919912442904,-0.00840466771472,0.00419662101129,-0.392011284689
0.0620466101222,-0.442854331146,0.75503725527,0.919853174829,-0.00830588196922,0.00421438134369,-0.392152251138
0.0621727388473,-0.443158672349,0.754951495271,0.919788143686,-0.00834908313151,0.00414089637231,-0.392304622102
0.0620171776413,-0.442985375528,0.755087526344,0.919835159158,-0.00841847543757,0.00422939415638,-0.392191944682
0.0621710520313,-0.443429843435,0.754737311468,0.91971194686,-0.00847153725168,0.00412864016324,-0.392480728432
0.0622703290427,-0.443302541471,0.754765790243,0.91974118638,-0.00846449775162,0.00407580741434,-0.392412907723
0.0624963210911,-0.443045182965,0.754996339311,0.919817947985,-0.00850986825197,0.0039451408484,-0.392233298652
0.0625404790885,-0.442381490783,0.755431759316,0.919992743256,-0.00851811229711,0.00392484375967,-0.391823161286
0.0620583948634,-0.442540879295,0.755403833394,0.919955194695,-0.00847194776755,0.00420164756543,-0.391909443639
0.062002258561,-0.442747436993,0.755438923744,0.919920086566,-0.00841907886677,0.00424047881816,-0.391992565978
0.0621739177996,-0.443071805188,0.755155857642,0.919829401839,-0.00849712529872,0.004129624289,-0.392204814576
0.0623503502397,-0.442893738832,0.75512970219,0.919862495835,-0.00849555007697,0.00402985817346,-0.39212826298
0.0620096988924,-0.442693351103,0.755187956052,0.919903931306,-0.00847527156531,0.00422636130212,-0.392029418297
0.0619829426275,-0.442500052276,0.755112708963,0.919934036555,-0.00850511852605,0.00423375501739,-0.391958041971
0.0618282672731,-0.442549560893,0.754979681399,0.919907800448,-0.00861850306278,0.00430737160877,-0.392016334647
0.061860372674,-0.442889121045,0.75460147382,0.919800032232,-0.00862817736533,0.00428305208861,-0.392269181463
0.0616461331726,-0.443169530722,0.754914316677,0.919780880294,-0.00860587598586,0.00442192793136,-0.39231303534
0.0617109270597,-0.44302871645,0.755060535144,0.919824925375,-0.00849309764653,0.00439850089967,-0.392212477033
0.0620043339618,-0.443056840684,0.755049907534,0.919821762644,-0.00844412475601,0.0042327190956,-0.392222775743
0.0618916161962,-0.442801154244,0.755060768145,0.919866009969,-0.00829562926144,0.00431296786505,-0.392121288057
0.062345153214,-0.442959317851,0.754921595995,0.919823137111,-0.00832774140238,0.00403987451519,-0.392224074443
0.0622632957581,-0.442761797019,0.755104236279,0.919879471804,-0.00830461681734,0.00409438645487,-0.392091860019
0.0624780992056,-0.442954020933,0.754824736288,0.919814502285,-0.00833346295072,0.0039606643735,-0.392245010064
0.0621396330514,-0.442597370015,0.755393585053,0.91994619269,-0.00832463236321,0.0041741060812,-0.391934024921
0.0621643029892,-0.442367054925,0.75542696904,0.919996874047,-0.00842637130386,0.00415130692226,-0.391813111906
0.0623902562015,-0.442093519306,0.755663033337,0.920079329482,-0.00859280016194,0.00400551375186,-0.391617347808
0.062626744608,-0.442725834977,0.754886498068,0.91987365367,-0.00871375714272,0.00384189679897,-0.392099185857
0.0630294135261,-0.442959491012,0.754635365012,0.919803857931,-0.00875671436437,0.00359653269449,-0.392264257665
0.0626823016021,-0.44326980763,0.754635533744,0.919740269456,-0.00861811175777,0.0038161103471,-0.392414324653
0.0622976145985,-0.443088463715,0.754818633005,0.919788299289,-0.0084340930863,0.00406289020802,-0.392303254495
0.0618657590218,-0.443286636649,0.754937105459,0.919759429397,-0.00836463442763,0.00432848329573,-0.392369582357
0.0616557291533,-0.443458232626,0.754661536476,0.919691001392,-0.00829780062045,0.00445023101589,-0.39253000383
0.0616978174874,-0.443320758632,0.754795702646,0.919734236941,-0.0083957598878,0.00441435977983,-0.392427009827
0.061915961674,-0.443249124415,0.754779582471,0.919746573219,-0.00840838827628,0.00428399081688,-0.392399270491
0.061828997874,-0.442930965713,0.755126209603,0.919847434549,-0.00844349307586,0.0043377796013,-0.39216143136
0.0618760116864,-0.442900962339,0.755179400879,0.919861219315,-0.00845780916408,0.00431174183988,-0.39212907511
0.0619023751382,-0.443018203017,0.755178514644,0.919840413467,-0.00851414534453,0.0042887336844,-0.392176911412
0.062329785764,-0.442948122916,0.755158110323,0.919857987333,-0.00863052908137,0.00402574364075,-0.392135933696
0.0626448261131,-0.442574194347,0.755398749903,0.919956516526,-0.008588746978,0.00384448403573,-0.391907464932
0.0625560237872,-0.44227342259,0.755428188017,0.92001474291,-0.00844384684838,0.00391215443519,-0.391773237123
0.0620814729329,-0.442276883862,0.755259825534,0.919991746133,-0.00844435792131,0.00418664146091,-0.391824389108
0.0621178466858,-0.442357941491,0.755260347572,0.919976629233,-0.0084123477617,0.00417746121421,-0.391860667697
0.0621435960056,-0.442347712465,0.755334346725,0.919989423703,-0.00852178657255,0.0041558419482,-0.391828493612
0.062591056677,-0.442704767821,0.755377487703,0.919928534655,-0.00846589150661,0.00389952455159,-0.391975271563
0.0624005354915,-0.443373457168,0.754807828641,0.919737135251,-0.00856417678449,0.00398915860761,-0.39242113033
0.06256341905,-0.443374721378,0.754918082956,0.919750072892,-0.0085351824537,0.00389754342288,-0.392392358782
0.0626756154272,-0.443081335417,0.754787383074,0.919791230474,-0.00854797269035,0.00383211836616,-0.392296239307
0.0624868886908,-0.442628771201,0.755185164123,0.919921205899,-0.00840359013255,0.0039636504936,-0.391993168416
0.0623695693163,-0.443017189441,0.754772385225,0.919799890291,-0.00846266008648,0.00401926742248,-0.392275911438
0.0623329610738,-0.442868743092,0.755077237771,0.919861901124,-0.00839705247656,0.0040444102214,-0.392131629834
0.0621078141098,-0.443286591041,0.754620750817,0.919726986878,-0.00845499964175,0.00416038265404,-0.392445504249
0.0617709175717,-0.443125901635,0.754776651301,0.919768737066,-0.00840217468604,0.00437004434435,-0.392346500544
0.0613642834686,-0.443112663366,0.754784577467,0.919770020375,-0.00839187939091,0.00461409477553,-0.39234091822
0.0619430804597,-0.442770496528,0.755043888064,0.919865596158,-0.00834912952673,0.00429102263348,-0.392121364078
0.0626441693203,-0.442399520096,0.755289108983,0.919973735707,-0.00847601589551,0.00386711871959,-0.39186927432
0.0631943166025,-0.442643050424,0.754922631311,0.919886588895,-0.00846238582818,0.00354426643738,-0.39207714773
0.0625189830446,-0.442578647885,0.755260453901,0.919934751509,-0.00838054829766,0.00394757686955,-0.391962033891
0.0621973829163,-0.442911521541,0.755021770182,0.919840124591,-0.0082582971721,0.00414165154241,-0.392184640752
0.0622182649243,-0.44311238505,0.754861460097,0.919787942565,-0.00839234625791,0.00411404553463,-0.392304453028
0.0628607538863,-0.443233221595,0.754526056354,0.919732916166,-0.00857212179477,0.00371630932231,-0.392433523916
0.0625594354461,-0.44320331339,0.754643145971,0.919748718879,-0.00855204845145,0.00389527031528,-0.392395187861
0.062157810468,-0.442552246003,0.75538662803,0.919952832053,-0.00845031119037,0.00414701717829,-0.391916038567
0.0620220223731,-0.441955270361,0.756025627969,0.920137779754,-0.00842509230048,0.00423225964196,-0.391481253788
0.0619461479549,-0.441996011293,0.756066524166,0.920133241162,-0.00840921324756,0.00428031934024,-0.391491740025
0.0618761488959,-0.442294269015,0.755720797603,0.920036929338,-0.00840053550789,0.00432011065703,-0.391717776341
0.061565485727,-0.443355981036,0.754734651604,0.919721756454,-0.00845816757735,0.00448702964956,-0.392454094986
0.0617294996698,-0.443195095859,0.754658435232,0.919744697302,-0.00845385342033,0.00438976778913,-0.392401521514
0.0614798745137,-0.443313784049,0.754821025277,0.919738116776,-0.00851885550905,0.00452567713189,-0.39241399554
0.0618585928279,-0.443079495013,0.754843321288,0.919784378928,-0.00840279255844,0.00431834564784,-0.392310388911
0.0613944332171,-0.443380992196,0.75447626103,0.91968444881,-0.00842307639082,0.00457939614297,-0.392541202336
0.0620233615121,-0.443017551184,0.754478058325,0.919757825919,-0.00828891596676,0.00423007460479,-0.392376021185
0.061566191875,-0.44238751332,0.755338574465,0.919975808021,-0.00847181979143,0.00448968222608,-0.391857861575
0.0614743898442,-0.441939895177,0.755916482358,0.920126643128,-0.00849304185637,0.00455095637577,-0.391502385232
0.0613533346857,-0.44255899186,0.755345310138,0.919944093503,-0.00862309180554,0.00459767299687,-0.391927759311
0.0617310456304,-0.44319883851,0.75462782655,0.919743322488,-0.00860570848427,0.00436251014874,-0.392401746971
0.0621971185492,-0.443360837626,0.754442433734,0.91969553449,-0.00860718752309,0.00409312421778,-0.392516606651
0.0617361560045,-0.44298490952,0.754789965025,0.919805186221,-0.00864397028458,0.00436063005678,-0.392255893626
0.0615462277082,-0.442731240979,0.755016741552,0.919874767925,-0.00847935879385,0.00449060306996,-0.392094817988
0.0615225325836,-0.442633052331,0.754969088235,0.919886280328,-0.00854232182953,0.0044911708785,-0.392066434915
0.0622018351659,-0.442402629099,0.755103159122,0.91994810545,-0.00853244181819,0.00410492539656,-0.391925796934
0.0620946246437,-0.442797006727,0.754906296154,0.919848748475,-0.00852522309625,0.00417088101466,-0.39215839179
0.0627283302284,-0.443157987508,0.75460040067,0.919751704853,-0.00852135338261,0.0037993656314,-0.392389796985
0.0625923773316,-0.44348189417,0.754361114561,0.919661305109,-0.00849296635568,0.00387276960963,-0.392601521982
0.0630361795397,-0.442752050961,0.754870935387,0.919864699858,-0.00853580514936,0.00361598418788,-0.392126253448
0.0626626575192,-0.442475858335,0.75517548871,0.919945911563,-0.00841688984909,0.00385330052926,-0.391935999671
0.0625848754986,-0.442554498877,0.755231945142,0.919937254806,-0.00837027738302,0.00390873536077,-0.391956767341
0.0622771916898,-0.442703624955,0.755127774353,0.919895835065,-0.00837101189058,0.0040864274517,-0.392052139263
0.0622315878696,-0.443083040721,0.754775861862,0.919785142811,-0.00848370435879,0.00409403679434,-0.392309261536
0.0622476670766,-0.443012728467,0.754875829248,0.919812536175,-0.00866271941924,0.00407112083971,-0.392241356263
0.0624858398805,-0.443100436854,0.754853936575,0.919796476492,-0.00865635098436,0.00393439931637,-0.392280550017
0.0626090602754,-0.443191324171,0.754574280268,0.919747265476,-0.00872767692693,0.00384832209233,-0.392395190747
0.0622826266095,-0.443198050518,0.754629103309,0.91974621544,-0.00851579809529,0.0040608583866,-0.392400165386
0.062130108258,-0.443490867364,0.754205107951,0.919637701141,-0.00856924922342,0.004138902962,-0.392652436757
0.0620742757057,-0.443038783579,0.75485251261,0.919797327978,-0.00849771065239,0.00419186096248,-0.392279355384
0.062100703226,-0.443228378537,0.754593166997,0.919732145247,-0.00850055654891,0.00416618356744,-0.392432369272
0.0621373220409,-0.443093733229,0.754916434544,0.919794740325,-0.00837963910796,0.00416701904393,-0.392288227291
0.0620389472355,-0.443180186941,0.754815124157,0.919763985851,-0.00834395781847,0.00422761290268,-0.392360441416
0.0620582186997,-0.443043409401,0.754883241346,0.919798129436,-0.00833519542913,0.00421983456249,-0.392280663047
0.062289462376,-0.443321832795,0.754315847881,0.919685188201,-0.00853497612206,0.0040480460371,-0.392542892065
0.0623585091935,-0.443046923039,0.754566911948,0.919770120502,-0.00853601470617,0.00401127960145,-0.392344200315
0.062353138903,-0.443105739577,0.754652579205,0.919769367447,-0.00850653893501,0.00402274106375,-0.392346488522
0.0619366652109,-0.442935615761,0.7550511121,0.919841707446,-0.0083594845581,0.00428909513277,-0.392177199647
0.0616944117317,-0.443609040551,0.754481319785,0.919641400108,-0.00832498697358,0.00442196663768,-0.392645942308
0.0620894506813,-0.44366519956,0.754301981249,0.919612710182,-0.0084469833285,0.00417675350778,-0.392713211484
0.0624205271881,-0.44352754607,0.754181525398,0.91963064107,-0.00856504599578,0.00396962912905,-0.392670811286
0.0623789251436,-0.442978008988,0.754762981478,0.919803689891,-0.00851890560593,0.00401289382071,-0.392265849894
0.0625276275212,-0.442624996839,0.754976703787,0.919894950221,-0.00852367660413,0.00391852711029,-0.392052640139
0.062229173817,-0.442962527657,0.754881981013,0.919811293485,-0.00837093401479,0.00410650547004,-0.392250237035
0.0621675433594,-0.443197199514,0.754509332363,0.919726148714,-0.00848443641275,0.00411936433632,-0.392447265946
0.061916036762,-0.443253953114,0.754518585037,0.919716122332,-0.00853017644524,0.00426511424258,-0.39246821427
0.0623931116793,-0.442626690237,0.755056082864,0.919904303836,-0.00857888340491,0.00399357396376,-0.392028730975
0.0629565092363,-0.442489890213,0.755298125031,0.919962848834,-0.00865057542742,0.00366861027284,-0.391892926204
0.0626356825511,-0.442540907092,0.755297088911,0.919950869364,-0.00851460904691,0.00386713992189,-0.3919221155
0.0622883588666,-0.443072818795,0.754801008064,0.919789505813,-0.00852446085348,0.00405846876207,-0.392298518216
0.0618749231368,-0.443457444818,0.754521686351,0.919676787749,-0.0083897136306,0.00430646739099,-0.39256295434
0.0625411936751,-0.443547295483,0.754325984042,0.919644989215,-0.00849303922992,0.00391127387186,-0.392639356195
0.0622991126879,-0.443353521855,0.754496518576,0.919699300667,-0.00845991165188,0.0040551295543,-0.392511378398
0.0627082338772,-0.442905028056,0.754821221239,0.91982506031,-0.00845054857092,0.00382309185798,-0.392219110477
0.0623183724373,-0.443056881747,0.754702142314,0.919776322952,-0.00840859447673,0.00404820894634,-0.392332031933
0.0622942088913,-0.442941030835,0.75480766197,0.919809874061,-0.00837527359128,0.00407062978826,-0.39225384682
0.0616540384274,-0.443390231914,0.754364866094,0.919669542349,-0.00837062997002,0.00443294742384,-0.392578927614
0.061397339488,-0.443321975804,0.754586817006,0.91970375783,-0.00827752242456,0.00459785598151,-0.392498840988
0.0615823187412,-0.443288587964,0.754613212563,0.919716077353,-0.00837391399914,0.00447596136189,-0.392469336883
0.0622827207764,-0.443230623436,0.754655776262,0.919740458483,-0.00842079152146,0.00406674538446,-0.39241564811
0.0622592615619,-0.443430721475,0.754616617595,0.919697658399,-0.00842619700946,0.0040826272238,-0.392515666559
0.0619540834042,-0.443278318246,0.754833632698,0.919748778764,-0.00842579341749,0.00426155963682,-0.392393971763
0.0620100000405,-0.442706404133,0.755112434343,0.919889076485,-0.00836540768094,0.0042331326586,-0.392066560044
0.0620940175467,-0.442975825406,0.754831795708,0.919807018394,-0.008527615069,0.0041619311684,-0.392256302721
0.0623460861751,-0.443030625169,0.754694388777,0.919784439037,-0.00853516655695,0.00401532129833,-0.392310608871
0.0619627150171,-0.443639290639,0.754423740511,0.919632634062,-0.00858064357649,0.00423163203782,-0.392663067037
0.0619225075171,-0.443490620039,0.754374435447,0.919659110693,-0.00849700002605,0.00425778486021,-0.392602588349
0.0622048116708,-0.443552146295,0.754191510077,0.919625440696,-0.00842786360412,0.00409830319509,-0.392684636638
0.0623695070617,-0.443551368051,0.754147115988,0.919619418663,-0.00841664740108,0.00400766804288,-0.39269991528
0.0622739057561,-0.443210511624,0.754585937201,0.919731514294,-0.00842194125513,0.00407192321868,-0.392436532398
0.0622837691982,-0.442775073435,0.755021310071,0.919866971086,-0.00853841697372,0.00406103686099,-0.39211651192
0.06161048464,-0.442738122047,0.755215454797,0.919891985919,-0.00848954067568,0.00446457212985,-0.392054498172
0.0617947833909,-0.442572786147,0.755261248603,0.919928954412,-0.0084175476508,0.00436966465743,-0.391970368469
0.0614737625193,-0.443228105916,0.754684538949,0.919732188627,-0.00824509705034,0.00456073539868,-0.392433330988
0.061420658715,-0.443276937699,0.754622708377,0.919714040228,-0.00828798717331,0.00457949213239,-0.392474740242
0.0616410173793,-0.443681473163,0.754280100173,0.919600188497,-0.00839880524151,0.00443044986395,-0.392740785379
0.061577402851,-0.443828031475,0.754246702541,0.919569696155,-0.00855039396826,0.00445266659919,-0.392808653719
0.0618446198152,-0.443515504317,0.754342024656,0.919646411662,-0.00859747392566,0.00429834056612,-0.392629704974
0.0619632418409,-0.443387439974,0.754471686373,0.919688939379,-0.00856062455833,0.00423666583038,-0.392531554342
0.0619366075879,-0.443357938411,0.754583182584,0.919709577404,-0.00854738350909,0.00426296692349,-0.392483200378
0.0625037427698,-0.443172353253,0.754904715777,0.919785445304,-0.00855546709833,0.00393599647024,-0.392308611328
0.062101723115,-0.443000566286,0.75514823866,0.919842646496,-0.00857110680967,0.00417187660571,-0.3921716936
0.0625490116148,-0.443054034986,0.755086198806,0.919828944629,-0.00853943571193,0.00391251534631,-0.39220719382
0.0622616380931,-0.443135233545,0.754827518741,0.919780941345,-0.00860503500045,0.00406376778376,-0.392316784121
0.0621531919807,-0.44366644099,0.754447361042,0.919630194875,-0.00855750389312,0.00412952995584,-0.392670371665
0.0622039932858,-0.443544419446,0.754408476491,0.919647172137,-0.00854424961788,0.00409686126736,-0.392631239596
0.0621374231908,-0.443526760679,0.754514559197,0.919663868693,-0.00840827251975,0.00415538516168,-0.392594450227
0.0622795887755,-0.443065610853,0.754755167168,0.919783871338,-0.00840075855871,0.00407384701679,-0.392314237636
0.0619258351837,-0.44245020953,0.755381373707,0.919968682343,-0.0084531348728,0.00428018505318,-0.391877337997
0.061965284691,-0.442311568616,0.755493058846,0.920008803427,-0.0084358830819,0.00426272759733,-0.391783698802
0.0622940203027,-0.442384362169,0.755351843341,0.919982904482,-0.00856380339693,0.00405710317556,-0.39184391873
0.0622063745597,-0.442850588314,0.754885027839,0.919842210067,-0.00855003882748,0.00410646655845,-0.392173867498
0.0623254048134,-0.442897574371,0.754593509117,0.919798600613,-0.00852092182014,0.00402895469316,-0.392277574844
0.0622099502457,-0.443003757134,0.754738153,0.919794380314,-0.00852624588173,0.0041005364057,-0.392286612918
0.0623780326694,-0.442771342382,0.75495118785,0.919863555093,-0.00850880323184,0.00400834012301,-0.392125711334
0.0623354654594,-0.442976308171,0.754948444747,0.919825608193,-0.00853451289795,0.00403365698605,-0.392213898546
0.0617486714019,-0.442525760896,0.755178157989,0.91993042453,-0.0084805290738,0.00437874349932,-0.391965459265
0.0618725547743,-0.442643483341,0.755138118951,0.919905342155,-0.00849261470344,0.00430300787848,-0.392024898563
0.0618822342226,-0.442588886123,0.755315975502,0.919935166867,-0.00856412272123,0.00429143637568,-0.391953477007
0.0626787513617,-0.443016354058,0.754894675016,0.919815770653,-0.00858351191653,0.00382303277117,-0.392238009125
0.0625255041764,-0.443310882243,0.754695597797,0.919735420914,-0.00848392765758,0.00392274861728,-0.392427560871
0.0622460070682,-0.442970104357,0.754948015121,0.919827265282,-0.00837471017423,0.00410261674618,-0.392212741773
0.0618521248981,-0.442788405841,0.755134754439,0.919877953156,-0.0083239570976,0.00433673415048,-0.392092407186
0.0617647848801,-0.442773273986,0.755104792968,0.919872788918,-0.00834126629918,0.00438359719349,-0.392103633701
0.0621914082097,-0.442993071264,0.754880357476,0.919807542747,-0.00844738591086,0.00412129183176,-0.392257238213
0.0624243102073,-0.443177077686,0.754710671501,0.919756336675,-0.00850847634493,0.00397911420028,-0.392377437713
0.0623234433784,-0.44272997816,0.755176624703,0.919897917907,-0.00857347788238,0.00403880210882,-0.392043370285
0.0621635592013,-0.443083269088,0.754918207527,0.919802149582,-0.00857411826797,0.00412675297949,-0.392267077423
0.0620330288559,-0.442694101312,0.755189901386,0.919904988886,-0.00846548956798,0.00421465008106,-0.392027274093
0.0623845968665,-0.44284385918,0.754814497762,0.919837448121,-0.00851955067669,0.00399391545954,-0.392186862261
0.0622047657711,-0.442848400406,0.754684438053,0.919818564856,-0.00843970462892,0.00410579635556,-0.392231719227
0.0623908284245,-0.442974561029,0.75453478427,0.919779088936,-0.00851122998653,0.00398973553335,-0.392323933162
0.0625088381534,-0.442922073028,0.75479689811,0.919818777619,-0.00849163522923,0.00393059810358,-0.392231894252
0.0626737404313,-0.442890948179,0.754856102345,0.919831003623,-0.00853852085593,0.00382707639841,-0.392203227832
0.0625333110906,-0.44270803188,0.755086673951,0.919889544123,-0.00848362795598,0.00391712032731,-0.392066207214
0.0623465097997,-0.442824128811,0.754787014698,0.919831301949,-0.00849207401596,0.00402169601616,-0.39220158923
0.0620615919002,-0.442479014863,0.755139278476,0.919936985307,-0.00854764057953,0.00418884682706,-0.391950678615
0.0623019687334,-0.442602605799,0.755077795972,0.919907837911,-0.00860417908178,0.00404146884681,-0.392019392865
0.0619749338379,-0.442667242857,0.755066523719,0.919890170346,-0.00850532359283,0.00423862715458,-0.392060923852
0.0623586711463,-0.443183242414,0.754595136878,0.919739381892,-0.00846793062043,0.00401316646857,-0.392417708625
0.0621788387057,-0.443583170417,0.75434565444,0.919636988299,-0.00859781347383,0.00410222680446,-0.392653866771
0.0622539222298,-0.44364525662,0.754312573813,0.919622283901,-0.0085954910457,0.00406448406981,-0.392688747553
0.0618886300914,-0.443054513902,0.754954181312,0.919805297002,-0.00855680958345,0.00429574176337,-0.392258260869
0.061667857148,-0.443254303476,0.754616441579,0.919724817935,-0.00843695621082,0.00443081082407,-0.392448015614
0.0617607829576,-0.443315556994,0.754660508492,0.919719710937,-0.00842572071614,0.00437622367768,-0.392460837806
0.061317131112,-0.444074284838,0.754106889175,0.919506175929,-0.00838439762049,0.00462291257991,-0.392958932948
0.0615193615734,-0.443920282321,0.754319759261,0.91956207916,-0.00837234235328,0.0045114279567,-0.392829649432
0.0616186141088,-0.443690518437,0.754388945821,0.919615846996,-0.00848920965567,0.00443980561874,-0.392702069511
0.0618922376119,-0.442988507624,0.754968848397,0.919820695221,-0.00848214906857,0.00429538790309,-0.39222377724
0.0619744185145,-0.442424337511,0.755378150526,0.919975799816,-0.00852935739142,0.00424677316751,-0.391859340496
0.0613758639046,-0.44324394392,0.754883945059,0.919754525476,-0.00843577270241,0.00459893673289,-0.392376477872
0.0618321402328,-0.443136811982,0.754763728078,0.919767981521,-0.00851598792651,0.00432317158333,-0.39234633719
0.0615936104041,-0.443666305568,0.754320837093,0.91961163508,-0.00847075571064,0.00446182344929,-0.392712081625
0.0621959952494,-0.443096091001,0.754658945944,0.919767820709,-0.00853599138146,0.00411198344503,-0.392348549674
0.0623961168488,-0.443567673666,0.754380872698,0.919642491002,-0.00856354669831,0.00399027403926,-0.392642881158
0.0626499866563,-0.443340149063,0.75456137395,0.919704658568,-0.00848088759298,0.00385675566333,-0.392500370687
0.0622638913888,-0.442921960881,0.755000132529,0.919829948101,-0.00837039881024,0.0040952406326,-0.392206619023
0.0618061898816,-0.442685418551,0.755119048279,0.919889059509,-0.00836840832637,0.00436008411338,-0.392065144592
0.0615349671696,-0.442724003595,0.755012473203,0.91987377133,-0.00850168068379,0.00449695019463,-0.392096599939
0.0622790121295,-0.442802096481,0.754783085802,0.919839841926,-0.00865406867156,0.00404609519301,-0.39217776762
0.062316145376,-0.442911607817,0.754786058125,0.919814379331,-0.00857175213005,0.004033322244,-0.392239422998
0.0627128635922,-0.443429095645,0.754485481104,0.919683303926,-0.00860050213799,0.00379755098421,-0.392548379756
0.0619928638361,-0.444169537726,0.754077820257,0.919487435061,-0.00853626759716,0.00421816476114,-0.393004066119
0.0624018715402,-0.444501046838,0.753847779713,0.919401200809,-0.00856096516562,0.0039739243615,-0.393207769191
0.0624842643485,-0.443249758977,0.754883904199,0.919757973429,-0.0085426839092,0.00394087772783,-0.392373243669
0.0630148946337,-0.442431771007,0.755436737747,0.919982453038,-0.00854394320704,0.00363830897616,-0.391849524492
0.0632787660726,-0.441509753554,0.7559816454,0.920224129697,-0.00868804398638,0.00347800542412,-0.39127991578
0.0624773823554,-0.442419329449,0.755187677432,0.919957566944,-0.00867219801394,0.00393613232844,-0.391902251674
0.0624330204555,-0.44254274373,0.755028280081,0.919915921064,-0.0086721898531,0.00396453508152,-0.391999711425
0.0618041665425,-0.443035398429,0.754649156439,0.919776216444,-0.00867292295323,0.00432269993635,-0.392323599005
0.0618596660165,-0.443025425055,0.754734985937,0.919786444515,-0.00859161653983,0.00429597069255,-0.392301701816
0.06168692828,-0.442933268801,0.754822727975,0.919813489555,-0.00869303370602,0.00437959169947,-0.392235126899
0.0619740640594,-0.443215019676,0.754422309307,0.919715756373,-0.0086050421198,0.0042157766827,-0.392467970611
0.062292171399,-0.442949998856,0.754557840061,0.919785720931,-0.00866363187818,0.0040318441245,-0.392304617979
0.0622989780772,-0.443350251674,0.754266220229,0.919673836083,-0.00857998523239,0.00403942415105,-0.392568595445
0.0622414428297,-0.443099002965,0.754721268836,0.919770460022,-0.00844780889044,0.00409714178984,-0.39234442627
0.0624121792434,-0.44305194293,0.754734197197,0.919780016802,-0.0084110350832,0.00399977091143,-0.392323816526
0.0625151746842,-0.44273768892,0.755016454798,0.91987268315,-0.00835822682347,0.00394667956648,-0.392108161813
0.0621910567263,-0.443069415642,0.754746095057,0.919778134652,-0.00845786884966,0.00412257545494,-0.392325951017
0.0619697357208,-0.443098843845,0.754787758265,0.919774007084,-0.00846814088564,0.00424649707622,-0.392334084352
0.0612388252922,-0.443090576564,0.754803526589,0.919772731512,-0.00841140292748,0.00467894686878,-0.392333376256
0.061571323479,-0.443022831987,0.754711422694,0.919777003211,-0.00846478074492,0.00447617616959,-0.392324579524
0.0614818330513,-0.44317464486,0.754572452073,0.919734183038,-0.00848652326461,0.00452781335427,-0.392423891196
0.0622497847226,-0.443367366696,0.754518170215,0.919693577806,-0.00853401397583,0.00407852091895,-0.392522941005
0.0620723122783,-0.443341593107,0.75460109479,0.919706371632,-0.00845675703631,0.00419049756478,-0.392493455958
0.0623954974428,-0.442809107301,0.754920994136,0.91984758166,-0.00855529010247,0.00399445177514,-0.392162310633
0.0629357090787,-0.442568964814,0.754880156676,0.919894695826,-0.00864454892065,0.00366901108412,-0.392053004993
0.0626911914376,-0.442614449431,0.754967962122,0.919894367448,-0.00864738007304,0.00381002268715,-0.392052368037
0.0627195583422,-0.442968849421,0.754706901069,0.919795594514,-0.00854079072827,0.00380408607646,-0.392286436339
0.061998657463,-0.443421132057,0.754358073638,0.919664492119,-0.00841696450799,0.00422707980643,-0.392592038178
0.0622937765031,-0.443097599105,0.754538432415,0.91974936581,-0.00844044795159,0.00405891562717,-0.392394429285
0.0623089921017,-0.443352667415,0.754433045755,0.919687290495,-0.00840413246005,0.00405214780725,-0.392540747385
0.0630852880854,-0.442813432797,0.754963173663,0.919860414095,-0.00862572085929,0.00358630096927,-0.392134612047
0.0629443102286,-0.442653136757,0.755281661004,0.919928809016,-0.00869961939881,0.00366296748466,-0.391971791885
0.0629425836742,-0.442498146703,0.755294708205,0.919962943698,-0.00868597519045,0.00366496308488,-0.391891954629
0.0621241841368,-0.442949179091,0.754966558196,0.919828510481,-0.00854530979279,0.00414816010062,-0.392205662573
0.0626183334484,-0.44290237294,0.754676216734,0.919807535929,-0.00856470841305,0.00385213869822,-0.39225744562
0.0621399753235,-0.44311611339,0.754616723795,0.919753960505,-0.00853369238251,0.00413303181686,-0.392380868899
0.0621601339807,-0.442805834578,0.754987369767,0.919858544673,-0.00851946025959,0.00413256356924,-0.392135943911
0.061605700386,-0.442829053933,0.755250825159,0.919879870295,-0.00846985177367,0.004467401063,-0.392083317885
0.0612851593817,-0.442700982975,0.755398000576,0.919922011003,-0.00852241999495,0.0046522796115,-0.391981145368
0.0614483480144,-0.442409197001,0.755430257622,0.919982897063,-0.00854086073695,0.0045524000739,-0.391838995588
0.0612733965103,-0.443029113815,0.754905188261,0.919800886758,-0.00838216848258,0.00466313219263,-0.392268177614
0.062006577611,-0.442862923681,0.754862697517,0.919831332618,-0.00841925172467,0.00423056705364,-0.392200889898
0.0618429678132,-0.443344803049,0.754535816104,0.919696469389,-0.00837424025989,0.00432865363401,-0.392516928363
0.0624107273941,-0.443051648553,0.754539885398,0.919757076248,-0.00848854489712,0.00398467603685,-0.39237607936
0.0624284398166,-0.443152457087,0.75455015191,0.919737172997,-0.00843545745424,0.00398361081238,-0.392423886263
0.062730935184,-0.44320492093,0.754353956512,0.919711952384,-0.00853242109511,0.00379011088667,-0.392482811715
0.0626868582692,-0.44307876894,0.754558997939,0.919760030289,-0.00843630050685,0.0038316221708,-0.392371806058
0.0628113441573,-0.443254809369,0.754332677625,0.919703594214,-0.00847736608928,0.00374350424398,-0.392504037214
0.0625151814562,-0.443340419835,0.754354539439,0.919685010564,-0.0084785493429,0.00392327097226,-0.392545797952
0.0625861429349,-0.442965206495,0.754594445178,0.919786527659,-0.00861113022682,0.00386599599016,-0.392305551897
0.0622257744651,-0.442744482422,0.755042287046,0.919875719713,-0.00858814845737,0.0040922948946,-0.392094576742
0.0620085374936,-0.442635016651,0.755176121171,0.919910021309,-0.00848683556954,0.00422553256428,-0.392014886441
0.061870781716,-0.443267860115,0.754689496753,0.919728022686,-0.00850079571201,0.00429891960703,-0.392440594292
0.0623361865138,-0.443043664141,0.754626793178,0.919768355991,-0.00864707129562,0.00401129031159,-0.392345904816
0.0627813386243,-0.442824266946,0.75479843921,0.919835906328,-0.00870056299514,0.00375624968004,-0.392188852751
0.0628205965568,-0.442773406715,0.754832122794,0.919851481209,-0.00863306859882,0.00374199725801,-0.392153949489
0.0622519878902,-0.44305886744,0.75467992212,0.919772025873,-0.00845872616506,0.00408389605774,-0.392340658314
0.062306792386,-0.442676560264,0.75476155361,0.919853764848,-0.00853905249771,0.00403714021438,-0.39214772392
0.062648065795,-0.442163795408,0.755213640719,0.920004576837,-0.00851699728229,0.0038516704024,-0.391796125544
0.0631082724762,-0.44223003491,0.755028059682,0.919976091929,-0.00852273592562,0.00357942584429,-0.391865462834
0.0631965411625,-0.442609933234,0.754973151814,0.919898020309,-0.00843953472381,0.0035361013714,-0.392050892707
0.0628897157956,-0.442695971664,0.754885423032,0.919874190987,-0.00864615359441,0.00368929378359,-0.392100887395
0.0629721022576,-0.442256811967,0.755268078046,0.920002801659,-0.00876130475414,0.00363989694398,-0.391796931623
0.0618353447789,-0.443367069597,0.754175095668,0.919656507357,-0.00872963139577,0.00428844487272,-0.392603249161
0.061327398634,-0.443875025654,0.753677358385,0.919494197623,-0.00863536236006,0.00458574677268,-0.392981961394
0.0611380761058,-0.444240852002,0.753414647775,0.919386115999,-0.00860501528923,0.00469258416301,-0.393234158072
0.0624242267066,-0.443151585185,0.754359509297,0.919706612261,-0.00880794435677,0.00393748042376,-0.392487787998
0.0630205501216,-0.443089899452,0.754552976129,0.919739986565,-0.00874545548039,0.0036028900129,-0.392414185913
0.0626878731502,-0.44311042397,0.754596693546,0.919736552869,-0.00870716823167,0.00379579501686,-0.392421266598
0.0621449992156,-0.443251098866,0.754455667239,0.919690102026,-0.00855506227582,0.00412715868145,-0.392530118216
0.0620838385627,-0.442845852243,0.754814519556,0.91980993046,-0.00863261514113,0.00416069056055,-0.392247190478
0.0623300562074,-0.44263814592,0.754844732433,0.919859485887,-0.00865535448868,0.00402168293632,-0.392131912918
0.0627082159216,-0.442530032018,0.755072065564,0.919908848258,-0.00879404409572,0.00379112534173,-0.392015309719
0.0625033065123,-0.443270039182,0.75420619331,0.919664625784,-0.00872035188449,0.0038994017499,-0.392588494752
0.0627340154811,-0.443262058921,0.75417930846,0.919663821229,-0.00876973538455,0.00375580214949,-0.392590679478
0.0625278216556,-0.443506886468,0.753999126664,0.91959222273,-0.00865900010952,0.00388407983474,-0.392759569628
0.0624984104334,-0.443047941323,0.754707200867,0.919759769778,-0.00871031824838,0.00390828033519,-0.392365673318
0.0621032830238,-0.443424181561,0.754745887907,0.919686510245,-0.00870034245208,0.0041465609951,-0.392535135938
0.0622723898451,-0.443112172681,0.754947400998,0.91977411496,-0.0087234579803,0.00404822055256,-0.392330333572
0.0623376677871,-0.443029583278,0.754777827895,0.919772740474,-0.0087072792332,0.00400695343819,-0.392334338917
0.0626775156391,-0.442615364123,0.754752136494,0.919854885969,-0.00868627146528,0.00380562235479,-0.392144175892
0.06267384791,-0.442770335433,0.754496898521,0.919793929836,-0.00869812222201,0.00380285116127,-0.392286894543
0.062468595425,-0.443022533679,0.75430540262,0.919724434288,-0.00868766745134,0.00392183601779,-0.39244886114
0.0621697148726,-0.443208639381,0.754539224304,0.919713300296,-0.00855469571586,0.00412067432069,-0.392475836813
0.0615623375186,-0.443298465551,0.754550956098,0.919693185991,-0.00844169365687,0.00448613449225,-0.392521408393
0.0618001983545,-0.44303894598,0.754933574932,0.919784277403,-0.00854688877947,0.00434420836253,-0.392307228571
0.0620411811063,-0.443288801419,0.754365156608,0.919670454653,-0.0086756410696,0.00417316477569,-0.392573015865
0.0625516406766,-0.443104382762,0.754787833217,0.91975953057,-0.0087766236241,0.00387266760048,-0.392365109621
0.0625373362159,-0.443851050082,0.753794069838,0.919504768116,-0.00887658238981,0.00385435889307,-0.392959707368
0.0626430707814,-0.444140890173,0.753700812702,0.91943621874,-0.00887564470396,0.00379586727749,-0.393120660856
0.0619914930622,-0.444688132398,0.752911706411,0.919229185383,-0.00882356346008,0.00416150868419,-0.393601996074
0.0621354210585,-0.443869300471,0.753831550304,0.919486858488,-0.00860107298826,0.00411331580562,-0.393005113509
0.0622902596548,-0.443279671527,0.754205870668,0.919646694956,-0.00870342796867,0.00401865732737,-0.39262966927
0.0633885172168,-0.442620512836,0.754735314121,0.919845377198,-0.00879002889056,0.00339252010348,-0.392167959231
0.0636625743181,-0.44271703182,0.754737252878,0.919830140384,-0.00893763391202,0.00322068173567,-0.392201808703
0.0631258694846,-0.442736275317,0.754874913868,0.919827192474,-0.00889164168526,0.003541224967,-0.392207004551
0.0627016371819,-0.44401572337,0.753866671334,0.919427896659,-0.00903103479507,0.00375760470544,-0.393136952808
