ID,xp,yp,zp,xo,yo,zo,wo,xori,yori,zori,xoori,yoori,zoori,woori
15,0.178262102833,0.41174583231,-0.0261172323782,0.999998378401,-0.000210673228064,-0.00178852234355,0.0,0.0829434502299,-0.598327626735,1.78391234948,0.924736195225,0.00132466767177,0.00288415520277,0.380595449454
15,0.178384874373,0.409220721434,-0.0240015627352,0.999999146287,0.000722677582946,0.00108865168371,0.0,0.082377866255,-0.596069865114,1.7774941436,0.924241631459,0.000611691561714,0.00272955651299,0.381797828742
15,0.178772792617,0.415743791415,-0.0274252523142,0.999998727276,0.00137615966682,-0.000807236008739,0.0,0.0829023926343,-0.598780786547,1.78521182588,0.924635500833,6.4207476769e-05,0.00309463702453,0.380840661824
15,0.178885519989,0.418392305647,-0.0287265839341,0.999997310188,0.00207428364213,-0.00103776897607,0.0,0.0831038721112,-0.599846386795,1.78851124297,0.925148739686,-0.000282856598883,0.00286932276955,0.379593857217
15,0.178047082108,0.409728247598,-0.0248639302374,0.999993731573,0.00302025924871,-0.00184793108492,0.0,0.0826057070477,-0.596973018397,1.78053178072,0.923885917495,-0.000368896899073,0.00262001622991,0.382658870123
15,0.177660996004,0.408668040922,-0.0243198377238,0.999999353503,0.000416290460018,-0.00105815706906,0.0,0.082623866067,-0.596991658978,1.7801622631,0.924110672596,0.00151225714455,0.00196982531412,0.38211686388
15,0.177056807619,0.405974811378,-0.0231459203022,0.999949444186,0.00749567316993,-0.00670253360099,0.0,0.0825143162961,-0.596832294692,1.77999447292,0.924017339598,-0.00207437952609,0.00241949545172,0.382337284494
15,0.177474357674,0.411026184168,-0.0257140482116,0.999981967749,0.00190701327417,-0.00569451289869,0.0,0.0829460953599,-0.598795118625,1.7853092528,0.92475408025,0.000715834324431,0.0029167800486,0.380553374754
15,0.177216142029,0.409411966779,-0.0248082948302,0.999963884938,0.00440364830348,-0.00726888583335,0.0,0.0826733561524,-0.59848953306,1.78461722132,0.924622719421,-0.000773033320351,0.00315189998955,0.380870443428
15,0.176760899551,0.406623750407,-0.0227032495296,0.999982105258,0.00294953961501,-0.00520474597723,0.0,0.0826211616858,-0.596951465493,1.78004737957,0.924193124357,0.000376008807826,0.00256968559291,0.381916645651
15,0.177043721508,0.410945863211,-0.0250773404598,0.9999960799,0.00279986374501,3.07974386509e-05,0.0,0.0829154829485,-0.598503643869,1.78472723773,0.924396875851,0.00135867829266,0.000142933306439,0.381429612748
15,0.176948497088,0.408824975224,-0.024009099336,0.999977709775,0.00341604344458,-0.00573677609778,0.0,0.0828679608453,-0.598389007517,1.78424267781,0.924427335736,0.000393872478448,0.00258294902681,0.381349281084
15,0.176777213587,0.406617377196,-0.0227387353596,0.999989903206,0.00200911960954,-0.00401956768762,0.0,0.0826893327439,-0.597633070896,1.7818109493,0.924331110292,0.00135278935116,0.00202263719037,0.381583644102
15,0.177360912281,0.409432591248,-0.0242277790772,0.999982480782,0.00304044148871,-0.00507876403293,0.0,0.0829012647847,-0.598391162508,1.78412808437,0.924829742727,0.000353446060739,0.00294815673679,0.380369728575
15,0.17703085223,0.40935493538,-0.024137700384,0.999955560652,0.00329758751675,-0.00883191019327,0.0,0.0828629921862,-0.598517820391,1.78476302915,0.924229616444,-0.000357454893533,0.00381412353643,0.381817941924
15,0.177530552789,0.410430364118,-0.0247886864231,0.999979244134,0.000815842490607,-0.00639106423156,0.0,0.0829747852411,-0.598512271315,1.78444517902,0.924456873337,0.000904781427927,0.00363362241142,0.381268235628
15,0.177787805837,0.416465532466,-0.0281147422144,0.999979814358,0.00370113872447,-0.00516453760385,0.0,0.0830145712946,-0.600171396971,1.78928519839,0.925070187473,-0.000632913229786,0.00282689920867,0.379785144931
15,0.177174082984,0.40944884729,-0.0247811528227,0.999993226957,0.00177224431899,-0.00322570769575,0.0,0.0827646742955,-0.597791163297,1.78249483507,0.924140272802,0.00112582786183,0.00221461636124,0.382045264558
15,0.177006702383,0.410114231364,-0.0250358675946,0.99998879287,0.00192262300609,-0.00432639059436,0.0,0.0828580454695,-0.598068927497,1.78315764399,0.92433264991,0.00108100507464,0.00226168741724,0.381579439317
15,0.175827478408,0.399531710812,-0.0194795606556,0.999970455418,0.0058036299925,-0.0050404533936,0.0,0.0821669558439,-0.595288884993,1.77520132199,0.923603465192,-0.000187867333356,0.000661489130431,0.383348622304
15,0.177200260842,0.408804936247,-0.0243303721395,0.999968501099,0.00358902869155,-0.00707924310378,0.0,0.0828390366488,-0.598337091841,1.78403014444,0.924586438406,-9.61763696824e-05,0.00301234108731,0.38096041063
15,0.177826238917,0.412862007674,-0.0263593838795,0.999967551189,0.00407524902305,-0.0069490225753,0.0,0.0829987120995,-0.599728407021,1.78820967616,0.925075429639,-0.000631195885923,0.00362498124502,0.379765599522
15,0.177417550365,0.404838140847,-0.0221030754544,0.999991088092,0.00177167755789,-0.00383208747428,0.0,0.0825762017372,-0.59673385133,1.77963531042,0.923795463759,0.00100159527965,0.00256441366441,0.382876431409
15,0.17711760098,0.406118306838,-0.0228625022012,0.999989120404,0.00160144751642,-0.00438114583394,0.0,0.0826396517759,-0.59712882878,1.78043546093,0.924311383403,0.00116820025251,0.00216792639863,0.381631238127
15,0.177614209106,0.408989640241,-0.0244666018429,0.99999041706,0.00266247197479,-0.00347520243346,0.0,0.0827025745702,-0.597759386402,1.78216946864,0.92433319366,0.000464141519505,0.00238202810167,0.381578638833
15,0.177098236694,0.405381489745,-0.0225845273695,0.999985898919,0.0020177468632,-0.00491229684111,0.0,0.0825081778066,-0.596445053424,1.77837371446,0.924013335432,0.000789986987761,0.00301514320334,0.382347539256
15,0.177425623511,0.41045687151,-0.0251871627539,0.999972783596,0.00371165729003,-0.00637617971042,0.0,0.0827803562119,-0.598862080363,1.78550226834,0.924968022603,-0.000436912336382,0.00312406210302,0.38003184933
15,0.176983135616,0.406175694525,-0.0228723431071,0.999996911896,0.0013118653912,-0.00211073647991,0.0,0.0826823596352,-0.597430673432,1.78140846379,0.924270403629,0.0016802095238,0.000959506241811,0.381733515975
15,0.177248781974,0.406539265914,-0.0229959548251,0.999965698467,0.00393683488317,-0.00728719563293,0.0,0.0824930866815,-0.596907862197,1.78014401508,0.924234361788,-0.00108525307994,0.00343808639098,0.381808651393
15,0.177147612623,0.406136619916,-0.022467986787,0.999988190856,0.00302163994646,-0.00380628963077,0.0,0.0825355171828,-0.596472066472,1.77877481587,0.923832386666,0.000259231048214,0.00224631785424,0.382790553961
15,0.176864582685,0.408208694642,-0.0234466865354,0.99997399747,0.0039667725115,-0.00602238326368,0.0,0.0825729868013,-0.597588722005,1.78150129813,0.924642507794,-0.000412457070401,0.00257261890787,0.38082731558
15,0.177547411504,0.414548231936,-0.0271854680626,0.999996266905,0.00230975044331,-0.00145987285762,0.0,0.0830107165521,-0.599994628824,1.78874223128,0.92543814347,0.00109231683602,0.000917642382296,0.378896037703
15,0.178162251842,0.414299928687,-0.0270033212132,0.999986498338,0.00339191279921,-0.00393675873614,0.0,0.0829925044047,-0.599209298109,1.78651914266,0.925258451076,-0.000741142441725,0.00273136486998,0.379326757646
15,0.178690646913,0.412864601957,-0.0260305341099,0.999995340875,0.00260388381798,0.00159311547335,0.0,0.0827951956711,-0.598419910963,1.78435807593,0.924591792199,0.000190236540681,0.00164779071035,0.380955727603
15,0.179215684114,0.420736669491,-0.030232276572,0.999995330653,0.00295799551821,-0.000767420598246,0.0,0.083293816814,-0.601321736659,1.79279789439,0.92540527529,-0.000395163664165,0.00269021915436,0.378969237579
15,0.178865595818,0.413344066701,-0.0265230360103,0.999994237427,0.00338753409578,0.000222993953874,0.0,0.0828569569506,-0.599064884853,1.78595548823,0.925180692968,-0.00012887446653,0.00238686041848,0.379519395615
15,0.178721716315,0.415409676703,-0.0274066974742,0.999987366095,0.00308406169977,-0.00396940972699,0.0,0.0830220500056,-0.599967290913,1.7886614784,0.925173659762,-0.000746723796466,0.00368679249428,0.379525426352
15,0.177619708082,0.405762168105,-0.022363586729,0.999999348567,0.00114135801231,-1.29375047613e-05,0.0,0.0823434468199,-0.596404776488,1.77850716229,0.924220980815,0.00116430461735,0.00152713155853,0.381853232127
15,0.177934181914,0.412757397125,-0.0261429989207,0.999976565114,0.00414573713357,-0.00544812684192,0.0,0.0829700212012,-0.599430235997,1.7873481483,0.924885186326,-0.000912036865078,0.00294880312945,0.380233960691
15,0.177615774213,0.410281902196,-0.0247910877359,0.999991638082,0.00199983181867,-0.00356713308544,0.0,0.0827948993405,-0.598175291596,1.78371912818,0.924300569817,0.000598373971429,0.00242687045609,0.381657187649
15,0.176824061579,0.408504758454,-0.0243448203293,0.999965346382,0.00189126586021,-0.00810735149985,0.0,0.0829091785958,-0.598677295244,1.78504074128,0.924723143222,0.000939027599912,0.00319718455233,0.38062580657
15,0.17649013951,0.407237631233,-0.0236393767114,0.999942558913,0.00659034708737,-0.00845258537079,0.0,0.0825687958284,-0.598226779926,1.78366380934,0.9244707752,-0.00132234221264,0.00254319060946,0.381242140106
15,0.178041198011,0.413996335366,-0.0266745826414,0.999995988381,0.000786547573592,-0.00272113317577,0.0,0.0831230114388,-0.599479676169,1.7875700168,0.92509363594,0.00103284733283,0.00198941946758,0.379732458685
15,0.177841473256,0.411415340519,-0.0253736446054,0.999958999927,0.00155189158523,-0.00892132823536,0.0,0.0829199001464,-0.598475259439,1.78486008009,0.924732642181,-0.000410795941258,0.00475756184948,0.380587358352
15,0.177632042896,0.4138703797,-0.0263138486105,0.999982652743,0.000954426090445,-0.00581233894078,0.0,0.0831083927473,-0.599796699488,1.78800035905,0.925103964092,0.000493871162571,0.00252278066049,0.379705211039
15,0.176722600781,0.406834157943,-0.0233009599528,0.999916215991,0.000999129889333,-0.012905918722,0.0,0.0827372472315,-0.597839566067,1.78261380479,0.924277609314,-0.00030209515914,0.0044310561472,0.381695134107
15,0.177671438355,0.408690863284,-0.0243515895585,0.999981583824,-0.000166951759434,-0.00606664164971,0.0,0.0829490757359,-0.59837368741,1.78420188037,0.924363723088,0.00101989991911,0.00292141230431,0.381499846124
15,0.177450807772,0.409222734241,-0.0247432442736,0.999972342128,0.000570480269206,-0.00741549264081,0.0,0.0829207260087,-0.59843942527,1.78469635079,0.924464749956,0.000723816176723,0.00349929675905,0.381250779804
15,0.177085656152,0.40348668581,-0.0213512833465,0.999994365023,0.0021874322103,-0.00254657860695,0.0,0.0823552614344,-0.596075354344,1.77739950713,0.924160017683,0.000876650885491,0.00177377267394,0.382000454096
15,0.177849209357,0.410401847669,-0.0247928804366,0.999993677133,0.00190373460986,-0.00300357926704,0.0,0.0828425248285,-0.598074893144,1.78334735012,0.924813733937,0.000542720007523,0.00264812151108,0.380410633959
15,0.178332056922,0.413697263367,-0.0266321687139,0.999998745318,0.00106381979494,-0.00117373358253,0.0,0.0830142631793,-0.59916826923,1.78646214402,0.924655246073,0.00101630644957,0.00234123344615,0.380796745858
15,0.178005393829,0.413589654877,-0.0267181678015,0.999981146899,0.00299714970653,-0.00535937865387,0.0,0.0829460153123,-0.599454904068,1.78720389798,0.925025659784,-0.000507400426984,0.00321776369396,0.379890664905
15,0.177019186617,0.411252576175,-0.025672381768,0.999977807149,0.00328691543289,-0.00579494581176,0.0,0.0827825475147,-0.599208623309,1.78657657679,0.924757243046,8.60058345909e-05,0.00203934595312,0.380552066221
15,0.177614268163,0.415173003493,-0.027202562669,0.999978364386,0.00550072825861,-0.00360731864801,0.0,0.0829923339383,-0.599653481791,1.7879027321,0.924882209505,-0.000979212144497,0.00180251395977,0.380248196087
15,0.177966255582,0.420181694452,-0.0299362416494,0.999976335597,0.00414670240501,-0.00548936295545,0.0,0.0833507714971,-0.601460434226,1.79331478591,0.925138092164,-0.000677515254739,0.00292082397261,0.379618914423
15,0.177750977392,0.415550538496,-0.0274663767873,0.999984159367,0.00469681116148,-0.00310177032535,0.0,0.0828873322095,-0.599648627307,1.78782827078,0.925046387988,-0.000736584241054,0.00214393682561,0.37984739179
15,0.176975908336,0.410107489722,-0.0248617940042,0.999980484086,0.00359865979654,-0.00510696531458,0.0,0.0828882906464,-0.598696175788,1.78508252982,0.924621519555,0.000205564774537,0.00190263285541,0.380882374635
15,0.176427153526,0.409825780697,-0.0248595641961,0.999937928693,0.00338222996806,-0.0106159917621,0.0,0.082661146327,-0.598802942036,1.78532194948,0.925036361726,-0.00044980214253,0.00397806797506,0.379857476087
15,0.176308453575,0.407513359468,-0.0239461373207,0.999942687902,0.00332033080709,-0.0101782274983,0.0,0.08286594088,-0.598190790547,1.78379302131,0.924324902073,4.26205473225e-05,0.00331371543107,0.381592050337
15,0.176789506182,0.408820189287,-0.0247126806328,0.999977987254,0.00227373492112,-0.00623338887812,0.0,0.0828633494528,-0.598760354913,1.78528363805,0.924535713892,0.00104050453064,0.00244902067836,0.381086123319
15,0.176596709394,0.406666768153,-0.0235612097308,0.999957829907,0.00462758115027,-0.00793245868492,0.0,0.0826603595908,-0.59795921151,1.78297772331,0.924342318482,-0.00035654679355,0.00283805750565,0.381553530409
15,0.176951650607,0.408667193332,-0.0245181415939,0.999966089014,0.00333622908865,-0.00752930254928,0.0,0.0826348811945,-0.598483409944,1.78419840509,0.924902763892,-6.08364391602e-05,0.00323349243584,0.380189976421
15,0.177129978135,0.409684966974,-0.0249049697469,0.999981199482,0.00418235810658,-0.00448425716914,0.0,0.0828053150412,-0.598707815211,1.78479369865,0.925158106467,-1.91335298519e-05,0.00155069537112,0.37957881002
15,0.177069781385,0.407144333008,-0.0238246352604,0.999984575693,0.00116690583377,-0.00543016639296,0.0,0.0827352565538,-0.597575439564,1.78227608382,0.923868871694,0.00123710662228,0.0025161067825,0.382698898206
15,0.17607573203,0.396805085598,-0.0181276133142,0.99995852024,0.00311265785986,-0.00855974069896,0.0,0.0819149264459,-0.594453991451,1.77258364344,0.923502927218,-0.000103948778339,0.00299664953455,0.383579656273
15,0.176066740711,0.402506915981,-0.0212353897541,0.99992268583,0.00230209920513,-0.0122197668573,0.0,0.0824506774002,-0.596359874116,1.77857745581,0.923874052511,-0.000159057584156,0.00388339007471,0.382676925198
15,0.176446414482,0.406400838725,-0.0231234246105,0.999953989339,0.00309864904614,-0.00907841283622,0.0,0.0826577335054,-0.59766962647,1.78195063032,0.924430776125,-0.000224502934584,0.00252573854064,0.381341461679
15,0.176850518179,0.408901246666,-0.0243164748598,0.999986122584,0.00143441063205,-0.00506923117042,0.0,0.0828583690166,-0.598137739007,1.78350722809,0.924287820027,0.00130006535446,0.00169099918028,0.381690288195
15,0.176601546033,0.404814531514,-0.0222377757298,0.999955261668,0.00499021621347,-0.00803569560136,0.0,0.0825311910359,-0.59690366325,1.7800210134,0.924492959746,-0.000724901328679,0.00287558151711,0.381187582338
15,0.176905098556,0.407655871644,-0.0240173145853,0.999986184159,0.00150538094916,-0.00503639938876,0.0,0.0826762859743,-0.598317855499,1.78434167635,0.924519721647,0.00138460911391,0.00225797886669,0.381125004001
15,0.177491680155,0.408446789167,-0.0240305027234,0.999984453965,0.000969756138098,-0.00549102908771,0.0,0.0827756408539,-0.598023544867,1.78327958822,0.924580138432,0.000884887806878,0.00335434022343,0.380971827033
15,0.177662121088,0.411425147414,-0.0256666930634,0.999958839023,0.00169655475142,-0.00891302204565,0.0,0.0829635079371,-0.598835735855,1.78573000789,0.924525599073,-0.000224469472223,0.00443369231707,0.381094094213
15,0.176727905255,0.400595692428,-0.0194161875533,0.999977862554,0.00395127032292,-0.00535367759836,0.0,0.0820037384941,-0.594759574556,1.77331601965,0.923948834791,-0.000751840442459,0.00232201786065,0.382508292272
15,0.17688857924,0.413188862369,-0.0267003534444,0.999962489578,0.00460294228154,-0.00733705384532,0.0,0.0829941974953,-0.600306158577,1.78971540086,0.92506309983,-0.000429001430234,0.0022952108953,0.379806278645
15,0.176808170641,0.409206593186,-0.0245432472505,0.999976057051,0.00433044680852,-0.00539745827592,0.0,0.0828941740579,-0.59884608693,1.78542865074,0.924933680603,3.75890594748e-05,0.00143387961104,0.380125806889
15,0.176384125749,0.404443685053,-0.0222475665173,0.999948673947,0.00507546072884,-0.00876864702643,0.0,0.0826342650369,-0.597279102022,1.78106690677,0.924530478359,-0.000556761334983,0.00296614036274,0.381096164523
15,0.176701647446,0.407255412494,-0.0234673920694,0.99997685389,0.000807806262718,-0.00675567418423,0.0,0.082861414852,-0.598255753509,1.78378575727,0.924836555199,0.00181453205031,0.00297957256243,0.380348755472
15,0.176467631094,0.404420346848,-0.022064581613,0.9999769762,0.00169962077087,-0.00656950212993,0.0,0.0826359154153,-0.597445007635,1.78153932095,0.924029312174,0.00137114907857,0.00223860766357,0.38231261924
15,0.177312894655,0.410152555113,-0.0249827683864,0.999979958295,0.00257291356943,-0.00578473206683,0.0,0.0828966358143,-0.598765271437,1.78533584971,0.924441199095,0.00034874445896,0.0026828641313,0.381315027285
15,0.177472897363,0.406000015468,-0.022992846519,0.999973153661,0.000751864459948,-0.00728880349386,0.0,0.0826623459371,-0.597415693464,1.78135188321,0.924113569715,0.000455184248636,0.00378142304402,0.382098945189
15,0.177140141804,0.408060527942,-0.0238798840251,0.999972468677,0.0042957756605,-0.00605047106346,0.0,0.0826801372251,-0.598033948003,1.78315687027,0.924420068062,-0.000647385352926,0.00263317249017,0.381366208597
15,0.178172633826,0.413850968044,-0.0267921376944,0.999997085629,0.00158013501288,-0.00182535141572,0.0,0.0831662001905,-0.599629786056,1.78797216209,0.924446505045,0.00102924812719,0.00209868435911,0.381304596723
15,0.178206333408,0.41737642995,-0.0284848804211,0.999978702774,0.00425622253941,-0.00494758200201,0.0,0.0831110891219,-0.60070080598,1.7908375788,0.925382464131,-0.000699473387163,0.00344875088071,0.379018353029
15,0.177094551631,0.402027984509,-0.020399937653,0.999994712764,0.00224357788304,-0.00235389093667,0.0,0.082199328949,-0.595005677806,1.77436805547,0.92348155775,0.000910226244326,0.00235130005829,0.383634533603
15,0.176764652772,0.40289405324,-0.0208363287733,0.999963429155,0.00589638102548,-0.00619459786392,0.0,0.0823804399663,-0.595749352202,1.77655163526,0.923959149377,-0.00116414140853,0.00257639108546,0.382480714896
15,0.176539838625,0.402773368075,-0.0207849218339,0.999985875172,0.00442139705859,-0.00294969558637,0.0,0.0820373117066,-0.595421327835,1.77505142528,0.924313030692,-0.00028710029404,0.00177600502825,0.381630953504
15,0.177944404247,0.412397794666,-0.0261554862686,0.999996013327,0.00191340011692,-0.00207659083078,0.0,0.0828474877652,-0.598523392013,1.78482986653,0.924606094878,0.000597032463623,0.002595113754,0.380915316377
15,0.177286029099,0.408749156289,-0.0241759976069,0.999984187793,0.00369723445721,-0.00423728935463,0.0,0.0827644585784,-0.597766444708,1.78238640053,0.924509572138,-5.04103547374e-05,0.00208192949593,0.381153137274
15,0.177197916358,0.408526466965,-0.0236591181555,0.999982323837,0.00310300692963,-0.0050718202952,0.0,0.0827215461414,-0.597876414082,1.78282270076,0.924203587756,0.000352820867998,0.00249760307113,0.381891824833
15,0.177835619653,0.407854489153,-0.0232653744727,0.999976702789,0.0032633926076,-0.00599534387477,0.0,0.0827104344637,-0.597303515124,1.78130492432,0.924523227062,-0.0004029858045,0.00414174792988,0.381102986278
15,0.177859755326,0.413984110668,-0.0267638915292,0.99999263349,0.00266213666671,-0.00276513911312,0.0,0.0830047618791,-0.600087844725,1.78912933493,0.925304119288,0.000814926895554,0.00257241841341,0.37921630422
15,0.177544967305,0.412619850434,-0.0264628780039,0.99996532009,0.00386358255937,-0.00737776029556,0.0,0.0830884884249,-0.599999954406,1.78895795415,0.925153707565,-0.000126506482316,0.00373742573562,0.379574278664
15,0.176837494367,0.41096660171,-0.0255548858002,0.999958408769,0.00179859600601,-0.00894124062547,0.0,0.0830446720119,-0.599549319108,1.78794231802,0.924725812928,0.000833507561624,0.00335588679579,0.38061820003
15,0.177227375563,0.411114850974,-0.0255087428995,0.999953412437,0.00227700612524,-0.00938020251785,0.0,0.0829770620432,-0.599486998539,1.78729126385,0.924967735781,7.75031066582e-05,0.00389868529305,0.380025633361
15,0.177253926657,0.406727174528,-0.0227708700375,0.999978501965,0.00309709493086,-0.00577958571322,0.0,0.0825993331298,-0.597170583074,1.78054852811,0.924262247662,-0.000154751795391,0.00290882686804,0.381747052805
15,0.177832022678,0.41059268769,-0.0250142868188,0.999998224198,0.00168919499946,-0.000835595974118,0.0,0.0828450011296,-0.598561939365,1.78474259343,0.924815575309,0.00138474820537,0.00181028971816,0.380408933899
15,0.177817531035,0.410291154037,-0.0249827883212,0.99999733743,0.00143165604643,-0.00180983251673,0.0,0.0828297633531,-0.59836223608,1.78451453398,0.924713913168,0.00133576976637,0.00231134055974,0.380653454229
15,0.177621015751,0.408874593876,-0.0244215035822,0.999989733136,0.00292958882934,-0.00345704080942,0.0,0.0827954164121,-0.598386506062,1.78434331088,0.924274977285,0.000631293686554,0.00248613297703,0.381718727567
15,0.177356434219,0.409753503621,-0.024867149337,0.999981131187,0.00132971621343,-0.00599742653408,0.0,0.0829930855418,-0.598803275201,1.78578054975,0.92454200741,0.00112960051523,0.00288285602068,0.381067565764
15,0.177817854832,0.414308514272,-0.0271993298772,0.999984470799,0.000547800479742,-0.00554599627775,0.0,0.0829763476983,-0.599317963529,1.78712908325,0.924892622627,0.000797648900482,0.00362800312069,0.380210254937
15,0.1779011615,0.415432189021,-0.0278236210638,0.999956481567,0.00168853784132,-0.00917517363154,0.0,0.0830606384994,-0.599716735488,1.78835104905,0.924946334365,-0.000373132580503,0.00512774220994,0.380062949492
15,0.177907040992,0.41150328235,-0.0261337268218,0.999997193588,0.00115779138995,-0.00206696289855,0.0,0.082625054917,-0.598377750482,1.78407246283,0.924737522831,0.000897617949892,0.00262887438712,0.380595319427
15,0.177995960103,0.408075650128,-0.0242372228639,0.999996211544,0.00189981678579,-0.00199188197626,0.0,0.0826012756148,-0.597022213632,1.78006722119,0.924630433375,0.000526947217739,0.00273551054939,0.380855354414
15,0.177500218131,0.406714446455,-0.0238230422455,0.999982703136,-0.000730122272707,-0.00583612455537,0.0,0.082619634703,-0.597048587347,1.7805360652,0.924323825689,0.00149614174383,0.00396951206065,0.381585468535
15,0.17739981934,0.411048339811,-0.0257923421856,0.999984470723,0.00185585600238,-0.00525491309932,0.0,0.0829540372401,-0.598559774993,1.78480867646,0.924998111089,0.000536401564818,0.00251784973194,0.37996298134
15,0.176784764871,0.405838662184,-0.0230488103159,0.999980745725,0.00228543392481,-0.00576931291724,0.0,0.0827061467897,-0.597472671073,1.78144549633,0.924602105037,0.000885099048586,0.00217191648047,0.380927088482
15,0.17684047797,0.407877740704,-0.024106938531,0.999977568208,0.00220132071454,-0.00632592027239,0.0,0.0827711081839,-0.598252939795,1.78360594564,0.924983105629,0.00082543757053,0.00244833833791,0.379999445518
15,0.176705727545,0.409346630312,-0.0247280624805,0.999956537124,0.00450024790076,-0.00816526987926,0.0,0.0828240437386,-0.599033282117,1.78603480832,0.924831961811,-0.000225074419975,0.00319605078955,0.380362428499
15,0.176447249125,0.406925468017,-0.0231055867292,0.999959725099,0.00567990192126,-0.00694887723466,0.0,0.0826141252146,-0.597906647156,1.78260563332,0.924797576907,-0.00039676743162,0.00271010858068,0.380449654534
15,0.177332082414,0.4098602546,-0.0247647201389,0.999985173661,0.00262405202317,-0.00477145779424,0.0,0.0830207382075,-0.598966774723,1.78605375237,0.924493620336,0.0011499082624,0.00273920989866,0.381185939402
15,0.177404298679,0.406154474142,-0.0226710006778,0.999969910386,0.00616253229556,-0.00471184863765,0.0,0.0825711892393,-0.597144668114,1.78090684475,0.923775247205,-0.00104958997538,0.00252421611761,0.382925344349
15,0.17706373111,0.404978569489,-0.0220463583727,0.999990948161,0.000356047489997,-0.00423990868501,0.0,0.0825145376021,-0.597039994419,1.78022058284,0.924493937991,0.00182494070017,0.00254910782599,0.381183853616
15,0.177410630719,0.408456895562,-0.0238467273654,0.999983460826,0.00339596728779,-0.00464171093659,0.0,0.0827267776187,-0.597897023425,1.78289413712,0.924384224219,9.87155921419e-05,0.00236253679357,0.381455390171
15,0.176765670674,0.40728024407,-0.0235035594257,0.999949367401,0.00626258781603,-0.00787671427475,0.0,0.0826156278363,-0.598040135443,1.78334627347,0.924619316791,-0.00135626948034,0.00238831605544,0.38088262693
15,0.176759309114,0.409417062911,-0.0245029483135,0.999958772597,0.0044074768869,-0.00793897056767,0.0,0.0828278034857,-0.598924673396,1.78574408354,0.92516170517,-0.000328399070446,0.00251847784224,0.379564709518
15,0.175583731619,0.408426267951,-0.024175784456,0.999893382513,0.0027792192079,-0.0143352553886,0.0,0.082833023781,-0.59899988388,1.78620962985,0.924530969573,2.11406029042e-05,0.00348881944567,0.381090952388
15,0.176834200993,0.405013505775,-0.0219207284074,0.999987634611,0.00228604151013,-0.00441640568882,0.0,0.0825597833561,-0.596425818067,1.77867715706,0.924152076739,0.000636952616902,0.00157396448402,0.382021015111
15,0.178099911971,0.411768461554,-0.0253354715717,0.999998930635,-0.000692692207682,0.00128798519753,0.0,0.082748217102,-0.597903600001,1.78283058255,0.924611156481,0.00212906087784,0.00133266410982,0.380904056709
15,0.178935228205,0.41555891233,-0.0277326639955,0.999994432366,0.00192814328987,-0.00272350894862,0.0,0.0828971059522,-0.599044509068,1.7863088296,0.924793896366,-7.30647653852e-05,0.00417350537601,0.380445562148
15,0.179013498481,0.414468018178,-0.0271432066349,0.999997314296,-0.00129273170419,0.00192360218535,0.0,0.0829795376697,-0.598646153155,1.78513488162,0.924588855978,0.00225147251554,0.00256120815964,0.380951202237
15,0.177574568018,0.407672600078,-0.023815509825,0.999998839616,0.000106334360446,-0.00151969095611,0.0,0.0826589916017,-0.597363361552,1.78100508102,0.924521361977,0.00200191444215,0.00188821132049,0.381120293666
15,0.176945725645,0.408441029158,-0.0244751528059,0.99997449626,0.00069700402936,-0.00710781367511,0.0,0.0827822408759,-0.597980876195,1.7831887852,0.924495098973,0.00138898783755,0.00331597222256,0.381176975979
15,0.17716198287,0.415531901737,-0.0278647688146,0.999978939287,0.00352252127261,-0.00545094720508,0.0,0.083193598992,-0.600389428022,1.79034033382,0.924800036274,0.000302178845118,0.0020546533502,0.380447867645
15,0.177135732809,0.413718275455,-0.0268731744974,0.999988129073,0.00138424855817,-0.00467178444131,0.0,0.0829974502469,-0.599610421994,1.78805189217,0.924781247474,0.0011947456774,0.0020757555261,0.380491666324
15,0.17766418991,0.407627006363,-0.0232258702184,0.99999345695,0.00135559196965,-0.00335386750599,0.0,0.0827152454627,-0.597282099585,1.78114088549,0.92393043167,0.000763201175545,0.00242310758158,0.382552092541
15,0.177439621117,0.407507104332,-0.0236055739683,0.999980135792,0.000318509592397,-0.00629496406195,0.0,0.0828707813614,-0.597983393911,1.78325801118,0.924334510255,0.00127929062332,0.00317525628096,0.381567810899
15,0.176687562528,0.40646553489,-0.0231234623403,0.999981730473,0.00344678510152,-0.00496572183515,0.0,0.082780477972,-0.598219737379,1.78387623016,0.924819733083,0.000734790753639,0.00150137946613,0.380401981123
15,0.17659623976,0.403378773351,-0.0215219098822,0.999973063038,0.00245284150005,-0.00691785852964,0.0,0.0826735166886,-0.597038577808,1.78060593533,0.924078446954,0.000866249185706,0.00258769283738,0.382193115235
15,0.177298791792,0.410061137531,-0.0247664859739,0.999990695787,0.00246182672055,-0.00354228004863,0.0,0.0828860922816,-0.599173342676,1.78642073763,0.924920135805,0.00094655222225,0.00168106362936,0.380156573595
15,0.177902231083,0.404745814076,-0.0216679943646,0.999979494166,0.00322000481444,-0.00553559538823,0.0,0.0823812488249,-0.596286088966,1.77816962004,0.924018183896,-0.000742151758733,0.00435437158363,0.382323010671
15,0.177805975129,0.407281841139,-0.0230596968098,0.999999118226,-0.000196783990406,-0.00131332544118,0.0,0.0825277368568,-0.597136838139,1.78045288245,0.924735411661,0.00170801644248,0.00241937386173,0.380599064279
15,0.178189226943,0.414521945404,-0.0271030511845,0.999997877639,0.00205821053815,-9.21239339586e-05,0.0,0.0829842066294,-0.599449883125,1.78738737482,0.925163581436,0.000916598692915,0.0015216765756,0.379564476646
15,0.177809446202,0.410858292201,-0.0248867561927,0.999996917547,-0.000549953188281,-0.00242124906181,0.0,0.082819753444,-0.598130142811,1.78352683473,0.924648929239,0.00184732156558,0.00269110173564,0.38080664783
15,0.177952073033,0.409571363396,-0.0242030567523,0.99999873157,0.00066116013481,-0.00144904287278,0.0,0.0828201132923,-0.598185947948,1.78355780186,0.925058987358,0.00145497202231,0.00216945688308,0.379814489484
15,0.1770414767,0.407082658142,-0.0233881966619,0.999978719991,0.00460554238499,-0.00462044850958,0.0,0.0827642654181,-0.598102606381,1.7837845214,0.924139266321,-0.000339074130611,0.00132852695009,0.382053316289
15,0.177157011854,0.40808506398,-0.023720716073,0.999973508254,0.00316993028902,-0.00655242943716,0.0,0.0828840447072,-0.598612001295,1.78470913199,0.924947422918,-6.57037254352e-06,0.00248363269367,0.380086958949
15,0.176610251875,0.405993719198,-0.023014074458,0.999971466549,0.00201970541209,-0.00727920853525,0.0,0.0826884062658,-0.597786127573,1.78274690003,0.924429707054,0.00068995197042,0.00258547575991,0.381343094861
15,0.176785481735,0.410822131551,-0.0255045111476,0.999949835559,0.00528494282825,-0.0085085689327,0.0,0.0827822616256,-0.59908171405,1.78636436683,0.924826361055,-0.0011568849797,0.00301373984375,0.380375841619
15,0.177149695228,0.40915651667,-0.0242371771184,0.999995554812,0.000426595006051,-0.00295099528306,0.0,0.082745630964,-0.598032477357,1.78323276233,0.924281942849,0.00172902422106,0.00183496130204,0.381702152883
15,0.177278474442,0.407327553183,-0.0228775530033,0.999972533889,0.000675780911743,-0.00738070376259,0.0,0.0825269314394,-0.596723230552,1.77943179712,0.924525822153,0.000481914042283,0.00428537494855,0.381095011109
15,0.176979197418,0.411133500597,-0.0251322439761,0.999963013338,0.00432488866952,-0.00743419754215,0.0,0.0826171216716,-0.599013844634,1.78587327881,0.925187638005,-0.000460547312104,0.00331308200197,0.37949525144
15,0.177217154109,0.407351640725,-0.0232483556503,0.999978453103,0.00122451006088,-0.00644933373959,0.0,0.0828428549974,-0.597518591481,1.78192088901,0.92421534759,0.00117259690703,0.00339207004407,0.381854828641
15,0.177101308615,0.413188113375,-0.0266649839297,0.99996554401,0.00175543463865,-0.00811352214538,0.0,0.0831267867407,-0.600082250667,1.789352789,0.92497505734,0.000889815687707,0.00342650682162,0.38001132954
15,0.177776322305,0.41243580382,-0.026339786386,0.999997621824,0.00109130029729,-0.00188822956845,0.0,0.0829611066746,-0.599103059165,1.78662348773,0.924434380834,0.00171193681323,0.0021683247338,0.381331146345
15,0.177525321133,0.406647384048,-0.0232875975827,0.99997277659,0.00413508846073,-0.00611122924674,0.0,0.082511316325,-0.597357846533,1.78127305997,0.924505659511,-0.00070258676274,0.00348473509194,0.381151739502
15,0.177850663844,0.405487554082,-0.0228219934453,0.999991104305,0.00130588827919,-0.00401073152871,0.0,0.0826305635677,-0.597173723831,1.7808083359,0.924363622592,0.000980231454943,0.00344455841109,0.381495828801
15,0.177685003586,0.411123317075,-0.0256961214529,0.999975266882,0.00440150916819,-0.0054856485981,0.0,0.0829582031518,-0.599497762967,1.78762226544,0.924811615479,-0.000433948911474,0.0027778469118,0.380414998561
15,0.177210624194,0.41424980602,-0.0273858577647,0.999966499515,0.00274789720356,-0.00771031182496,0.0,0.0830689321675,-0.600749393337,1.79121825853,0.925412688348,0.000207142262953,0.00313164359769,0.378947893706
15,0.176915529908,0.410865949399,-0.0255404650266,0.999969372728,0.00177426062741,-0.00762270330237,0.0,0.083019707985,-0.599036009765,1.78630818553,0.924668483147,0.000770857348045,0.00273591299617,0.380762546522
15,0.176657103962,0.407069987636,-0.023585887143,0.99995520466,0.00214609912991,-0.00921861876029,0.0,0.0826966515947,-0.597446846732,1.78175032528,0.924098836987,6.74352767774e-05,0.00358990285157,0.382136686972
15,0.177385638868,0.408690403643,-0.0243700665863,0.999989772708,0.000756592569486,-0.00445892885991,0.0,0.0827515598763,-0.597888946821,1.7831696351,0.924228205975,0.00131634887692,0.00286516699895,0.381827554433
15,0.178253353007,0.414036330279,-0.0267793227222,0.999990307446,0.00355405616475,-0.00259878786066,0.0,0.0828688460992,-0.59973349086,1.78805347611,0.925145061075,-0.00033100236932,0.00295274261442,0.379602143983
15,0.178718733914,0.414078681378,-0.0270815347902,0.999988051671,0.0048562236361,-0.000560007189137,0.0,0.0831073054976,-0.600064408826,1.78919904004,0.924861265518,-0.000448576128191,0.00188844417488,0.380299713518
15,0.178500708143,0.410791677065,-0.0252038744388,0.999991639577,0.00366271878282,-0.00181803962564,0.0,0.0828805211347,-0.598487519465,1.78469726363,0.92485545164,-0.00014086096124,0.00295010491268,0.380307337045
15,0.177979614619,0.409356841737,-0.0245006388506,0.99998849897,0.00395999726276,-0.00270561438335,0.0,0.0826935115894,-0.598372509771,1.7842290243,0.924781166967,2.36197109731e-05,0.00247095586829,0.38049137578
15,0.178637395176,0.414410829629,-0.0271812051179,0.999987276882,0.00467831825166,-0.0018866404685,0.0,0.0829434796555,-0.599640296444,1.78807310381,0.925099871354,-0.000442677323738,0.00294914153468,0.379712173392
15,0.177858180186,0.414392026438,-0.0274707128275,0.999989809057,0.00355889051734,-0.00277778345397,0.0,0.0831387257732,-0.600260643056,1.78981783746,0.924898884504,0.000513759305251,0.0019744598724,0.38020769456
15,0.177942714597,0.415715089588,-0.0280864096306,0.999994495639,0.00271120238749,-0.00191260891109,0.0,0.0831889306999,-0.600453392828,1.79013336767,0.925224696744,0.000870941729642,0.00183661878194,0.379414191652
15,0.176794846442,0.409383568185,-0.0248359628238,0.999974680055,0.00217476374859,-0.00677566619495,0.0,0.0831072182957,-0.599092380351,1.78638911951,0.925022977202,0.00110494306862,0.00237233271396,0.379902148962
15,0.177396998688,0.414106190002,-0.0273429550111,0.999978712551,0.00168558419062,-0.00630343160675,0.0,0.0832317783491,-0.600234297864,1.79001404175,0.92492006715,0.00107403853534,0.0029957692253,0.380148314728
15,0.176468421423,0.401427616905,-0.0203559784154,0.999978414821,0.00212412322316,-0.00621755527309,0.0,0.0825069871009,-0.5960539613,1.77737475687,0.924090865693,0.00122824493351,0.00269969416292,0.382161320659
15,0.176352505374,0.399381791733,-0.0192900739984,0.99997302166,0.00301794827898,-0.00669686044492,0.0,0.0821677597788,-0.595058700397,1.77444030351,0.924079169365,0.000426286941656,0.00291670451047,0.382189743268
15,0.177394951879,0.407439066722,-0.023446264248,0.999990787661,0.00306998541215,-0.00299996379764,0.0,0.0828033278318,-0.597868853238,1.78278998404,0.924553185229,0.00076366322008,0.0019504295898,0.381047267837
15,0.177533303324,0.407716359576,-0.0236701798541,0.999977975962,0.00452326998833,-0.00485670867386,0.0,0.0825631958666,-0.597762368988,1.78245320291,0.924311858103,-0.000659410798133,0.00297701428194,0.38162585281
15,0.177770242771,0.405180350776,-0.0224471254173,0.999991621854,0.000901265156855,-0.00399298673189,0.0,0.0826048008255,-0.596727874079,1.77942590825,0.924475243796,0.000947773491539,0.00328217023258,0.381226773316
15,0.176884244063,0.413669207068,-0.0275940889538,0.999965393376,0.00385563862355,-0.00737198077954,0.0,0.0830061933935,-0.600293517851,1.78973890883,0.924947013119,-0.000192310790184,0.00244737029984,0.380088142828
15,0.176359680787,0.412108974608,-0.0267591032621,0.999936056455,0.00461151074419,-0.0103255494113,0.0,0.0829312581246,-0.600148138888,1.78923716689,0.925522194459,-0.000737325099388,0.00269166520458,0.378683084985
15,0.176663730574,0.40910128942,-0.02491073124,0.999941084463,0.00524790325135,-0.0095019532341,0.0,0.0827662325922,-0.598231243054,1.78371759079,0.924825343156,-0.00118000055084,0.00318920216971,0.380376814809
15,0.177837948099,0.413280934935,-0.0267367738901,0.999995687658,0.000704035482853,-0.00285113988727,0.0,0.0830989774188,-0.599386667695,1.78730952908,0.924957749091,0.00148729799679,0.00203154227404,0.380061604449
15,0.178142226991,0.413254317288,-0.0267992984572,0.999998604176,0.00110244977456,-0.0012554878089,0.0,0.0828582224833,-0.598898766833,1.78589819764,0.924934974646,0.0011593606903,0.00214312666662,0.380117554932
15,0.178103389952,0.414894701067,-0.0275364236389,0.999987870781,0.00334058824973,-0.00361922092089,0.0,0.0831269534525,-0.600005066677,1.78882240192,0.925156419828,0.000161189089835,0.00257714723612,0.379577305936
15,0.177907244891,0.413521187768,-0.0268021881152,0.99998022058,0.00450238194281,-0.00439169745004,0.0,0.0829296522782,-0.599497046269,1.78735029425,0.924980495559,-0.00051689511804,0.00273589559601,0.380004382251
15,0.177884424863,0.409835403163,-0.0249063001436,0.999983277859,0.00424598251104,-0.00392627486855,0.0,0.0827509191868,-0.598016281707,1.78340835653,0.924626569068,-0.000327144735554,0.0029430855228,0.380863412521
15,0.178786402044,0.413793567577,-0.0265893685413,0.999990681788,0.00248037872373,-0.00353327886644,0.0,0.0827520087856,-0.598749113476,1.78528451724,0.925326621107,-0.000344825390453,0.00461279761577,0.379142779786
15,0.178053414863,0.41255120866,-0.0261070128323,0.99999781426,0.00204088319324,-0.000454170531687,0.0,0.0826647756693,-0.598716350393,1.78503722396,0.924889822949,0.000786967110375,0.00218114063029,0.38022814035
15,0.177348046432,0.403321042212,-0.0210659103274,0.999986392359,0.00133646607922,-0.0050427131494,0.0,0.0823243418543,-0.595607917598,1.77603102702,0.924130313498,0.000602284830779,0.00378410808584,0.382058217361
15,0.176867446688,0.40392634837,-0.0218901060012,0.999967933904,0.00225884638569,-0.00768301876146,0.0,0.0824587352758,-0.597142635947,1.78059581909,0.924246454025,0.000304972953685,0.0030792800569,0.381783861953
15,0.177807648512,0.404557466934,-0.0221111213302,0.999978666572,0.00374010146688,-0.00535518829645,0.0,0.0824882187751,-0.596781024728,1.77985995724,0.924210595095,-0.000611345641378,0.00324301890244,0.381868936938
15,0.178407131031,0.410112238215,-0.0251816389344,0.99999288583,-0.00126017398099,-0.00355531300367,0.0,0.0830047359545,-0.59884373921,1.78597016646,0.92459364189,0.00192854664097,0.00330837202233,0.380935601853
15,0.178179302811,0.407382372916,-0.0234491083801,0.999995738088,0.00227304977191,-0.00183222538974,0.0,0.0825661943372,-0.597432500385,1.78151186712,0.924223422276,0.000482418215183,0.00256427567214,0.381843236786
15,0.178177494696,0.413526300605,-0.0268835952945,0.999990685404,0.00342050554352,-0.00263234621661,0.0,0.0829201668155,-0.599462069158,1.78750965271,0.924843562284,7.36403272022e-05,0.00240456212271,0.380340108272
15,0.178131155188,0.409864621544,-0.0250444545601,0.999999666474,0.000809279550081,0.000110085503582,0.0,0.0829624483942,-0.598261818358,1.78418940348,0.924561490133,0.00186354180861,0.0014126299582,0.38102569815
15,0.177322584624,0.405356893215,-0.0224147715085,0.999992430336,0.00154357652488,-0.00357164407735,0.0,0.0825623288595,-0.596840306985,1.77976397809,0.924362436234,0.00134648403548,0.00263437370484,0.381504041309
15,0.17746071855,0.408915314984,-0.0240109422043,0.999982800395,0.00486142709047,-0.00328107314438,0.0,0.0825373248921,-0.5978769272,1.78277958462,0.92480609285,-0.000637369543362,0.00201080887036,0.380432965231
15,0.177179313655,0.402953761891,-0.0205610556922,0.999994322846,0.00336558078941,0.000164746499391,0.0,0.0821581756982,-0.595300053453,1.77516952238,0.923822415998,0.00058787223681,0.00100960893233,0.382819512037
15,0.178138671164,0.416863759132,-0.0280201429033,0.999989563152,0.00181759473493,-0.00419165089662,0.0,0.0829833579234,-0.600209984551,1.78950375776,0.925224125279,0.000234903814424,0.00342816688205,0.379405469772
15,0.177984000279,0.412859864118,-0.0262712283581,0.999998558353,0.00167369066094,-0.000286444992226,0.0,0.0830183290511,-0.599344087108,1.78735983991,0.924737232527,0.00149060258981,0.00126400404431,0.380601144476
15,0.177818782586,0.412897166859,-0.0261783968519,0.999987447386,0.00461817684423,-0.00194358236577,0.0,0.0829062106401,-0.599364600612,1.78704892452,0.924957543202,-4.98277469652e-05,0.0016458812703,0.380066878149
15,0.177788329292,0.409973031018,-0.0242440984252,0.999982678629,0.00294951621655,-0.00509340710294,0.0,0.0828788157291,-0.598700419881,1.78498965002,0.924965981396,0.000155823333684,0.00331571413008,0.380035412848
15,0.176642280533,0.40170343593,-0.0198810947438,0.999972516415,0.00458749106079,-0.00582420291769,0.0,0.0822996560626,-0.596347738493,1.77816889588,0.924353474361,-0.000169076338204,0.00259520913875,0.381528361644
15,0.177659785546,0.412074921583,-0.0252823117413,0.999987001907,0.00397549523248,-0.00319240563497,0.0,0.0828701260741,-0.599301555502,1.78676319477,0.924671142851,-1.55180741941e-05,0.00235132241225,0.380759436679
15,0.177115068936,0.409325273222,-0.0243969635897,0.999958296897,0.00441516362554,-0.00799442291452,0.0,0.082885871724,-0.598473732597,1.78479882979,0.924559352186,-0.000537179323509,0.00361148681111,0.381020567538
15,0.177726177924,0.410068949806,-0.0248496113696,0.999991816673,-0.00122026827413,-0.00385714040963,0.0,0.0829042647899,-0.598383437784,1.78448364432,0.924350433972,0.00226150447598,0.00318600100406,0.38152458664
15,0.176677415028,0.407611391376,-0.0237555040644,0.999972695259,0.00060608109918,-0.00736487622702,0.0,0.0829746167912,-0.598463953911,1.78468214588,0.92432915409,0.0017520414065,0.00249751522628,0.381583945769
15,0.177802649968,0.412252833697,-0.0259150202542,0.999987036915,0.00390439618028,-0.00326828600512,0.0,0.0830758543357,-0.598869086589,1.78575595102,0.924640817105,-0.000229628307111,0.00235363933468,0.380832990949
15,0.177487854456,0.407803049292,-0.0235547870352,0.999992050718,0.00101931873357,-0.00385480095442,0.0,0.082758772361,-0.597212957151,1.78099915875,0.924145639811,0.00102348165535,0.00313127246188,0.382026156219
15,0.177906447789,0.412418262243,-0.0259596863127,0.999969686461,0.00618969862327,-0.00472374739296,0.0,0.0826497674111,-0.598789464035,1.7853694568,0.924643940204,-0.00186323859661,0.00348076039004,0.380812285113
15,0.178599571632,0.415837722288,-0.0283595479767,0.999988997969,0.00403374185058,-0.00239434070659,0.0,0.0831419189677,-0.599901014904,1.78912708504,0.924907195313,-0.000440606338704,0.00279500498981,0.380182421834
15,0.177572338256,0.40491158158,-0.0226458073901,0.99997955671,0.0016716232227,-0.00617185852961,0.0,0.0825098811486,-0.596137793959,1.77798711161,0.923949883636,0.000489549086372,0.00416567475529,0.382490548935
15,0.177635763643,0.414092733069,-0.0267856035785,0.999993986838,0.00242175257267,-0.00248221731542,0.0,0.0829420160249,-0.599477222101,1.78748224308,0.924687597835,0.000791099589957,0.00209354800542,0.380720156582
15,0.177545947904,0.41307907435,-0.0262692658411,0.999980437705,0.00443595369116,-0.00440982116351,0.0,0.0828510447012,-0.59908583155,1.78641420133,0.924544997611,-0.00048858714828,0.0026442808795,0.381063402144
15,0.177375261857,0.413275784169,-0.026165428747,0.999986591875,0.00149170494911,-0.00495891996409,0.0,0.0828577351881,-0.599494062242,1.7873697858,0.925341229861,0.000769754377135,0.00300324629547,0.379122666572
15,0.17701648579,0.40678531065,-0.0230162501262,0.999971356589,0.000505091378379,-0.00755187952022,0.0,0.0827859046011,-0.597755057099,1.78250451492,0.924334619671,0.000977770416939,0.00352213910377,0.381565393318
15,0.177480753166,0.405385025132,-0.0225599872697,0.999977244539,0.00141966366651,-0.00659507081437,0.0,0.0826114708112,-0.596927523199,1.7803875921,0.9242577172,0.000120396896353,0.00356344665173,0.381752484665
15,0.178640679265,0.412858412076,-0.0262815836098,0.999999431981,-7.1300893521e-05,0.00106346322016,0.0,0.0829749960824,-0.59848404922,1.78497640286,0.924072323469,0.0014353191017,0.00176929869521,0.382210871693
15,0.178216340814,0.414565008413,-0.027165427345,0.999997875025,-0.000189811521447,0.00205278252868,0.0,0.0831273174374,-0.599580504694,1.78812093285,0.924260255114,0.0023674942293,0.000521633841128,0.381755292938
15,0.177209441252,0.40495071473,-0.0218487746307,0.999981645072,0.00169907407983,-0.0058157258574,0.0,0.0825342338977,-0.596750519878,1.77960062465,0.924248658693,0.000737112049047,0.00333755411973,0.381775764424
15,0.17787759,0.415808787636,-0.0277052177868,0.999993170997,0.0024210994016,-0.00279217427495,0.0,0.0832247427267,-0.600728657496,1.79127708452,0.925216605742,0.000920793390062,0.00179704243772,0.379433993254
15,0.177155355349,0.410466649823,-0.0249912786241,0.999978371234,0.00304444354399,-0.00582995946377,0.0,0.0828274608949,-0.598845865988,1.78553115707,0.925047989773,0.000351142085437,0.00257172455043,0.379841387357
15,0.176773387074,0.40927940103,-0.0246805457579,0.999989162366,0.00167952767866,-0.00434215811239,0.0,0.0828365337677,-0.598450462366,1.7843826469,0.92482693446,0.00160061147086,0.00149577029397,0.380381837121
15,0.177125919324,0.412126185794,-0.0259725535587,0.999975900004,0.00250392533947,-0.00647532005192,0.0,0.0828736651608,-0.598851127932,1.78543289187,0.92477548984,0.000373347295101,0.0032247392617,0.380499349619
15,0.177516491772,0.418475288388,-0.0291671212729,0.999966033919,0.00499664442957,-0.00655473510014,0.0,0.0832425659318,-0.601012651883,1.79229730703,0.924930101787,-0.000710414743828,0.00320666189016,0.380123031976
15,0.177248546282,0.411550698167,-0.0252512412254,0.999977243348,0.0041124390818,-0.00534795569109,0.0,0.0828094644738,-0.598770186784,1.78542431639,0.924906149137,-0.000316623789365,0.00279953293594,0.380185057114
15,0.176938524725,0.407172801727,-0.0232887197514,0.999984273832,0.00217702850556,-0.0051684268195,0.0,0.0828158780124,-0.598138682279,1.78353468307,0.924870598055,0.000866945972408,0.00171156349919,0.380277130272
15,0.17785857822,0.408429876673,-0.0238682051561,0.999989177643,0.000757460890668,-0.00459029944679,0.0,0.0828874968671,-0.598158532672,1.78374758766,0.924303270835,0.000964743685626,0.00284951747854,0.381646974367
15,0.17815096544,0.413388673014,-0.0264745188872,0.999981200438,0.00110486470202,-0.00603142151627,0.0,0.0831879511546,-0.600022783974,1.78902985205,0.925125161616,0.000543411103894,0.00346562855669,0.379646058148
15,0.177103944812,0.41204244289,-0.0256504799082,0.999938424178,0.00434799840087,-0.0102099344599,0.0,0.082919334076,-0.599760310472,1.78807577236,0.92515521778,-0.000864900249017,0.00421827721308,0.379564594107
15,0.176974840832,0.409028403637,-0.0241727305016,0.999963873741,0.00195851715968,-0.00827136164831,0.0,0.0829171990673,-0.598708919821,1.78527105714,0.924829104085,0.00082674430397,0.003626467561,0.380364684827
15,0.178170616794,0.409128128391,-0.0242960413083,0.99999946597,0.000910207576046,-0.000489471010038,0.0,0.0828445742638,-0.597828399562,1.7827956138,0.923949343958,0.00120859390956,0.00155901367063,0.38250976272
15,0.178122988043,0.412814231444,-0.0262485541148,0.999988828108,0.00219387308711,-0.00418695352516,0.0,0.0827965305802,-0.599203121131,1.78673385743,0.925081517914,-4.55393721557e-05,0.00306879755022,0.379756192342
15,0.177708991413,0.40857412236,-0.0240134838715,0.999979379517,0.00235092818119,-0.00597609223689,0.0,0.0827490330415,-0.597867457093,1.78301410223,0.92440063399,-0.00012870535618,0.00365201777784,0.381405445791
15,0.177443567591,0.410662579864,-0.0250896077324,0.999984772076,0.00389267905702,-0.00391186219947,0.0,0.0827245253868,-0.598406317427,1.78442004297,0.92457073398,-0.000170126758187,0.00240584300306,0.381002809497
15,0.177370022771,0.414676174439,-0.026967024665,0.999976726086,0.00235947556472,-0.00640157489622,0.0,0.0830149452058,-0.599865517976,1.78857173843,0.924917365636,0.000254675805869,0.00305696955942,0.380155832288
15,0.177161618481,0.409980245718,-0.0244430924119,0.999979356026,0.00352866277495,-0.00536992181799,0.0,0.0827936446108,-0.598142601347,1.78352713763,0.924435030783,-0.000108836224183,0.00236900663608,0.381332204021
15,0.177493166248,0.411510628882,-0.0253966173952,0.999994559105,0.00139795540178,-0.00298788902675,0.0,0.0829792828639,-0.598999617883,1.7861983162,0.924612135154,0.00115519038828,0.00170625618186,0.380904389252
15,0.176820897924,0.406561370095,-0.0228447511164,0.999979003235,0.00172063865111,-0.00624759881567,0.0,0.0827473564656,-0.597696154291,1.78214708536,0.924429513841,0.00107167068534,0.0026650788371,0.381342133545
15,0.177665475937,0.410130461732,-0.0250377649334,0.999981090917,0.00178006512321,-0.00588635515909,0.0,0.0828643963836,-0.598527940609,1.78486876732,0.924473645049,0.000434148254698,0.00330271276257,0.381231403761
15,0.177656288554,0.411088983315,-0.0257242697188,0.999991680389,-0.000437197621216,-0.00405561465583,0.0,0.0829416393151,-0.598909191195,1.78586979218,0.924708902346,0.00185348285722,0.0028951663897,0.380659465317
15,0.177588903269,0.409359915604,-0.0249811677836,0.999991397214,0.000486069281707,-0.00411937302551,0.0,0.0828196552779,-0.59848774674,1.78445321633,0.924969638848,0.00139131904803,0.0026660925437,0.380029108611
15,0.176822342728,0.413920373093,-0.0272885797533,0.999976513729,0.00324288646574,-0.00603785374739,0.0,0.083099718546,-0.600579698058,1.79068518715,0.925249367528,0.00054826898248,0.0016671180368,0.379355411201
15,0.177177313903,0.410027892992,-0.0244346497788,0.999967458155,0.00197076421037,-0.00782296100832,0.0,0.0827859913729,-0.598490543143,1.78460825294,0.924688718446,0.000167216094013,0.00393041980018,0.380703687686
15,0.178301991025,0.411061303904,-0.0248988699361,0.999995716615,0.00226753723595,-0.00185068263811,0.0,0.0827305819068,-0.597705433842,1.782560486,0.924355770175,-2.81731210137e-06,0.00298843171959,0.381519959388
15,0.178598656915,0.414899730891,-0.0270080372898,0.999999960104,0.000122108064967,0.000254719253957,0.0,0.0830176316475,-0.599076764453,1.78672067519,0.9246852745,0.00136879458562,0.00237972598586,0.380722479543
15,0.178175834154,0.409041352985,-0.0239816052856,0.999998780502,0.0015222850235,-0.00034877328077,0.0,0.0826014544965,-0.597161342366,1.78089412615,0.92408254003,0.000589450825489,0.00221768172312,0.382186072023
15,0.177131995872,0.411365325918,-0.0253556595567,0.999972905746,0.00427295109151,-0.00599413577513,0.0,0.0828894923403,-0.599609369046,1.78784579116,0.925238830385,-0.000220386978353,0.0023300131942,0.379377950356
15,0.177172036602,0.406877859542,-0.0227103885596,0.999963382025,0.00418599461395,-0.00746405109757,0.0,0.082557996477,-0.59743101307,1.78166833148,0.924377628964,-0.0008546773223,0.00342441460746,0.381462372958
15,0.177357674371,0.410208572918,-0.0246241546075,0.999962369498,0.00449553646631,-0.00741955124242,0.0,0.0828339588146,-0.598941768844,1.78596070581,0.92521385893,-0.000958487222246,0.0033174065253,0.379430351132
15,0.176882537701,0.401927293139,-0.0201267311998,0.999961945107,0.00310450178449,-0.00815293854948,0.0,0.0823388982743,-0.595927717009,1.77703307602,0.924220157079,-0.000425540280617,0.00390583138313,0.381839841617
15,0.177256624259,0.411068195428,-0.0253231026063,0.999971935293,0.002372288906,-0.00710639656075,0.0,0.0830197239869,-0.599103859561,1.78651339244,0.924673237341,0.0003852528212,0.00320838114053,0.380747898243
15,0.176068669354,0.403727770928,-0.0217253250055,0.999948340923,0.00420740877126,-0.00925273995551,0.0,0.0823455323239,-0.597131024987,1.78056877514,0.924001793802,-0.00027940107253,0.00308011823706,0.382375626653
15,0.17686431877,0.414795205263,-0.0273311138987,0.999947726167,0.00454037406631,-0.00916132831647,0.0,0.0830893742414,-0.600517005702,1.79053058094,0.925277094559,-0.000735250944884,0.00285969512308,0.379280344644
15,0.177350197743,0.409947184625,-0.024581841089,0.999965311765,0.0044018215441,-0.00707101368151,0.0,0.0826588909748,-0.597891287391,1.78300415957,0.924622519096,-0.00119371791618,0.00336499071516,0.380868020521
15,0.177650783992,0.405614806906,-0.0221400526875,0.999994681835,0.000468837187992,-0.00322745924412,0.0,0.0824600121374,-0.595840127854,1.77700922213,0.92368339191,0.000998751709123,0.00319388444815,0.383142001231
15,0.177663551864,0.413913668157,-0.0271230384883,0.999983023422,0.002750773049,-0.00513674170799,0.0,0.083057260805,-0.599153573071,1.78657395271,0.924735431191,0.000103596496645,0.00285943213534,0.38059978352
15,0.176491906451,0.412115572637,-0.026191087135,0.999963134798,0.00244467993377,-0.00823119578522,0.0,0.0829776316689,-0.599349310862,1.78711488491,0.924835733733,0.000697601586439,0.00270692537382,0.380356479526
15,0.176379876952,0.408594406571,-0.0243215987293,0.999972249886,0.00144720246258,-0.0073078768247,0.0,0.0827302322883,-0.597605279476,1.78214365877,0.924311457332,0.0011854983154,0.00273933878467,0.38162733191
15,0.177342676356,0.412402168223,-0.0260927566488,0.999976324019,0.00580402963359,-0.00369657156606,0.0,0.0827953348968,-0.598546750974,1.78476040883,0.924785248946,-0.000838753666251,0.00180985328926,0.380484249681
15,0.17815157347,0.416321835194,-0.02820451281,0.999994190983,0.00334732867239,0.000642954369918,0.0,0.083028947852,-0.600015336228,1.78917380631,0.924972428096,0.000723880132176,0.000943674956112,0.380032357487
15,0.177129407069,0.408017779464,-0.0233522391583,0.999978421855,0.00416803206604,-0.00507772909071,0.0,0.0825554351608,-0.597493677876,1.78161420683,0.924641744427,-0.000303234450734,0.00256127602664,0.380829348104
15,0.176642130559,0.409328978477,-0.0241697621281,0.999965972459,0.00277554420528,-0.00776854412758,0.0,0.0830528473973,-0.598956090538,1.78588123871,0.924623981613,0.000717479845597,0.00256177520035,0.380871914372
15,0.176264736162,0.40663318184,-0.0228346454505,0.99995976472,0.00296108074972,-0.00846764082582,0.0,0.0828258511514,-0.598147293726,1.7837340071,0.924584893406,0.000600847109347,0.0023684401624,0.380968245868
15,0.177022720045,0.412455725722,-0.0265450537422,0.999962967354,0.00189590789286,-0.00839460865288,0.0,0.0830572741088,-0.599524186639,1.78789990943,0.924912066534,0.00045094094223,0.00340838543815,0.380165554384
15,0.176729830328,0.412523961218,-0.0267879974032,0.999964342149,0.00410500901605,-0.00737992759354,0.0,0.0830337693294,-0.600088075146,1.78920187025,0.925121279041,-0.000171720125604,0.00230564173869,0.379664685735
15,0.176440780215,0.405798724488,-0.0232010558192,0.999948755622,0.00247414710335,-0.00981655371614,0.0,0.0827100525647,-0.59757920447,1.78200608784,0.924539883135,0.000173950501239,0.00373144465272,0.381066989589
15,0.176330112051,0.405725101719,-0.0228745678437,0.999936897781,0.00651641564547,-0.00915078047336,0.0,0.0826980437798,-0.597866113371,1.7831740564,0.924065920016,-0.00119547090021,0.00255298111607,0.382222747363
15,0.177128758984,0.412657171803,-0.0264674219205,0.999972149946,0.00186176510076,-0.00722725146263,0.0,0.0831960591895,-0.60012609295,1.78937518017,0.924966671374,0.0010623525042,0.00303025824545,0.380034663932
15,0.177624515601,0.408644910898,-0.0239011345551,0.999997278986,0.000496634791604,-0.00227933637316,0.0,0.0826076913466,-0.596998086294,1.78028048112,0.924273878087,0.00154706964177,0.00290720455958,0.38171580138
15,0.178127484747,0.410631203817,-0.0253025326511,0.999999417241,0.00102690821365,0.000333133541305,0.0,0.0827012698057,-0.597510416703,1.78200144263,0.924270513895,0.00133551706548,0.00207358203455,0.381730184549
15,0.179061347242,0.416729242565,-0.028143151675,0.999998660762,-0.000239812527115,0.00161893890501,0.0,0.0829755808513,-0.599170167875,1.78655038925,0.92457991495,0.00142758592233,0.00270998485948,0.380975850747
15,0.177630037778,0.409346316738,-0.0248471247168,0.999997518497,0.000742734017998,-0.00210032049784,0.0,0.0828515923987,-0.597783568778,1.78276345315,0.92407126632,0.00140008772917,0.00194661322835,0.382212696301
15,0.176806064305,0.40510195195,-0.0225031010805,0.999993258794,0.00343961389,-0.00128507735931,0.0,0.0826550026069,-0.597038985209,1.780369058,0.924235317507,0.000790218984603,1.20097956847e-05,0.381822541612
15,0.176954870511,0.40916193786,-0.0244051539403,0.999963774555,0.00374889176838,-0.00764168756978,0.0,0.0827304334412,-0.598582850291,1.78465238065,0.92474431313,-0.000484276595247,0.00310241701266,0.380576005311
15,0.177744836526,0.407994408916,-0.0239683711358,0.999982341244,0.00269855517934,-0.0052948087694,0.0,0.0827057495765,-0.597627161651,1.78199135606,0.924394408248,-0.000348185017976,0.00315341850543,0.381424845439
15,0.177934612057,0.41179857874,-0.0258666363489,0.999991550184,0.000783289104187,-0.00403559406851,0.0,0.0828519477581,-0.598284290973,1.78411634976,0.924486807838,0.000689921776054,0.00320637264835,0.381199928275
15,0.177433378647,0.410006878633,-0.0254071187504,0.999984952592,0.00346661522562,-0.00425172539135,0.0,0.0827092109353,-0.598041649107,1.78347048705,0.923895423474,3.15017530178e-06,0.00233903336627,0.382637916831
15,0.177212014838,0.407311359245,-0.0234012710377,0.999995124357,0.000292360218003,-0.00310898508379,0.0,0.0824779808441,-0.596499008951,1.77871579912,0.924159409457,0.00152511248203,0.00266962393368,0.381994676733
15,0.177566355438,0.413729083846,-0.0269497817149,0.999992216319,0.00182497879972,-0.00349810723127,0.0,0.0829314257851,-0.599300859822,1.78690166792,0.924712316631,0.000871239837503,0.00239547884386,0.380658159104
15,0.177755189181,0.415657396317,-0.0277390323117,0.999998515319,0.00125329315293,-0.00118263093613,0.0,0.083022332351,-0.599888266613,1.78882428395,0.924571896647,0.00141530863382,0.00168791622663,0.38100125429
15,0.177188387768,0.410138229365,-0.0247548081108,0.999983381935,0.00280520901589,-0.00503653216608,0.0,0.0827858543244,-0.5985649464,1.78498206485,0.924495988333,0.000499653352948,0.00255111781149,0.381182908458
15,0.178000805161,0.411622350292,-0.0255109744616,0.999981581763,0.00237217872651,-0.00558649290662,0.0,0.0828998586177,-0.599155731309,1.78617458595,0.925365231206,0.000109205607152,0.00369831064145,0.37905870185
15,0.177648188774,0.406621181563,-0.0233415739103,0.999990679241,0.00193120076402,-0.00386159231137,0.0,0.0825693973639,-0.597204236955,1.78082024235,0.924373327161,0.000719031074908,0.00281830308284,0.38147803632
15,0.17779418942,0.408915328894,-0.0245829135222,0.999964840765,0.00395871101453,-0.00739228246689,0.0,0.0827175233382,-0.598045226348,1.78328928017,0.924712334043,-0.000848692462645,0.00412068658789,0.380643401273
15,0.178141015766,0.408996756911,-0.0240998835645,0.999992976384,0.00115302626213,-0.00356619016239,0.0,0.0826304595328,-0.597112350515,1.78070190017,0.924487558585,0.000407890870144,0.00352711361887,0.381195680874
15,0.178553412507,0.417473745859,-0.0284989513215,0.999989576541,0.00395337535645,-0.00228421376813,0.0,0.0830321700067,-0.600325800368,1.78969598592,0.925313802085,-0.000684560040127,0.00243503631024,0.379193841784
15,0.178830191077,0.41589168577,-0.0275103415177,0.999991312926,0.00396812977199,0.00127593814823,0.0,0.082970489081,-0.599458722242,1.78763434104,0.924565204094,0.000125125571822,0.0022813969883,0.381017011366
15,0.178684599443,0.412954844575,-0.0258276430187,0.99999314859,0.00369939144964,-0.000131435016666,0.0,0.0828367192345,-0.598453609928,1.78440176277,0.925127679899,7.39986425708e-08,0.00298757200724,0.379644373457
15,0.176880064133,0.407258639193,-0.0230320783075,0.999981555839,0.00444577322369,-0.00413800462079,0.0,0.0827683824034,-0.597893930408,1.78264309404,0.924737982164,0.000494203878325,0.00184165756899,0.380599564377
15,0.176005585213,0.404261941194,-0.0215105400961,0.999942294669,0.00310808658151,-0.010283342392,0.0,0.0827612142105,-0.597630362991,1.78215830769,0.924304517685,0.000683697287776,0.00325372042541,0.381641329586
15,0.177609564482,0.410655733733,-0.0246976460717,0.999973407147,0.0030622701122,-0.00661872354679,0.0,0.0829263472316,-0.598773437574,1.78529744133,0.925125709284,-0.000164709278984,0.00357257513291,0.379644085427
15,0.177816171264,0.413974220431,-0.0265865663264,0.999985966442,0.00148970269717,-0.00508406389247,0.0,0.0831383074153,-0.599920087598,1.78893932637,0.924933649391,0.00084248307348,0.0031295931832,0.380114772263
15,0.177878969303,0.40772763241,-0.0230709520274,0.999994084331,0.000357946088054,-0.00342099068729,0.0,0.0826951486112,-0.597472533506,1.78153420184,0.92462685306,0.000997198862189,0.00286586645174,0.380862146984
15,0.178201853822,0.414226943224,-0.0265682976162,0.999982547342,0.00194463329778,-0.00557883607734,0.0,0.0830193868444,-0.599852128438,1.78852055419,0.925347257135,-0.000130706165411,0.00359823923264,0.379103533752
15,0.177890266125,0.411788557076,-0.0257898165951,0.99999286249,0.000199688913119,-0.00377294234732,0.0,0.0830799055449,-0.59974780854,1.78825935293,0.924852570302,0.00152382768204,0.0023266067213,0.380315642666
15,0.177950087376,0.408362000679,-0.0242169576294,0.999996652393,0.00144171487342,-0.002148641597,0.0,0.0827712534091,-0.598032686296,1.78346441104,0.924519647344,0.000996708961481,0.00213731815379,0.381127091818
15,0.17770232877,0.409607016295,-0.0248793602075,0.999989991415,0.00122145799591,-0.0043040805533,0.0,0.0828645017871,-0.598431374266,1.78443067341,0.924643190138,0.000969252385608,0.00283781220649,0.38082276495
15,0.178189405583,0.41129533841,-0.0259742845657,0.999994929535,-0.000654995321642,-0.0031163898161,0.0,0.0828435056092,-0.598345917896,1.78428164737,0.924556695402,0.00138711758429,0.00328736014485,0.381027802339
15,0.178109857267,0.413223978823,-0.0268172710307,0.999996042378,-0.000316548981228,-0.00279553662753,0.0,0.0830191102919,-0.599410343222,1.78721951206,0.924853468243,0.00146034287539,0.00250681094102,0.380312563001
15,0.177658393145,0.408652576684,-0.0245263177847,0.999981154544,0.00328454479585,-0.00518674489932,0.0,0.0826368250745,-0.598241664038,1.78383019533,0.924923761054,-0.000340941786572,0.00298315850062,0.38014079071
15,0.177192317374,0.407035700554,-0.0233278726808,0.999974641534,0.000787105436083,-0.00707790607597,0.0,0.0828520436694,-0.59781677415,1.78270753311,0.924495578247,0.00103401118038,0.00340583224808,0.381176149475
15,0.17744688729,0.413712209561,-0.026396027665,0.999953156033,0.00272096218846,-0.00928881609216,0.0,0.0829122972502,-0.599594219,1.78781243012,0.925288955317,-0.000626903310395,0.00482529445347,0.379231687354
15,0.177604287697,0.409312570489,-0.0242397595079,0.999991883859,0.00120668096521,-0.00384397403289,0.0,0.0828046420931,-0.598525810272,1.784559303,0.92460591393,0.00100908863105,0.00262910324026,0.380914653802
15,0.177523111543,0.409220975202,-0.0242398190135,0.999989361905,0.00347668213629,-0.00303129654664,0.0,0.0827231588966,-0.598458977577,1.78449706838,0.924635752369,8.70685469501e-05,0.00185227938177,0.380848115291
15,0.177394024577,0.407164314672,-0.0232651282446,0.999985911929,0.000818336800878,-0.00524464193799,0.0,0.0828339605591,-0.598192622832,1.78373283562,0.924451632329,0.00153534890672,0.00301493798911,0.381284319553
15,0.177009541218,0.401336974698,-0.0201094251419,0.999994255352,0.00217602322112,-0.00259888176743,0.0,0.0824329768833,-0.596057682681,1.77746024259,0.923931693552,0.00136066185538,0.00153673089883,0.382551973863
15,0.176526804706,0.408495575992,-0.0238892744157,0.999937262357,0.00560292101467,-0.00969941368055,0.0,0.0827463199996,-0.598897778909,1.7858460477,0.924706373972,-0.000799392769812,0.00334830476982,0.380665564191
15,0.176275644117,0.406766035854,-0.0233155890421,0.999917576712,0.00327031514558,-0.0124155073151,0.0,0.0829025479319,-0.598456997055,1.78478107173,0.924584911819,6.42208738369e-05,0.00433786932821,0.380951334954
15,0.176344516475,0.407973702194,-0.0237244317681,0.999936855206,0.00447192645804,-0.0103095816433,0.0,0.0827771524022,-0.598219203494,1.78393174532,0.92448812814,-0.000481216570157,0.00350309877589,0.381194435501
15,0.175961824335,0.399353887676,-0.0191217722706,0.999945992529,0.00381880775911,-0.00966585389979,0.0,0.0822183412152,-0.595267454538,1.7752365386,0.923849916083,-0.000169170914502,0.00339473976904,0.382739832884
15,0.177373733406,0.408413895457,-0.0241581052078,0.999983137135,0.00403282690001,-0.00417872624602,0.0,0.0826860789925,-0.598061936778,1.78319172478,0.924916256175,-0.000283593921489,0.00226881943718,0.380164031829
15,0.177299832696,0.406164904089,-0.0229219882505,0.999978366835,0.00337594513158,-0.00564525085877,0.0,0.0826087127551,-0.597250449288,1.78075719996,0.924879512138,-0.000231343700762,0.00307061838388,0.380247821571
15,0.17775700789,0.408686469232,-0.0243481077097,0.999984394535,0.00248502400322,-0.0050035330233,0.0,0.0825928508487,-0.598134373141,1.78352932636,0.924584988335,0.000120551334837,0.00335059321308,0.380961098196
15,0.178094727261,0.409437496761,-0.024797002086,0.999998662258,0.00068602173549,-0.00148487584788,0.0,0.0829308065118,-0.598379262916,1.78436921793,0.924688612314,0.00157567961055,0.00201480439775,0.380715678759
15,0.177485898249,0.409293768558,-0.0244033170434,0.999987861532,0.000413316964698,-0.00490978180156,0.0,0.0828158508247,-0.598139491247,1.78361978686,0.92446198494,0.00134143601418,0.00294293524955,0.381260512094
15,0.178122105535,0.414175860071,-0.0269430128663,0.999991520725,0.00240289139148,-0.00334433706459,0.0,0.0831336015936,-0.599747955974,1.7887164051,0.924425855456,0.000551079373184,0.0027410529588,0.381351571001
15,0.177625622722,0.406261227981,-0.0225498673308,0.999997695284,-8.03299348474e-05,-0.00214545412469,0.0,0.0826130984979,-0.596880781188,1.77981449004,0.923867952775,0.0018818598395,0.00261297658518,0.382697840067
15,0.177656015098,0.409756158785,-0.0246440234805,0.999992768029,0.00264862758727,-0.00272922366161,0.0,0.0827654429193,-0.598394982368,1.78422533364,0.924799746284,0.00074611803939,0.00244649438836,0.380445642959
15,0.176925187333,0.409384039057,-0.0248339983048,0.999992247624,0.0020149520986,-0.00338299576983,0.0,0.0829014033008,-0.598252576178,1.78411337323,0.924685326577,0.00148496299238,0.00143508613558,0.380726650269
15,0.175583591966,0.400770960903,-0.0200030728204,0.999968709343,0.0043630878593,-0.00659877250313,0.0,0.0822578609948,-0.595770998288,1.77647834298,0.924055687935,0.000371166711563,0.00115600785203,0.382255950216
15,0.176318639991,0.404478022512,-0.0218059396723,0.99997376244,0.000336848841464,-0.0072360876296,0.0,0.0825292742795,-0.596744476918,1.77925689028,0.924649181945,0.00160319501481,0.00282138391827,0.38080619728
15,0.177412825558,0.411203315515,-0.0255658552034,0.999987361189,0.00258452075605,-0.00431250672972,0.0,0.0829526979956,-0.59893785696,1.78588740319,0.924540017214,0.000612837556908,0.00223200134448,0.381077943694
15,0.177174211198,0.405810518947,-0.0225426490977,0.999954874364,0.00266997082785,-0.00911704406023,0.0,0.0826015996781,-0.596842903759,1.77981090076,0.924151750807,-0.000460372133621,0.00460226294984,0.381997576843
15,0.17717400722,0.409264669163,-0.0243579368238,0.999990700181,0.00289203226834,-0.00319932811425,0.0,0.0826085229949,-0.598142680793,1.78349016088,0.924350774263,0.000464245728241,0.00178986926306,0.381539286265
15,0.177283466422,0.410944480034,-0.0253035111355,0.999994223061,0.00333757480962,0.000643769971353,0.0,0.0826579067341,-0.598188224318,1.78369784373,0.924192997412,0.000840942211834,7.67476747536e-05,0.381924849231
15,0.177659431337,0.410140365149,-0.0246611094459,0.999985230737,0.00284158510236,-0.00463289352522,0.0,0.0827135931216,-0.597966943434,1.7829823438,0.924297831668,-2.89853059226e-05,0.00306773765551,0.381659673688
15,0.176874629503,0.407327290778,-0.023284623937,0.999997013514,0.00175208222692,-0.00170386938635,0.0,0.0827841341719,-0.59848284727,1.78441232517,0.924665357796,0.00204163931722,0.00060666396626,0.380774788765
15,0.176850866706,0.406974609928,-0.0231751276245,0.999973489745,0.0028803758004,-0.00668754384333,0.0,0.0827586278129,-0.598298297889,1.78409259271,0.924843022516,0.000644411718576,0.00274684075678,0.380338564048
15,0.176268234206,0.40286476281,-0.0207569516354,0.999952366135,0.00390208970168,-0.00894646061657,0.0,0.0827679852142,-0.597147346733,1.78062765995,0.924711945029,0.000146273913726,0.00248272077213,0.380659471737
15,0.176388604916,0.403786322986,-0.0214525250296,0.99998066148,0.00269471034652,-0.0056049266364,0.0,0.0824145295589,-0.59705006389,1.78030359844,0.92433373521,0.000750046450938,0.0014988517875,0.381581363312
15,0.177015830664,0.412586881313,-0.0261275058782,0.999974475733,0.00300925531769,-0.00648014385029,0.0,0.0831817188484,-0.600158945329,1.78935391234,0.924859004997,0.000537685238657,0.00194188190978,0.380304826245
15,0.177159882029,0.407708824706,-0.0234803351654,0.99999894611,0.0006788380218,-0.00128333820848,0.0,0.0824583475028,-0.597131793874,1.7805044043,0.924381916713,0.00168277307818,0.00164217084208,0.381461064335
15,0.177796771705,0.410048777451,-0.0246054472665,0.999991267522,0.00190733122231,-0.00371846304122,0.0,0.082740645894,-0.597666768583,1.78220140588,0.924473716496,0.000555370703119,0.00345393813565,0.381229733078
15,0.178206337503,0.417520340364,-0.0291499862945,0.999984217537,0.00415177752976,-0.00378515794375,0.0,0.0831316008044,-0.600881460691,1.79164471394,0.925238068642,-0.000468047108768,0.00277924622694,0.379376558393
15,0.177959419529,0.41092198319,-0.025597263206,0.999995476859,0.00254227119768,-0.00160720815673,0.0,0.0828844051145,-0.598453354023,1.78455498055,0.92448564366,0.000671046814591,0.00203954638742,0.381210813872
15,0.17795993841,0.410137646711,-0.0250901302884,0.999998446611,0.00163555789827,-0.000657059294368,0.0,0.0829160542444,-0.598362872102,1.7844361175,0.924444502454,0.00125520845484,0.00159272915954,0.381311224
15,0.177035522678,0.412584514382,-0.0259929107201,0.999966845598,0.00415895137378,-0.00700077336918,0.0,0.0829516301508,-0.599307147616,1.78693219909,0.925090115106,-0.000263165407423,0.00286488080812,0.379736753733
15,0.177059090043,0.414680359759,-0.0271404038702,0.999975881798,0.00371171353262,-0.00587017922295,0.0,0.08298277769,-0.600063808257,1.78919855261,0.925348528656,0.00014277234294,0.00241390255418,0.379109816813
15,0.176289188052,0.408732122427,-0.0239373113348,0.999951899463,0.00450248595502,-0.00871357445534,0.0,0.0827017727191,-0.59831652012,1.78416391585,0.924808768816,-0.000286149059714,0.00277017231974,0.380422114744
15,0.17739844773,0.405469036621,-0.0220138291376,0.999955217439,0.00626318600903,-0.00709475987733,0.0,0.0823597621572,-0.596434275908,1.77850089135,0.924178930175,-0.00203202759177,0.00391444518317,0.381934356929
15,0.178723241538,0.410938368217,-0.0251201603364,0.999999076522,0.001279277437,0.000458699118882,0.0,0.0826388669495,-0.597690941406,1.78214655016,0.92457130126,0.00062683557138,0.00283764648539,0.380997983887
15,0.17892479716,0.412597310823,-0.0261132822708,0.999999226577,0.000562465291199,0.00110926887049,0.0,0.0828329065233,-0.598229534164,1.78400431034,0.924282846848,0.00107846342784,0.00265763292716,0.38169751496
15,0.178766397786,0.412073593075,-0.0259360437259,0.999999100658,-0.00108624335582,0.000786611907098,0.0,0.0827690981873,-0.597817765093,1.78281359371,0.924285842083,0.00177876127267,0.00294237741073,0.381685551926
15,0.177340990629,0.414816405369,-0.0277190505807,0.999984455938,0.00410269052228,-0.0037756871932,0.0,0.0830538776187,-0.600178291738,1.78936390599,0.924979740246,0.000100665148663,0.00161045579623,0.380012995084
15,0.176995147584,0.407196386718,-0.023731996277,0.999997526321,0.00114579388338,-0.00190643885578,0.0,0.0826857002663,-0.597293443199,1.7812631043,0.924262539667,0.0018147382993,0.00124734830049,0.381751108205
15,0.176704709293,0.404966559465,-0.0222738562992,0.999983047101,0.00177676669911,-0.00554514297395,0.0,0.0825123365582,-0.596943630732,1.77998637069,0.924181914592,0.000945225980237,0.00220842421741,0.381945045982
15,0.177749033164,0.415250617774,-0.0276568334909,0.999987589856,-0.00115772731072,-0.00484559599011,0.0,0.0831971872177,-0.599954656467,1.78924399442,0.924326070421,0.00205484728538,0.00320331811586,0.381584632678
15,0.177297629608,0.410470962131,-0.0250885646357,0.999977767196,0.00213595988267,-0.0063168654689,0.0,0.082873202432,-0.5985397896,1.78507819,0.924412114557,0.000414427283289,0.00271027692124,0.381385271229
15,0.176450956689,0.401365398963,-0.0204770262307,0.999928971414,0.00309999393385,-0.0115083519523,0.0,0.0822735617448,-0.59527101798,1.77538926471,0.923821570341,-0.000815672647819,0.00459430806725,0.38279489702
15,0.176144059528,0.404541458243,-0.0222062873476,0.999919656495,0.00363207515975,-0.012144487821,0.0,0.0825627408644,-0.596976336345,1.77993268668,0.924630475445,-0.00069701954086,0.00384712169542,0.380845372424
15,0.176496253561,0.412074824326,-0.0263960111539,0.9999493655,0.00307105894421,-0.00958305968252,0.0,0.0828835775601,-0.599488871762,1.7873664211,0.92528545677,9.43388940757e-05,0.0031169526599,0.379258617826
15,0.17695501945,0.410164487649,-0.0246061698602,0.999984803852,0.0027953944023,-0.00475161400632,0.0,0.0829937885433,-0.598668706322,1.78516904583,0.924731688519,0.00104001974641,0.00178663350583,0.380614017803
15,0.177602029209,0.408446624903,-0.0232098059817,0.999980892505,0.00549940247132,-0.00282333102038,0.0,0.0824273265739,-0.597221995609,1.78057011166,0.92455017443,-0.000927042023095,0.0024727294388,0.381051179192
15,0.177439931752,0.410360313421,-0.0244073560347,0.999978229666,0.00126525012117,-0.00647605862526,0.0,0.0828138228234,-0.598276816311,1.78395002975,0.924665978731,0.000725272681436,0.00396145602795,0.380757939672
15,0.177794316279,0.406131121588,-0.0226260048158,0.999996342231,0.00130249843483,-0.00237044780958,0.0,0.0824736901074,-0.596301742659,1.77827326218,0.924000765944,0.000865730863736,0.00303318407482,0.382377607659
15,0.17761381479,0.41038983745,-0.0250097140916,0.999990936934,-0.000311712529694,-0.00424604350695,0.0,0.0827130092682,-0.597968650608,1.78302120725,0.924814622656,0.00152605902592,0.00348227959216,0.380399078066
15,0.177972329145,0.411405861794,-0.0255301277435,0.99998003763,0.00184289031905,-0.00604384790229,0.0,0.0829058910621,-0.598721556936,1.78518903158,0.924874549391,0.000154674797702,0.0041280595771,0.380249921878
15,0.178009403252,0.405958716283,-0.022392748351,0.999993518835,0.00314388629527,-0.00175449931546,0.0,0.08262003423,-0.596768213517,1.77932589556,0.924581320544,0.000195555058975,0.00269358910318,0.380975180342
15,0.177875223198,0.406150688745,-0.0226243176801,0.999977775744,0.00529236869591,-0.00405448539919,0.0,0.0824848189763,-0.596752319684,1.77962580603,0.923884170692,-0.00120641787276,0.00339839534098,0.382655242497
15,0.178175247417,0.40731380826,-0.023177254805,0.99999742555,0.00127292839687,0.00187844250576,0.0,0.0824699891784,-0.596326226854,1.77843172118,0.923968519273,0.00133347593602,0.00191425992926,0.382461413536
15,0.178244564857,0.412084288549,-0.0256892872381,0.999994232242,0.00138440177402,-0.00310143763306,0.0,0.08286288948,-0.598464471634,1.78457826686,0.924519733832,0.00058598936744,0.00346762838032,0.381117952773
15,0.176804195096,0.407698321267,-0.0232779928725,0.999989644872,0.000577861555687,-0.00451400327036,0.0,0.0825854690639,-0.597425344009,1.7813537787,0.924190030619,0.00157177200406,0.00247829635548,0.381921686848
15,0.176708633015,0.405377409644,-0.022117409738,0.999984088487,0.00328110168323,-0.00458880654241,0.0,0.0823797610082,-0.596699000306,1.77949745754,0.924174316383,0.000272318476359,0.00213349421452,0.381964928997
15,0.176536486548,0.401111227227,-0.0198516734396,0.99998095654,0.00230875348566,-0.00572330448919,0.0,0.0820978545615,-0.594889463766,1.77409721276,0.923746487489,0.000439185828497,0.00307542606184,0.382991874225
15,0.177640473107,0.415211504932,-0.0277990153223,0.999972814332,0.00427976905315,-0.00600451283484,0.0,0.0831290948722,-0.600539158873,1.79080855744,0.925351501725,-0.000369040466532,0.00268899808707,0.379100555729
15,0.177286237114,0.413652881259,-0.0267346535505,0.999966098041,0.00456009800816,-0.00685625806872,0.0,0.0830074911592,-0.600398726354,1.79015302823,0.925527814179,-0.00034906592518,0.00281382138742,0.378669018725
15,0.177462153736,0.413103668636,-0.0266001637009,0.99997476838,0.00231462577946,-0.0067160338262,0.0,0.0831772131383,-0.599816693119,1.78884237917,0.924838200599,0.000667781234535,0.00336629053004,0.380345270601
15,0.177403462211,0.409830323518,-0.0245066749021,0.999991672175,0.000957943161354,-0.00396710541442,0.0,0.0827632953155,-0.59786963642,1.78301784636,0.924450196686,0.00124445006309,0.00316036344579,0.381287683114
15,0.177766563619,0.415514056042,-0.0277105871789,0.999986132828,0.00330310423039,-0.0041016646804,0.0,0.0829202537574,-0.600144914401,1.78931522518,0.925084464623,-0.000164608449312,0.00274005926138,0.379751495445
15,0.176507897284,0.401512695577,-0.0204485169054,0.999977329489,0.00254605789342,-0.00623362630415,0.0,0.0821367834958,-0.595518509956,1.77592887654,0.92364171693,0.000271165764753,0.00297323617681,0.383245437132
15,0.177474413417,0.412337093065,-0.0260242874276,0.99999236232,-0.000278032265314,-0.00389846108997,0.0,0.0830621917881,-0.599039632129,1.78605892013,0.924734573562,0.0017125013747,0.00224362560177,0.380602157038
15,0.177299946964,0.411009134737,-0.0252253414716,0.999993473778,0.000994858722753,-0.00347313364351,0.0,0.0827621168875,-0.598139033664,1.78336936173,0.924932372618,0.00121171102064,0.00244901364924,0.380121875418
15,0.17778344858,0.413608622555,-0.0265273220664,0.999983482665,0.00412190399811,-0.00400553419844,0.0,0.0827851296619,-0.598944596376,1.78595334313,0.925088839836,-0.000679628855258,0.00284697200014,0.379739478152
15,0.177242109208,0.409516745922,-0.0243423012025,0.999951890035,0.00716758836751,-0.00669651349384,0.0,0.0825331151518,-0.598348744144,1.78373946613,0.924520871921,-0.0017355741791,0.00346341590871,0.381111728912
15,0.177257825959,0.412197314258,-0.0260346488321,0.999979462297,0.00422602535858,-0.00481826660026,0.0,0.0831252428191,-0.599762600123,1.78845504424,0.924972585521,0.000415703295554,0.00227488334555,0.380026799229
15,0.17746124456,0.409819177758,-0.0245503522343,0.999994312175,0.00147162316688,-0.00303478876204,0.0,0.0829872351791,-0.598701350496,1.78527670662,0.924704851153,0.00182288169296,0.00249241939025,0.380672304222
15,0.176167548008,0.405952169224,-0.0231149182897,0.999937915334,0.00498101407343,-0.00996769666995,0.0,0.0827525248094,-0.597984527134,1.78354395207,0.924477007055,-0.00036442120222,0.00317183059498,0.381224435358
15,0.176120407885,0.407707262428,-0.023878981082,0.99994587105,0.00469354945332,-0.00928577209341,0.0,0.0827767198499,-0.598264112584,1.78376905008,0.92480827953,-0.000235818800588,0.00272461249279,0.380423667757
15,0.176352716199,0.409176986888,-0.0248261410136,0.999957405899,0.00316130340132,-0.00867136374883,0.0,0.0829137102403,-0.598777513702,1.78533597711,0.924883145211,0.000395294796568,0.00253969346758,0.380242766406
15,0.177600559375,0.414917402848,-0.0278499984138,0.999978901414,0.00371776794161,-0.00532681224385,0.0,0.0830482979018,-0.600238297926,1.7897682258,0.925447962541,-0.000219730737584,0.00246461143415,0.378866659971
15,0.177501813594,0.405945165575,-0.0226871972962,0.999974327789,0.00411780245581,-0.00586408262123,0.0,0.0825501109707,-0.596972704779,1.78048299306,0.924155666533,-0.000944091206876,0.00318359793938,0.382001672001
15,0.177535789905,0.405868726715,-0.0224874050952,0.99998581514,0.00171805752233,-0.00504160651713,0.0,0.082584602022,-0.597052275824,1.78028451628,0.924416296393,0.000321721801593,0.00321575962798,0.381371297226
15,0.177057263418,0.408908347527,-0.0239472500448,0.999974201335,0.000844718341655,-0.00713324010334,0.0,0.0827382138347,-0.598271142832,1.78415070015,0.924494947877,0.00094066112329,0.00380751619334,0.381174119434
15,0.176775836836,0.402515535514,-0.020433567175,0.999976861364,0.00329047135718,-0.00595395113456,0.0,0.0824401580362,-0.595974032272,1.77722771962,0.924325066449,1.85531144889e-06,0.00282806025722,0.381595562876
15,0.176902697407,0.411181369871,-0.0254998745889,0.999977624073,0.00122267347378,-0.00657696150683,0.0,0.0830498851661,-0.599102482115,1.78666542217,0.924792175525,0.00129879701959,0.00301619948553,0.380458470474
15,0.176623009022,0.407535394936,-0.0234681767885,0.999985307355,0.00102525990961,-0.00532296125839,0.0,0.0828333590626,-0.597780183025,1.78264470955,0.924460652275,0.0015218597682,0.00193850682367,0.381269495933
15,0.176745362019,0.408365262128,-0.0236911098012,0.99994963338,0.0041852296345,-0.00912220127058,0.0,0.0827730003803,-0.597954981992,1.78288148972,0.925049896806,-0.000588198921164,0.00381584952102,0.379825988754
15,0.177714471315,0.412865177843,-0.0258960310697,0.999988471532,0.00322431983109,-0.00355816866378,0.0,0.0829654197603,-0.599168695524,1.78638204918,0.925090902548,0.000147994405212,0.00240083290553,0.379738115182
15,0.177851170456,0.41425317002,-0.0269628461871,0.999985066003,0.0022539514397,-0.00497870193837,0.0,0.0830703668432,-0.599736381179,1.78835365188,0.924947744588,0.000573270232998,0.00334318493339,0.380079155252
15,0.177294738508,0.409328413275,-0.0242918301903,0.999977914591,0.00375888712258,-0.00548097593984,0.0,0.0825119907844,-0.597889513483,1.78276667395,0.924580866778,-0.000289425788831,0.00317461206351,0.380972517197
15,0.17700568365,0.399398454414,-0.0192897760432,0.999970425712,0.00382984785468,-0.00666933030931,0.0,0.0820865680256,-0.594100599334,1.77290594045,0.923262643053,-0.000400369010517,0.0040724218556,0.384147558923
15,0.178487064883,0.415112402785,-0.0272568886922,0.999993920902,-0.00134540384491,-0.00321683814557,0.0,0.0828868383046,-0.599144991894,1.78757652535,0.925172083628,0.00178870841238,0.00422848642609,0.379520139255
15,0.177053636543,0.410599677486,-0.0243163189406,0.999951166614,-0.00176073458186,-0.00972441263789,0.0,0.0828740942411,-0.598165978134,1.78492710753,0.924473067715,0.00112856182984,0.00405959073878,0.381224072089
15,0.176221223706,0.399031987329,-0.0185194974508,0.999825051256,-0.00642396504807,-0.0175670018485,0.0,0.081991796566,-0.593670881631,1.77279767373,0.924209040878,0.00193404603898,0.00855015258861,0.381786331757
15,0.176853996314,0.407225300324,-0.0227937984183,0.999907029491,-0.00131220636714,-0.0135724164452,0.0,0.08248368671,-0.596149284865,1.78004552657,0.92445929224,7.24814285068e-05,0.00616708301882,0.381230873388
15,0.17631386679,0.406731067868,-0.0228786712958,0.999900547588,-0.00420101979531,-0.0134627770661,0.0,0.0826581642074,-0.596493820294,1.78101255938,0.924480276708,0.00228122958891,0.00577361719883,0.381179326975
15,0.176693647465,0.411807815925,-0.0252180219288,0.999927198376,0.00188063055015,-0.011918941944,0.0,0.0827801978108,-0.598583696174,1.78554803266,0.924930810608,-0.000485877886682,0.00466117596508,0.380106607347
15,0.178255020628,0.41738970815,-0.0280594146142,0.999999201941,-0.000592862258227,0.00111563076328,0.0,0.0833078599823,-0.600145699221,1.7901515796,0.924719124098,0.00217879628697,0.000750743496566,0.380643180365
15,0.17851310697,0.412652263151,-0.0255950308998,0.99998430538,-0.00284874961052,-0.00482427401049,0.0,0.0827543108333,-0.597889958652,1.78346629189,0.924719097128,0.00156490855926,0.0051590969445,0.380612041568
15,0.177367224,0.408099796286,-0.0236569473907,0.999994690339,-0.000674508130376,-0.00318815511798,0.0,0.0826658911164,-0.596983106707,1.78098909871,0.924067774604,0.0019393330742,0.00253417416068,0.382215338372
15,0.177334027522,0.407901609951,-0.0235772041821,0.999957145472,-0.0019216402932,-0.00905618671017,0.0,0.0826323051702,-0.596892409312,1.78079574728,0.924890284464,0.00148683864492,0.00550451551868,0.38019133515
15,0.176946653479,0.409118093298,-0.0243947920056,0.999971218698,0.00121473980156,-0.00748907094192,0.0,0.0825426519031,-0.597211553663,1.78174018451,0.924326415329,0.000369409976915,0.00372123027601,0.381584451868
15,0.177414865269,0.409407288218,-0.0245085551901,0.999986252717,-0.0024831154939,-0.00461828044223,0.0,0.0827141616254,-0.597547458678,1.78241380593,0.924623594298,0.00247437109872,0.00352255590904,0.380857818556
15,0.177356999459,0.409229050891,-0.0244129624324,0.999973624753,-0.00143062997051,-0.00712061070754,0.0,0.0826560411558,-0.597482162553,1.78222245965,0.924546312961,0.00154428658991,0.00451002455997,0.381039879865
15,0.17738113415,0.41034050761,-0.0247692425227,0.999991013123,-0.00237536555333,-0.00351159672751,0.0,0.0826304131331,-0.597431665084,1.78229781444,0.924497744792,0.0024206539024,0.00295228792621,0.381168393634
15,0.177255336851,0.40432338817,-0.0213708669433,0.99997426638,0.00107560626245,-0.00709292953646,0.0,0.0821947815098,-0.59476061641,1.77460342557,0.923861467765,-5.92234431387e-05,0.00452754990637,0.382700256288
15,0.176114987775,0.402144971681,-0.0215254407307,0.999884056721,-0.00364479700346,-0.0147847411484,0.0,0.0824463029361,-0.595278785755,1.77796926574,0.924194469176,0.00205609598675,0.00624166720776,0.381865679532
15,0.176512565869,0.398009507057,-0.0217613099061,0.999802015826,-0.0103920086699,-0.0169686565803,0.0,0.0823920763515,-0.594868389105,1.77664490394,0.92455298745,0.00327342671555,0.00643539414779,0.380985096528
15,0.177237383249,0.40484171082,-0.0258130122499,0.999803325151,-0.0073655707105,-0.0184135652236,0.0,0.0827615383673,-0.59645730089,1.78225855248,0.925189327765,0.000879271763524,0.00715619905337,0.379437377555
15,0.176534942605,0.40771081964,-0.0260737544933,0.999820481967,-0.00938730049695,-0.0164585062608,0.0,0.0827972644925,-0.597325316704,1.78402789577,0.924843204665,0.00308012264837,0.00658843484874,0.380279045119
15,0.176400183603,0.405858880008,-0.0244999002703,0.9998620975,-0.00829748328535,-0.01438533118,0.0,0.0825702666591,-0.5968921234,1.78202331419,0.92488359454,0.0031945659871,0.00550892429753,0.380197031883
15,0.176221002838,0.402878038074,-0.0227124307353,0.99981880862,-0.00833056548094,-0.0171158291892,0.0,0.0823686486001,-0.59591471818,1.77868915749,0.925598374866,0.00272195057664,0.00679992680133,0.378436256754
15,0.177888807243,0.41123999511,-0.0270013930687,0.999893337872,-0.00827373076548,-0.012035707652,0.0,0.0826748759954,-0.597887797179,1.78467871384,0.925310952027,0.00241277526531,0.00679483147698,0.379140674209
15,0.17874477543,0.413538483157,-0.0260878417946,0.999943996763,-0.00842167436918,-0.00640926977506,0.0,0.0828214416437,-0.597810897743,1.78458220481,0.924901191876,0.00305400129831,0.00588299356965,0.380149771445
15,0.178444117144,0.413102962895,-0.02604988553,0.9999031828,-0.0102678780886,-0.00939125685717,0.0,0.0828053003784,-0.597907119606,1.78443735453,0.92560289529,0.00370522717455,0.00744452536995,0.378404717946
15,0.176078306283,0.40643940512,-0.0240209381211,0.999805183821,-0.00618618651802,-0.0187436789484,0.0,0.0827987677695,-0.596996702753,1.78278866858,0.925247899061,0.00242966461194,0.00736349844637,0.379283799949
15,0.176888063016,0.409994421105,-0.0262480865923,0.999836391054,-0.00637667610231,-0.0169271712338,0.0,0.0828693265946,-0.597320754311,1.7847707673,0.925704644205,0.00182236758365,0.00749204513731,0.378168560214
15,0.177287378715,0.40281701337,-0.0232462935504,0.999848312262,-0.00723858314585,-0.0158415712973,0.0,0.0822585370362,-0.594183236565,1.77582741198,0.924645163082,0.000685894138266,0.00693058191894,0.380766094831
15,0.17886650495,0.410871002046,-0.0289984555306,0.999919915068,-0.00327948625007,-0.0122232737365,0.0,0.0829132822928,-0.596435966192,1.78466708592,0.925419939656,-0.00266967104557,0.00363239506379,0.378916367883
15,0.180178719292,0.413559172745,-0.0285775209691,0.999962723244,-0.00453547615866,-0.00734721566768,0.0,0.0827832521599,-0.596348852854,1.78534587971,0.925616305976,-0.0023368252539,0.00364284633321,0.378438532698
