ID,xp,yp,zp,xo,yo,zo,wo,xori,yori,zori,xoori,yoori,zoori,woori
15,0.183905797334,0.836226957069,-0.0480015666399,0.999845169466,-0.0171242785775,-0.00404921941396,0.0,0.0917616252329,-0.31284519622,1.47887296795,0.923352323971,-0.00344878560168,0.011392761747,0.383769197141
15,0.183584149256,0.831120657007,-0.044720718409,0.999838462893,-0.0161555847986,-0.00787687750496,0.0,0.0915738580893,-0.311652437336,1.47291614055,0.922940468226,-0.00464020290102,0.0129614043248,0.384696455177
15,0.184336678227,0.838719914426,-0.0496665819282,0.999867554537,-0.0153970039351,-0.00527310672693,0.0,0.0921544246347,-0.313405334972,1.48179451914,0.92376300611,-0.00439802364185,0.0117743766455,0.382758317983
15,0.183675841043,0.833160538031,-0.0461128537526,0.999876490442,-0.0154876328089,-0.00267153369605,0.0,0.0916404628073,-0.312088546473,1.47531576409,0.923018489817,-0.0038177511274,0.0106067613823,0.384590416997
15,0.183873475977,0.837320919993,-0.0483788698542,0.999868707682,-0.0161135314424,-0.00170924034764,0.0,0.0920046046174,-0.313028601954,1.4799398336,0.923075489055,-0.00330579571795,0.0100345178406,0.384473694383
15,0.182741088479,0.831522212868,-0.0448178482263,0.999821546457,-0.0156408158131,-0.0105943438307,0.0,0.0913476265673,-0.311745814705,1.47306653716,0.923148418154,-0.00506176440578,0.014008086777,0.38415511204
15,0.183147177893,0.835404901376,-0.0470526148034,0.999858973952,-0.0162922212829,-0.00407378614108,0.0,0.0916685084093,-0.312611691046,1.47763783944,0.923395093287,-0.00352256590526,0.0110479797489,0.383675690351
15,0.183047464908,0.831286764171,-0.0442559822225,0.99985979237,-0.01491290599,-0.00761582802058,0.0,0.0914236915331,-0.311632912785,1.47304626711,0.9228269902,-0.00495113428174,0.0125130158883,0.384979553823
15,0.183247566079,0.829700892435,-0.043755768277,0.999853484246,-0.0157810505889,-0.00663087349355,0.0,0.0912572329984,-0.311357270445,1.47147558197,0.922736397889,-0.004336850846,0.0128151428442,0.38519411191
15,0.183794891221,0.833903895635,-0.046537091145,0.999864548614,-0.0159125654757,-0.00420412710151,0.0,0.0916910605193,-0.312286381896,1.47644036829,0.923108375886,-0.00380764773603,0.0117231771286,0.38434228925
15,0.183829348667,0.832424310827,-0.0461431432498,0.999875380751,-0.0146830097776,-0.00579932691315,0.0,0.0917132514127,-0.311992234307,1.47461982159,0.923009827749,-0.00474821222202,0.0121422225954,0.384555430063
15,0.184180482622,0.836847658906,-0.0491805452502,0.999885029631,-0.0148229660165,-0.00319487061849,0.0,0.0920946872366,-0.313026768313,1.47962144848,0.923291516803,-0.00417357638274,0.0107630129721,0.38392644323
15,0.183634402675,0.831543142613,-0.0458242169929,0.999854300806,-0.0152070415036,-0.00775390543039,0.0,0.0916887689883,-0.3117411342,1.47346649835,0.92271517768,-0.00488139089499,0.0129390961727,0.385234282862
15,0.183508463453,0.831245282361,-0.0445954133508,0.999833871381,-0.0162552196935,-0.00824605790776,0.0,0.0914221966492,-0.311647231852,1.47306300163,0.923179428251,-0.00453056852282,0.0135701706168,0.3841029389
15,0.183678012289,0.834937302358,-0.0469546102421,0.999851709015,-0.016376355594,-0.00532681495091,0.0,0.0917430283483,-0.312427594607,1.47728126828,0.92343301696,-0.00390588808303,0.0119178136496,0.383554654443
15,0.183681306868,0.833625416196,-0.0464181905876,0.999842483797,-0.0166204387364,-0.00622644441103,0.0,0.0916249682422,-0.312251342734,1.47591555999,0.923074447285,-0.00401878329492,0.0124250407518,0.384399574028
15,0.183822145398,0.833883390292,-0.0466500055876,0.999838181981,-0.0164249895667,-0.00733686376302,0.0,0.0917587328994,-0.312265925862,1.4762648717,0.923164543577,-0.00433177496808,0.0128949305962,0.38416426431
15,0.1833386912,0.83016093212,-0.0447202317361,0.999817701368,-0.016581952573,-0.00946587974327,0.0,0.0914938329408,-0.311461097752,1.47193690195,0.922871830853,-0.00454201075661,0.0140023421289,0.384825789638
15,0.183607469367,0.832386796985,-0.0461834162444,0.999863952201,-0.0148122305485,-0.00725774865354,0.0,0.0917037030577,-0.311961483775,1.47455857953,0.922862257585,-0.00491795099134,0.01263869407,0.384891323227
15,0.182971488693,0.829150454994,-0.0431915707341,0.999861162895,-0.0152824434057,-0.00664092299075,0.0,0.0913392744163,-0.311146839936,1.47047172317,0.922407275845,-0.00451046973419,0.0123499387741,0.385994756627
15,0.183613809573,0.835746876499,-0.0473756817242,0.999886175507,-0.0145300552348,-0.0040636835495,0.0,0.0918096273661,-0.312727637197,1.47813409785,0.923021475934,-0.00436407069112,0.0110107880822,0.384566083266
15,0.183560046569,0.83512946663,-0.0470290629136,0.999851332419,-0.0164188374307,-0.00526638744438,0.0,0.0917500346444,-0.312564784233,1.47747980164,0.923131493268,-0.00386378739919,0.0117193066696,0.384286319214
15,0.18342268351,0.833786588878,-0.0461667557469,0.999866699802,-0.0153688544647,-0.00551189078479,0.0,0.0916473781134,-0.312250393648,1.47591251637,0.923275263826,-0.00439884451869,0.0116219027504,0.383937975136
15,0.183588525798,0.833616813677,-0.0468311214363,0.999847660785,-0.016386356206,-0.00601186767849,0.0,0.0915925151667,-0.31226930274,1.47602786681,0.923216939128,-0.00390493461843,0.0126023156264,0.38405262196
15,0.183692634776,0.834919672563,-0.0475712556855,0.999864475828,-0.0148059154738,-0.00719825284103,0.0,0.0916621664321,-0.312645042908,1.47748046678,0.923279168852,-0.00486785253542,0.0128331449264,0.383884345561
15,0.183071831023,0.828505540941,-0.0435053804449,0.999874103361,-0.0144946057516,-0.0064563016937,0.0,0.091242793378,-0.311007478603,1.46997383225,0.922662941445,-0.00468697567285,0.0127376029799,0.385368501843
15,0.18383184918,0.83617164939,-0.048364672361,0.999876227881,-0.0145178069802,-0.00606318390773,0.0,0.0917950346314,-0.312856946216,1.47887518403,0.923658837941,-0.00463120827792,0.0125496611913,0.382982256778
15,0.183606099842,0.833848675844,-0.046406965158,0.99986031917,-0.0156060365161,-0.00598278974824,0.0,0.0916369782917,-0.312337754641,1.47605410117,0.92333654917,-0.00434356542307,0.0122260088376,0.383772426205
15,0.183158856674,0.828398635122,-0.0426940737191,0.999824941887,-0.0158718307072,-0.00990810628473,0.0,0.0912726167242,-0.311018419887,1.46981989575,0.922449009469,-0.00515251415513,0.0137769025251,0.385838662505
15,0.183422201768,0.831223615174,-0.0444253488498,0.999815369164,-0.0170204763985,-0.00891801361116,0.0,0.0916253973088,-0.311603750871,1.47291472939,0.922601345792,-0.0043271142044,0.0135721844127,0.385491671292
15,0.18304437538,0.830355507178,-0.0440727605879,0.999834158931,-0.0161353546427,-0.00844422677519,0.0,0.0913385248512,-0.311410033785,1.47191375718,0.922795668358,-0.00457734004843,0.0132146788864,0.385035809607
15,0.183475275399,0.833186752971,-0.046136939045,0.999874234992,-0.0146293198981,-0.00612349568208,0.0,0.091811142163,-0.312116520811,1.47516976104,0.922673851679,-0.00459424089053,0.0121294833753,0.385363117089
15,0.183537613127,0.836848568695,-0.0485637738751,0.99985941724,-0.0165259098754,-0.00283549987404,0.0,0.0919747857963,-0.312937305219,1.47947013652,0.923084978725,-0.00314743406704,0.0105803450288,0.384437604832
15,0.182702634349,0.828889034792,-0.0441256647607,0.999846110085,-0.016125472896,-0.00690834802222,0.0,0.0913482063186,-0.311105060821,1.47036641191,0.922315997468,-0.00394996615884,0.0126899051091,0.386207929605
15,0.183300363319,0.834648553822,-0.0476556492843,0.999865858027,-0.0158933913495,-0.00395803779635,0.0,0.0918726746509,-0.312439955865,1.47702776994,0.922672339113,-0.00359392853309,0.010972787172,0.385412034393
15,0.183137309764,0.829594463458,-0.0441898769296,0.999832085171,-0.0150880295703,-0.0103996551367,0.0,0.091408846802,-0.31135843214,1.47125226278,0.922506625999,-0.00539656414007,0.0140242627189,0.385688633665
15,0.183403555073,0.832862929582,-0.0456424820072,0.999840690289,-0.0158637539337,-0.00818140292418,0.0,0.0915691809823,-0.312050667962,1.47482558574,0.923109961825,-0.00471830105242,0.013038417998,0.384286007645
15,0.184001692732,0.832479853527,-0.0451875300267,0.999864641789,-0.0157364488683,-0.00480231989445,0.0,0.0917667152286,-0.311944024114,1.4745999596,0.922916038571,-0.00424655883389,0.0117189943132,0.384799451218
15,0.183382838908,0.832637616193,-0.0441879550424,0.999816348627,-0.0174321153961,-0.0079618070476,0.0,0.0914653858657,-0.312022750136,1.47444661915,0.923136246339,-0.00416191121981,0.0129607317209,0.38423192036
15,0.183446376714,0.831060306242,-0.043290077972,0.999830401635,-0.016635244456,-0.00790168393082,0.0,0.0915691468869,-0.311576672936,1.47268924163,0.922944006885,-0.00450907482969,0.0127766793651,0.384695704245
15,0.183845729566,0.836985041125,-0.0472368740892,0.999840462935,-0.0165369558571,-0.00675113087403,0.0,0.0920522873916,-0.313028917056,1.47940294395,0.923034748794,-0.00429176092878,0.0119970635572,0.384505531525
15,0.18353705406,0.833806920041,-0.0456983590735,0.999835704539,-0.0165903322885,-0.0073023834609,0.0,0.0916014314967,-0.312292172081,1.47586630416,0.923138342571,-0.00432904983981,0.012628981825,0.384236084484
15,0.183596698065,0.834413058673,-0.0454129570866,0.999830114072,-0.0173783951653,-0.0061428312573,0.0,0.0918459453682,-0.312343523157,1.47631255123,0.923007431415,-0.00361175843381,0.0122902057455,0.384568833366
15,0.183063847124,0.829970092857,-0.042575905945,0.999857184428,-0.0156167150608,-0.00645979548324,0.0,0.0914276532102,-0.311298983336,1.47113503225,0.922569617998,-0.00446933676665,0.012089951534,0.385615297995
15,0.183185040977,0.831601926566,-0.0440050109258,0.999817088035,-0.0166609073185,-0.00939173257721,0.0,0.0913720160197,-0.311676991445,1.47335273041,0.92296928639,-0.00453424438259,0.0138900046413,0.384596158041
15,0.183228362731,0.832542098773,-0.0444416599212,0.999849600095,-0.01665328181,-0.00484204457015,0.0,0.0913913037125,-0.312015576963,1.47433326635,0.922982493676,-0.00363338562283,0.011801232583,0.38464379078
15,0.182906397083,0.826477694018,-0.0415527873388,0.999797959137,-0.0158153421665,-0.0124062830088,0.0,0.091118439155,-0.310527095896,1.46755977844,0.922415852642,-0.00551499832046,0.0152108540829,0.385859053937
15,0.183574882894,0.833796380452,-0.0461349613801,0.999840126253,-0.0168686868525,-0.00593037413134,0.0,0.0915937296132,-0.312324655728,1.47601845688,0.923224273915,-0.00377661703859,0.0124372188489,0.384041655039
15,0.18348501396,0.832144023244,-0.0462643888707,0.999834786023,-0.0164566265925,-0.00771881460126,0.0,0.0915153837525,-0.311963927833,1.47439342325,0.923201843875,-0.00430917455968,0.0131690836091,0.384065569555
15,0.183339002058,0.83060118666,-0.0451977131424,0.99984887624,-0.0160652998983,-0.00664310320798,0.0,0.0915830118876,-0.311527441418,1.47256000653,0.922804301781,-0.00422601620472,0.0124385637585,0.385044988974
15,0.183627488473,0.834903141652,-0.0479392496727,0.999837517465,-0.016446774687,-0.00737850061532,0.0,0.0917593773264,-0.312554574498,1.47756200179,0.923434113168,-0.00421708949814,0.012844758956,0.383518796099
15,0.183213223578,0.829273467874,-0.0437615775789,0.999850683421,-0.015368800214,-0.00790005327222,0.0,0.0914152786692,-0.311296755286,1.47102691927,0.922424875092,-0.00482578622697,0.0128901116113,0.385931220065
15,0.183413615501,0.832697959826,-0.0463817924633,0.999803103725,-0.0172585661676,-0.00979263374463,0.0,0.0916051246804,-0.312070638907,1.47487909074,0.923135655726,-0.00431829898696,0.0141189118957,0.384190798624
15,0.18306624327,0.828768259177,-0.0439717134242,0.999822397285,-0.0162578388701,-0.00953187088016,0.0,0.0911549520219,-0.311124499097,1.47041277983,0.922877667688,-0.00470324053932,0.0140991087107,0.384806321601
15,0.183635177253,0.833257897928,-0.0460113182516,0.999824332226,-0.0167123948852,-0.00848531357662,0.0,0.0916313536518,-0.312180054726,1.47545763981,0.923414258911,-0.00436519278077,0.0135767165245,0.383539729754
15,0.18308277801,0.828306859472,-0.042893849192,0.999821313728,-0.0170782396168,-0.00810397100014,0.0,0.0912098008968,-0.310973522493,1.46972151626,0.922833804568,-0.00410112562969,0.0134806493071,0.384940543473
15,0.183369872329,0.831885384815,-0.0453030961776,0.999826305398,-0.0172594077777,-0.00703362479882,0.0,0.0914918482217,-0.311781951924,1.47394141846,0.923020727942,-0.00382797615231,0.0128460306339,0.384516660089
15,0.183639624391,0.834561766095,-0.047171034967,0.999864255541,-0.015426845746,-0.00578644294261,0.0,0.091720293721,-0.312465266685,1.47703150435,0.923369216194,-0.00438862044387,0.0119600990678,0.383701689632
15,0.183432922534,0.830707622062,-0.044898581356,0.9998518774,-0.0159902284547,-0.00636677730604,0.0,0.0915569458943,-0.311538646318,1.47262088308,0.922653123518,-0.00426524752589,0.0123265710167,0.385410270976
15,0.183631742945,0.834877881651,-0.0477624847549,0.999839537197,-0.0166222026958,-0.00667849041877,0.0,0.0917585274005,-0.3125677534,1.4775321219,0.923735267695,-0.00388365712445,0.0128009964435,0.382797866913
15,0.1830601972,0.828469343956,-0.0436812475885,0.999848814999,-0.0155827252616,-0.00771529771993,0.0,0.0913560207155,-0.311033771241,1.47007977972,0.923114802253,-0.00454560400744,0.0130776720819,0.384275127791
15,0.183460682784,0.83185354612,-0.0461807296386,0.999872815842,-0.0151297445024,-0.00504410273169,0.0,0.0917040364908,-0.311812774929,1.47395317191,0.922597949881,-0.00418795473851,0.0117710042639,0.385560536582
15,0.183917995971,0.834427564628,-0.0472985847808,0.9998460398,-0.0172291680071,-0.00332452478828,0.0,0.0916993821219,-0.312447930245,1.476965067,0.922969104109,-0.00301832599276,0.011706125069,0.384684142128
15,0.183219752457,0.827219914633,-0.0420762667493,0.999834454651,-0.0150644997961,-0.0102041235793,0.0,0.0911864747732,-0.310652099045,1.46841675488,0.922474275031,-0.00540574753654,0.0144231873411,0.385751165217
15,0.183044654247,0.828455036554,-0.0426297179948,0.999805985112,-0.0163617059189,-0.0109675299595,0.0,0.0912142935638,-0.311038826656,1.46974681917,0.922535614025,-0.0051039939824,0.0144115450152,0.385608995578
15,0.183429453432,0.830272999184,-0.0438585692859,0.999861106822,-0.0159320324673,-0.00489258677884,0.0,0.0915513132576,-0.311422836191,1.47191524911,0.922516524945,-0.00409812781489,0.0115375948285,0.385763334777
15,0.182965322168,0.828233549224,-0.042508632644,0.999800202655,-0.0163458612026,-0.0115051115979,0.0,0.0913029141337,-0.310933267557,1.46938486711,0.922395402965,-0.0052253931002,0.0143900176701,0.38594344566
15,0.183281758607,0.832538343232,-0.0456058824866,0.999829734371,-0.0163501112154,-0.00855430477086,0.0,0.091534466025,-0.311944876359,1.47441777438,0.922909857947,-0.00452257729025,0.0132264589113,0.384762265799
15,0.183672451797,0.834515429651,-0.0469220734689,0.999864055916,-0.0154813625958,-0.0056742488667,0.0,0.0918738616373,-0.312377255041,1.4767612184,0.923120910796,-0.00435688821944,0.01172999616,0.384306139382
15,0.183603130437,0.832972740923,-0.0453198607266,0.999822925496,-0.0174855657652,-0.00695504444412,0.0,0.0915950697974,-0.312144191242,1.47496532481,0.922972549479,-0.00384044363803,0.0127599982077,0.384635030057
15,0.183442212599,0.830564524345,-0.0437594640695,0.999814000046,-0.0171589469097,-0.00880544446217,0.0,0.0915170774159,-0.311478861707,1.47219713208,0.922703037178,-0.00439987178488,0.0134433789582,0.385251894054
15,0.183686061764,0.83383504489,-0.0463101671768,0.999838301971,-0.0158100760795,-0.00856804558742,0.0,0.0916163109138,-0.312256174926,1.47604299803,0.92347057384,-0.00495063267487,0.0132011675898,0.383410119404
15,0.183271561315,0.831326642402,-0.044989665895,0.999851935074,-0.0147107499336,-0.00892758452603,0.0,0.0913936226062,-0.311731429478,1.4731325943,0.922583614587,-0.00533106253543,0.013325579126,0.385530132166
15,0.183571608434,0.833312304494,-0.0462633410258,0.999853959666,-0.0152903910347,-0.00763303887174,0.0,0.091641366841,-0.312200178204,1.47545078929,0.923175639251,-0.00482862316549,0.0128381668337,0.384133576982
15,0.183892853521,0.836406977112,-0.0482764158606,0.999885517123,-0.0147307420631,-0.00345801776803,0.0,0.0920197397898,-0.312852112821,1.47907220152,0.923379494481,-0.00409496755226,0.0109701036238,0.383709782569
15,0.183515241587,0.835878697151,-0.0477328533711,0.999869587148,-0.0150467023704,-0.00586561540671,0.0,0.0918051588081,-0.312781268559,1.47827820018,0.923560381663,-0.00431771755929,0.0122170625472,0.383234030484
15,0.183670798127,0.837344571634,-0.0482801775826,0.999866704646,-0.0162899413854,-0.0011003407744,0.0,0.0919831010259,-0.313066616112,1.47993237877,0.923127633124,-0.00287220521916,0.0100131817591,0.384352519948
15,0.182953812533,0.830560325379,-0.0444762972289,0.999836901426,-0.0164814526527,-0.00738459644893,0.0,0.0912760719042,-0.311532576242,1.47222312507,0.922633014458,-0.00411007145308,0.0129296776047,0.385440334399
15,0.183382431049,0.833999966461,-0.0475658103612,0.999826082348,-0.0171787632642,-0.00725914242818,0.0,0.0916281532876,-0.312405506924,1.47643716243,0.923162812499,-0.00381485227417,0.0128650954052,0.384174905272
15,0.1831738417,0.830559134562,-0.0453415837749,0.99983525468,-0.0161885364601,-0.00820943279894,0.0,0.0915087300575,-0.311605298694,1.4724152944,0.922673533099,-0.00444103551447,0.0131113486384,0.385333519253
15,0.183415858687,0.833483231399,-0.0471819113917,0.999854604861,-0.0160603737891,-0.00573005521687,0.0,0.0916329963883,-0.312298712525,1.47581756633,0.922893548321,-0.00405977025617,0.0119299757895,0.38484892154
15,0.183274510452,0.831513845358,-0.0453445878707,0.999850151378,-0.0151187315043,-0.00843200732969,0.0,0.0915394448084,-0.311724934099,1.47340552103,0.922812195674,-0.00498357112956,0.0131389185854,0.384993745862
15,0.18387741649,0.8368011869,-0.048666930954,0.999866105643,-0.0156805701924,-0.00467872893225,0.0,0.0920042585139,-0.313020913806,1.47952612759,0.923261132112,-0.0039963743152,0.011521969624,0.383979368116
15,0.183800719608,0.83650726953,-0.0480461930372,0.999888251254,-0.0144552906251,-0.00381176832856,0.0,0.0919167883085,-0.312899024575,1.4790832316,0.923370733215,-0.00436724420859,0.0109754853877,0.383727709373
15,0.183498446437,0.831508737767,-0.0448835057499,0.999851815627,-0.0151863460211,-0.00810689104583,0.0,0.0916347728667,-0.311720111807,1.47335784111,0.922932393395,-0.00485356986886,0.0132716397933,0.384702617172
15,0.183277892472,0.831968526019,-0.0447460331565,0.999846325529,-0.0169467767466,-0.00448687903985,0.0,0.0914323370482,-0.311866504168,1.47375116034,0.922898376304,-0.00334906332397,0.01188275466,0.384845645592
15,0.183074966901,0.828422515198,-0.0430967023341,0.999845966603,-0.0167886334069,-0.00511711408099,0.0,0.09132110936,-0.310962322525,1.46981918475,0.922546342756,-0.00356678648749,0.0120650752953,0.385681160364
15,0.18299114167,0.825583928662,-0.0411693711536,0.999783211315,-0.0167797292457,-0.0123276542065,0.0,0.0910203100124,-0.310339243211,1.46651661966,0.922425884591,-0.00518622620642,0.0153766023835,0.385833060525
15,0.183483244418,0.82942307429,-0.0436051330484,0.999795647455,-0.0160437825394,-0.0122987955687,0.0,0.0914101227551,-0.311262250222,1.47097870934,0.92282993673,-0.00553459900348,0.0152121725317,0.384867335448
15,0.183784019298,0.836335842796,-0.0477295467629,0.999872837001,-0.0147946790087,-0.00595208365903,0.0,0.0919480219049,-0.312848397002,1.47876509238,0.92325623454,-0.00481300069518,0.0116028650848,0.383979340498
15,0.182831599686,0.829179569158,-0.0431082050246,0.999786951506,-0.0172337137971,-0.0113600487572,0.0,0.0911797903381,-0.311189957034,1.47039039524,0.922974812262,-0.00475847614874,0.0145719348463,0.384554952574
15,0.18323543345,0.833073883412,-0.0465405196491,0.999853331863,-0.0157711833425,-0.00667716550611,0.0,0.0916013046969,-0.312136351088,1.47524385427,0.922682352856,-0.00420802546977,0.0124586467983,0.385336671458
15,0.183545589938,0.834997054285,-0.0471235669164,0.999867322487,-0.0159478984539,-0.00331691989002,0.0,0.0917094117077,-0.312565271974,1.47751535169,0.923105200952,-0.00353644796663,0.0110531570425,0.384372357527
15,0.183579163206,0.832892814514,-0.0457849392259,0.999864041825,-0.0156682330519,-0.00513851524395,0.0,0.0917981465168,-0.312065955389,1.47507328589,0.922518040552,-0.00400807825861,0.0118398912496,0.385751496614
15,0.183139894674,0.832135108423,-0.0450640709109,0.999824108316,-0.0163146835695,-0.00925113665572,0.0,0.091384873358,-0.311917251616,1.47404970001,0.922837781134,-0.00475403255199,0.013411847919,0.384925903547
15,0.183285754845,0.832031419317,-0.0457414005054,0.999817264064,-0.0165123018119,-0.00963236046377,0.0,0.0916679423408,-0.311860712775,1.47393261574,0.922963323283,-0.00457727142706,0.0137625384664,0.3846145408
15,0.182820755483,0.827874908801,-0.0429717700759,0.999840604851,-0.0167433752167,-0.00619873198198,0.0,0.0912645704833,-0.310820354567,1.46911075289,0.921969252593,-0.00368724241444,0.0124714888982,0.387044653084
15,0.1835624967,0.835685239167,-0.0478673488947,0.999846851508,-0.0157264403581,-0.0076780598261,0.0,0.0918028658309,-0.312740109487,1.47814086427,0.923058069785,-0.00448260483101,0.0129386302299,0.384416828334
15,0.183187051463,0.832373833958,-0.0453734931636,0.999861211856,-0.0157062925367,-0.00555602374884,0.0,0.0915911671148,-0.311842129881,1.47428283068,0.922860878876,-0.00406673180922,0.0118885260042,0.38492846463
15,0.184076036141,0.83612872656,-0.048093156227,0.999881991619,-0.0145915099735,-0.00480527554388,0.0,0.0919428381883,-0.312853073726,1.47882494604,0.923149556074,-0.00457017852257,0.0116321815146,0.384237820812
15,0.183172384884,0.828534743039,-0.043377546682,0.999859338894,-0.0152219876326,-0.00704226655465,0.0,0.0912525721256,-0.310992109796,1.46986015525,0.922380584676,-0.00485017357491,0.0124807777828,0.386050207893
15,0.183080786269,0.827978439722,-0.0425088464273,0.999799768756,-0.0159649827391,-0.0120640673781,0.0,0.0912606303138,-0.310846786003,1.46900791317,0.922851372392,-0.00552093436029,0.0148086665988,0.384831868679
15,0.183837490851,0.835694494819,-0.0474889044418,0.999849895225,-0.0169361602422,-0.00365424339124,0.0,0.0918158716712,-0.312633264134,1.47803073362,0.923203594965,-0.00341706184483,0.0111383403207,0.384134590094
15,0.182962082644,0.828284989828,-0.0430722268802,0.999832443505,-0.0170195907647,-0.00673932079996,0.0,0.0913232811824,-0.31097267761,1.46949596392,0.922246492981,-0.00372373210361,0.0127775778542,0.386373230837
15,0.183034821475,0.830885224348,-0.0450867715968,0.999862083339,-0.0144509449687,-0.00818440535817,0.0,0.0915662811495,-0.311545773783,1.47252025956,0.92230896933,-0.00509064070807,0.0128324564334,0.386206652625
15,0.183053276597,0.832070249297,-0.0458602746909,0.999865552306,-0.0156685623178,-0.00483461128712,0.0,0.0915540819514,-0.311814021348,1.47390980128,0.922640020223,-0.00388035129504,0.0115300415418,0.385470354371
15,0.183280207308,0.837022739376,-0.0490392035569,0.99987359832,-0.0156310529542,-0.00290818935231,0.0,0.0919081580374,-0.312899894378,1.47958681419,0.923126348487,-0.00343683442644,0.0104959718156,0.384338090064
15,0.182716354864,0.831381221602,-0.0453285388018,0.999836162731,-0.014098178834,-0.0113529313319,0.0,0.0915752697765,-0.311563211838,1.47291789762,0.92290071772,-0.00583396052764,0.0139147157729,0.384742265448
15,0.182745872124,0.832174953856,-0.0452288741372,0.999858626045,-0.0147845684298,-0.00800902369707,0.0,0.0916304715827,-0.311830779403,1.47373827477,0.922634307315,-0.00485069011659,0.0124534454275,0.38544431176
15,0.183010480223,0.833476840902,-0.045214860629,0.999820353971,-0.0156039510701,-0.0107599487086,0.0,0.0914487259609,-0.312172923846,1.47519171485,0.922968329571,-0.00526255168028,0.0139861166101,0.384585694874
15,0.183099306725,0.832934459737,-0.0455867911036,0.999822584798,-0.0158807389146,-0.0101292180971,0.0,0.0914839934332,-0.312085354743,1.4747143386,0.923190807602,-0.00502498720058,0.0137977861873,0.384061327601
15,0.183339996135,0.835374647455,-0.0472146488487,0.999869321878,-0.0152048477898,-0.00549106279613,0.0,0.0916618230898,-0.312612530215,1.47760446507,0.923178310442,-0.00441316496305,0.0115357222549,0.384173474119
15,0.183390764095,0.834299565829,-0.0465088781018,0.999825840977,-0.0173469929932,-0.0068825538818,0.0,0.0916851745418,-0.312267866068,1.47637060489,0.922816511392,-0.00374227905588,0.0125779746025,0.385016202522
15,0.18333124233,0.835930897304,-0.0482728547009,0.999856780145,-0.0157690894006,-0.00614451120276,0.0,0.0918105195552,-0.312726798802,1.47822691558,0.923189590788,-0.00421677878812,0.0118255092258,0.384139760463
15,0.18329018373,0.831594112918,-0.0445489288464,0.999850690144,-0.0157630361651,-0.0070798382683,0.0,0.0915866517849,-0.311662793869,1.47315032293,0.92260640305,-0.00450793310888,0.0124367583132,0.385515798164
15,0.183242713998,0.829039655683,-0.0436559851761,0.999854140048,-0.015729609042,-0.00665417380086,0.0,0.0913281435941,-0.311138875368,1.47046079398,0.922159289477,-0.00452368562972,0.0123782578714,0.38658577293
15,0.18360125361,0.830446879399,-0.0443991269033,0.999833852891,-0.0153848637424,-0.0097761229978,0.0,0.0915227670667,-0.311555110316,1.47222218254,0.922905547559,-0.00537283620348,0.013797460007,0.384741618509
15,0.182935221818,0.831364743341,-0.0449528822535,0.999824491676,-0.0163574148354,-0.00913350015731,0.0,0.0916009619559,-0.311662600439,1.47305614681,0.922823189604,-0.00451866763277,0.0132297083938,0.384970021156
15,0.183212770092,0.835360854941,-0.0474747751937,0.999852133565,-0.0167064621912,-0.00407493895382,0.0,0.0917780680402,-0.312629708321,1.47768639742,0.922707686035,-0.00335317810288,0.010977489862,0.385329439629
15,0.183226110367,0.834477710293,-0.0465927118135,0.999830704544,-0.0172892589892,-0.00629633032326,0.0,0.0917204263376,-0.312460660567,1.47655588407,0.922995198345,-0.00363458186119,0.0120312384729,0.38460616603
15,0.183126591668,0.832257102718,-0.0452401990219,0.999842091483,-0.0159863154288,-0.00776078721032,0.0,0.0916480883777,-0.311805903394,1.4740220094,0.922745365056,-0.00455629380392,0.0124256879458,0.385182857527
15,0.182975144227,0.834224845864,-0.0471117583637,0.999833318305,-0.0156742739301,-0.00936230442131,0.0,0.0916133280127,-0.312379763297,1.47629255444,0.922985313362,-0.00487489043595,0.0131428118344,0.384579787897
15,0.182429745288,0.829871882009,-0.0445036749989,0.99984912563,-0.0159430631182,-0.00689526766404,0.0,0.0912931645178,-0.311295014623,1.47127744333,0.922385806661,-0.00400894570967,0.0123899432761,0.386050309325
15,0.183065259884,0.828794318477,-0.04274201976,0.999875564537,-0.0142890550125,-0.00668418648308,0.0,0.0912610985141,-0.311052437844,1.47014230164,0.922454884851,-0.00491795589349,0.0125700457943,0.385868880675
15,0.183502343429,0.831676782448,-0.0446432822877,0.999891280694,-0.0137643580858,-0.00528859511066,0.0,0.0916206760826,-0.311692262345,1.47354461973,0.92243437132,-0.00488218724098,0.011825755322,0.385941895065
15,0.183367809498,0.828265298427,-0.0423000124086,0.999860492088,-0.0153402157783,-0.00660864137295,0.0,0.0913060013882,-0.310968867416,1.46957601674,0.922275552089,-0.00461921504575,0.0127209942027,0.386296058974
15,0.183788462504,0.834911221599,-0.0469947593067,0.999844934223,-0.0173019740665,-0.0032785975989,0.0,0.0916953585809,-0.312615158293,1.47725673653,0.922852131121,-0.00297298461837,0.0115646119172,0.384969304229
15,0.183098211657,0.827113358649,-0.0421680481233,0.99984928366,-0.0157103882424,-0.00738875262269,0.0,0.0912138766558,-0.310657714022,1.46828361886,0.922087633836,-0.00449196872377,0.0131453775101,0.386731711647
15,0.183001554332,0.826739228225,-0.0426028626228,0.99985639883,-0.015041795959,-0.00780551681106,0.0,0.0911597964348,-0.310585734672,1.46804856756,0.922263941996,-0.00478483656095,0.0133169824276,0.386301675653
15,0.183208073278,0.832422247961,-0.045964482795,0.99984862548,-0.0155669402128,-0.00777151842062,0.0,0.0915458947537,-0.311928011501,1.47435368301,0.922605037307,-0.00452002507503,0.013011475858,0.385499955909
15,0.182825942268,0.83145885033,-0.0447934946414,0.999825513457,-0.016305011621,-0.00911532971773,0.0,0.0913707653929,-0.311708525044,1.47299177446,0.922757170849,-0.00450114474117,0.0134584900816,0.385120516707
15,0.183069308277,0.829606609263,-0.0438052843658,0.999841209148,-0.0157920922261,-0.00825628924286,0.0,0.0914466210492,-0.311230297389,1.4710238751,0.922489352137,-0.00468673677495,0.0129866776798,0.385775551189
15,0.183092893528,0.829566222188,-0.0438474078591,0.999846531288,-0.0161172596211,-0.00686642654968,0.0,0.0914710200441,-0.311172280339,1.47102456755,0.922468653488,-0.00426187012255,0.0124129105157,0.385848855702
15,0.183360524831,0.83296479286,-0.0465002051603,0.999850778988,-0.0157984656667,-0.00698772060431,0.0,0.0914818292595,-0.312096643541,1.47511858215,0.923238851066,-0.00461267764068,0.0122577741414,0.38400324746
15,0.183178105145,0.830787142559,-0.0451329258902,0.999838656121,-0.0169699474058,-0.00588919443257,0.0,0.091355443299,-0.311562496207,1.47259993101,0.922529771199,-0.00383489633811,0.0119927934669,0.38572047875
15,0.182951311735,0.829916161283,-0.043768355514,0.999859587422,-0.0154709875059,-0.00643847692458,0.0,0.091346353561,-0.311326036944,1.47146605543,0.922439131491,-0.00448708796667,0.0120253959131,0.385929144518
15,0.182891804482,0.828266694058,-0.0428072805145,0.999826640459,-0.0160389461992,-0.00945733750806,0.0,0.0913289245591,-0.310870654382,1.46961125859,0.922217141912,-0.00481536088522,0.0135267259239,0.386405723494
15,0.18342655476,0.832326068875,-0.0451368256136,0.999812674465,-0.0168761249202,-0.00947693970903,0.0,0.0916992408345,-0.311843999506,1.47433939618,0.923058996798,-0.00468588016031,0.0133256689902,0.384398956168
15,0.183005238183,0.829254935504,-0.0430495096612,0.9998075306,-0.0161370206229,-0.0111578815756,0.0,0.0913558891388,-0.311207163601,1.47067295303,0.922604580802,-0.00534264151431,0.0139564561858,0.385457469762
15,0.182847555993,0.833131220809,-0.0452953432344,0.999883416559,-0.0145226391443,-0.00471659222902,0.0,0.0915946637603,-0.312059129139,1.47490536809,0.922877085803,-0.00442479914409,0.0108413567855,0.384916576202
15,0.182788021578,0.833343038375,-0.0455522463011,0.999853762187,-0.015638139796,-0.00692118667018,0.0,0.0915294914074,-0.312020433959,1.47523501254,0.922743187025,-0.00434625164402,0.0120758618188,0.385201628315
15,0.183102169581,0.833289489608,-0.0455003596681,0.999864898597,-0.014996748555,-0.00672919653012,0.0,0.0916938991381,-0.312120882832,1.47514344534,0.922645123898,-0.00460056889231,0.0120638616321,0.385433876762
15,0.182564524885,0.827282043382,-0.0421501554598,0.999789357346,-0.0171910250167,-0.0112120291184,0.0,0.0912073653081,-0.310640982442,1.46822769013,0.922145869158,-0.0045108536343,0.0145785741744,0.386541218203
15,0.183069519203,0.831572681282,-0.0449704155646,0.999865497455,-0.0155922462076,-0.00508614373192,0.0,0.0914732556636,-0.311697903311,1.47324056253,0.922360950194,-0.0042096778808,0.0112834868634,0.386141475489
15,0.183047181456,0.831591698805,-0.0446125106939,0.999850685896,-0.0153519590089,-0.00793241879937,0.0,0.0914578776994,-0.3116940431,1.47321367543,0.922756354862,-0.00488147243542,0.0125592004444,0.385148214682
15,0.183275761866,0.832397550749,-0.0448874370721,0.999834669676,-0.0165550890263,-0.00752079394309,0.0,0.0914624062133,-0.311926778627,1.47431475497,0.922835372226,-0.00418555765069,0.01300866371,0.38495211591
15,0.183217705862,0.831644466758,-0.0442205931045,0.999861274248,-0.0161462660743,-0.00409027507032,0.0,0.0914380524146,-0.31174437498,1.47350758422,0.922645297635,-0.00363645758293,0.0114150817225,0.385463522059
15,0.183947255339,0.837221811825,-0.0489466570584,0.999860316896,-0.0156873488095,-0.00576660934414,0.0,0.0919520357017,-0.313107327738,1.48016499693,0.92358085874,-0.00420431930577,0.0121552435843,0.383187905762
15,0.183310964633,0.832891351031,-0.0460063003179,0.999855890639,-0.0159142784588,-0.00591047338135,0.0,0.091529424782,-0.312061451467,1.47493073875,0.922911664956,-0.00408160014162,0.0122253713568,0.384795971292
15,0.183185753495,0.830982980377,-0.0448535844552,0.99985398526,-0.0157815627076,-0.00655365837834,0.0,0.0914540588537,-0.31156209098,1.47275559063,0.92264167395,-0.00426117999378,0.0124973640445,0.385432224559
15,0.183693938547,0.833095378342,-0.0449588726306,0.999859885116,-0.0152586070471,-0.0068836798148,0.0,0.0917386987766,-0.312100902079,1.47506288896,0.923139342391,-0.00471427416836,0.0125236247943,0.384232597487
15,0.183448535821,0.832236514585,-0.0444884804705,0.999871746634,-0.0156082770965,-0.00358775273833,0.0,0.0915157108827,-0.311840055683,1.47411348189,0.92261809729,-0.00388304949228,0.011086635114,0.38553580249
15,0.183555626717,0.832012840639,-0.0448920236877,0.999861445739,-0.0158574744362,-0.00506259112301,0.0,0.0915174657022,-0.311846218401,1.47392751541,0.922835798369,-0.00427086767264,0.0115257788163,0.384997409549
15,0.183303728253,0.831565724914,-0.0445955821872,0.999821132894,-0.0172551267892,-0.00774356621935,0.0,0.0914811271274,-0.31168263655,1.47323577022,0.922950969903,-0.00411332962191,0.012886242451,0.384679779077
15,0.183067096729,0.829841474328,-0.0439424288493,0.999833196742,-0.01655246372,-0.00771975627859,0.0,0.0913914494683,-0.311289523411,1.47128206254,0.922267269226,-0.00435321953642,0.012708742929,0.386319325748
15,0.18355233913,0.836219048085,-0.0482208346495,0.999861712716,-0.0162893617156,-0.003348453177,0.0,0.0918947550629,-0.31276209433,1.47877111093,0.923008762994,-0.00348076803499,0.0106667333148,0.384615299346
15,0.182910770522,0.829279464388,-0.0437525302481,0.999842012138,-0.0157565901602,-0.00822682382854,0.0,0.0914300599989,-0.311143571718,1.47066558075,0.922501122271,-0.00467559275592,0.0128065416493,0.385753562178
15,0.183164642971,0.83096601391,-0.045807256299,0.999830883165,-0.0170976784621,-0.0067730687311,0.0,0.0914351786347,-0.31162183041,1.47302308385,0.922684086547,-0.00371736868952,0.0127192105939,0.385329053257
15,0.183105081195,0.831237256802,-0.0454036949879,0.999848011486,-0.0152537446243,-0.00844258270529,0.0,0.091546777739,-0.311685307613,1.47316435443,0.922541758514,-0.00490662117934,0.0128854207357,0.385650871642
15,0.183681915103,0.835058606859,-0.0472572809835,0.999863813934,-0.0154897794477,-0.005693884249,0.0,0.0917390254769,-0.312587522015,1.47764129799,0.923328298671,-0.00431825648253,0.0120013194302,0.383799653291
15,0.183629582489,0.833915886356,-0.046147215827,0.999864327616,-0.0150336538774,-0.00673168710267,0.0,0.0916224833303,-0.312265013696,1.47613172118,0.923429376538,-0.00470151059386,0.0126522085253,0.383530968717
15,0.183716942461,0.834874584846,-0.0467289974054,0.99988239042,-0.014480793158,-0.00505093639339,0.0,0.0916843305289,-0.312513612058,1.47722697373,0.922968544331,-0.00460666992425,0.0117768750482,0.384667583743
15,0.184048069268,0.834051053354,-0.0459154385861,0.999872472306,-0.014798592445,-0.0060033979171,0.0,0.0918652495083,-0.312273539526,1.47619567945,0.922966007796,-0.00474983112598,0.0123295344769,0.384654611486
15,0.182898414496,0.827770514091,-0.0420598178112,0.999816250183,-0.0159997253648,-0.0105581560292,0.0,0.0911989900451,-0.31078836785,1.46893231704,0.92219499386,-0.00504388022823,0.014239295903,0.386430064856
15,0.183471191507,0.833050656988,-0.0453663903768,0.999877219221,-0.0138728041797,-0.00728641116148,0.0,0.0916341367865,-0.312084001669,1.47503751031,0.922667381983,-0.0053895759166,0.012310040378,0.385362579401
15,0.183305840054,0.832662899525,-0.0452800839909,0.999871055301,-0.0145730235401,-0.00674535073409,0.0,0.091588757502,-0.311988368676,1.47475703437,0.9228783684,-0.0048450034884,0.0122685342542,0.384865594913
15,0.183448545593,0.831911558282,-0.0446787728066,0.999845987721,-0.0156812617382,-0.00788028355874,0.0,0.0916337586005,-0.311817588963,1.47396232743,0.922575935158,-0.0047071355502,0.0128441582595,0.385572968894
15,0.183683504975,0.834230858633,-0.0463766084753,0.999840485337,-0.0171684249722,-0.00492433389417,0.0,0.091674477032,-0.312385921703,1.47672625904,0.922906337487,-0.00350552142814,0.0118473839318,0.384826250455
15,0.183650647558,0.834835825584,-0.0464788715903,0.999879047354,-0.0150236491521,-0.00402251528491,0.0,0.0917288671328,-0.312505074844,1.47722058165,0.92282348685,-0.00424701008729,0.0110421092019,0.385041357321
15,0.183365980729,0.835214083325,-0.0466040556965,0.999831897701,-0.0160348569219,-0.00889155230409,0.0,0.0916338789688,-0.312558782232,1.47738823853,0.923627839661,-0.00462113541282,0.0135566908989,0.383022812692
15,0.183325579703,0.836178142634,-0.0475105023181,0.999872809269,-0.0152611898809,-0.00463264158949,0.0,0.0917104999376,-0.312792884103,1.47848910013,0.923222987568,-0.00395895656915,0.0115681213318,0.384070072327
15,0.183506374796,0.834030794778,-0.0469625279402,0.999875051974,-0.0149325236467,-0.00518653805316,0.0,0.09173003399,-0.312318665523,1.47630017542,0.9231142076,-0.00416189028693,0.0121016138368,0.384312879485
15,0.183009237854,0.830432467915,-0.0442333280845,0.999860442046,-0.0145227129942,-0.00825755650718,0.0,0.0913546191519,-0.31146954434,1.47199730832,0.922717246218,-0.00508549175092,0.0131236301636,0.385220445507
15,0.183042438927,0.828524826604,-0.0425574154907,0.999828187138,-0.0164804208452,-0.00848480600309,0.0,0.0912820766582,-0.310999148909,1.46978738914,0.922597052625,-0.00448630141657,0.0133244556764,0.38550876834
15,0.184171228219,0.838856733708,-0.0492153407643,0.999853856725,-0.0167726768381,-0.00330794570657,0.0,0.0921411603306,-0.313398540563,1.48186444729,0.923457755706,-0.00335121098502,0.0109982964713,0.383527809014
15,0.182859765653,0.826251178883,-0.0419824714315,0.999855328398,-0.0154604087311,-0.00709211078701,0.0,0.091085596479,-0.310471992089,1.46742704869,0.922092804838,-0.0045680107572,0.0127455134741,0.386731876665
15,0.183788954143,0.835525462851,-0.0478732569415,0.999885763586,-0.0144941292894,-0.00428718943943,0.0,0.0917693379716,-0.312699100325,1.4782043199,0.923406776129,-0.0044982561782,0.0112510183279,0.383631471697
15,0.183705373309,0.835264998701,-0.047722607678,0.999878983405,-0.0153259625732,-0.00267084543789,0.0,0.0918600649478,-0.312569543206,1.47781071971,0.923155293612,-0.00372200636007,0.010596549853,0.384263143791
15,0.183249888872,0.831278575865,-0.044755314516,0.999841196008,-0.015143111991,-0.00939515427004,0.0,0.0915629663592,-0.311661297857,1.47300148491,0.922527328182,-0.00533198667928,0.0131321175042,0.385671422542
15,0.183141715463,0.831532345622,-0.0451200756891,0.99983394808,-0.0152775080994,-0.00993347945115,0.0,0.0915481299175,-0.311655576159,1.47326710206,0.922568286685,-0.00529456432693,0.0134588902718,0.385562682667
15,0.183090177411,0.833937049625,-0.0466451755955,0.999836087384,-0.0157642383739,-0.00890433336897,0.0,0.0916969380674,-0.312236902193,1.47597243015,0.923027564526,-0.00473197727784,0.0130356215205,0.384483804715
15,0.182407473944,0.829619663653,-0.0434313217903,0.999842448881,-0.0159287581473,-0.00783275688022,0.0,0.0911129278762,-0.311157155066,1.47086752426,0.922659385512,-0.00449801406529,0.0125107399958,0.385386698759
15,0.182985561036,0.829622773611,-0.0428091043863,0.999809756144,-0.0167981462372,-0.00991331444131,0.0,0.0913165044169,-0.311208326361,1.47100303961,0.922735498788,-0.00467595035178,0.013808965499,0.385157951024
15,0.183439618556,0.834036867359,-0.0456666595159,0.999829435831,-0.0181621081795,-0.00335217439103,0.0,0.0916571024462,-0.312220168626,1.47617180942,0.922670910084,-0.00274511109859,0.0110694244747,0.385419672425
15,0.183454937842,0.833642029669,-0.0451735729712,0.999838730026,-0.0164932617713,-0.00710536816534,0.0,0.0916871631343,-0.312153055719,1.47563844877,0.923155454679,-0.00406849419999,0.0128674456953,0.384189904466
15,0.18335251702,0.833399956616,-0.0450477886098,0.999848666309,-0.0164951462846,-0.00552762420743,0.0,0.0917781942981,-0.312044309676,1.4753499789,0.922898266181,-0.00389055361059,0.0115859458833,0.384849866481
15,0.183030869039,0.833253004671,-0.0451827713472,0.999838347393,-0.0157587454885,-0.00865684828836,0.0,0.0916355078222,-0.311965745202,1.47499864244,0.922896273531,-0.00476231322946,0.0128376668506,0.384805123387
15,0.182609559163,0.829521424587,-0.0425381074206,0.999826165858,-0.0166047654866,-0.00848055596557,0.0,0.0913407319509,-0.311140024472,1.4705557952,0.922249086577,-0.00445519127167,0.0126120632288,0.38636473628
15,0.182634412191,0.832059444391,-0.0441567464371,0.999856487938,-0.0155148909236,-0.00680379949789,0.0,0.0914527743205,-0.311757130339,1.47338807269,0.922537909132,-0.00449181493392,0.0117157008125,0.385702439929
15,0.18309116498,0.835190763699,-0.0462036574287,0.999834306124,-0.0168452751337,-0.00689905814353,0.0,0.0917308818508,-0.312476284032,1.4771203221,0.922898965162,-0.00393411055317,0.0121183074913,0.384831352025
15,0.183124737276,0.831226694856,-0.0447986621133,0.99985556208,-0.0142340951079,-0.00928684625752,0.0,0.0915862393372,-0.311584584936,1.47291136393,0.922574804005,-0.00533432619407,0.0135379436365,0.385543771914
15,0.183407851129,0.833242046293,-0.0462113548122,0.999864371972,-0.015331507141,-0.00601519325094,0.0,0.0918160071782,-0.311973043096,1.4753473037,0.922645790333,-0.00418542841925,0.0122517224938,0.38543108731
15,0.183485897465,0.834831765536,-0.0479084317387,0.999856997521,-0.0164694086078,-0.00383967287695,0.0,0.0917554400178,-0.312486819097,1.47737082546,0.923310291693,-0.00334422414759,0.0113651310424,0.383872055788
15,0.183055249865,0.831722503216,-0.0461927503212,0.999858103318,-0.0143774404041,-0.00877852135679,0.0,0.0916229935224,-0.311762719484,1.47366122029,0.922527119239,-0.00532727360513,0.0127943740078,0.385683339565
15,0.183673075972,0.834185296132,-0.046465840332,0.999836033894,-0.0166882900986,-0.00702896154947,0.0,0.0916361094475,-0.312374272675,1.47644861084,0.923027566817,-0.00404777177129,0.0130100151444,0.384492478398
15,0.183780591515,0.834605950911,-0.0468148005878,0.999860123527,-0.0160893762283,-0.00456786079592,0.0,0.0917320855536,-0.312417040098,1.47699564176,0.922867527505,-0.00382962446824,0.011763347278,0.384918802236
15,0.184616493832,0.839022805632,-0.0487973457376,0.999868765439,-0.0156901669189,-0.00403367845939,0.0,0.0921579145944,-0.313481667486,1.4820715295,0.923773397441,-0.00405596892103,0.0115920863718,0.382742580373
15,0.183668646564,0.832340232231,-0.0437126242382,0.999848367732,-0.0155942776436,-0.00774984179369,0.0,0.0917363933042,-0.311786306224,1.4739711166,0.922960243082,-0.00487620765511,0.0127387863658,0.38465352671
15,0.182909110862,0.828863378021,-0.0426100210348,0.999801285926,-0.016343955819,-0.0114133154533,0.0,0.0912752390374,-0.310965838515,1.47001399372,0.922164883283,-0.00515386127708,0.0144165186277,0.38649389354
15,0.183204194665,0.83271484274,-0.0450676518269,0.99983694878,-0.0166890240137,-0.00689581983056,0.0,0.0915151228566,-0.311858505263,1.47447858559,0.922888397463,-0.00413287831417,0.0123418233073,0.384847508166
15,0.183293150663,0.830576249869,-0.0449967212557,0.99981640645,-0.0163206125392,-0.0100394721198,0.0,0.091436868089,-0.311469850174,1.47248260365,0.922855848095,-0.00482253934958,0.0141376513355,0.384855756831
15,0.183581223777,0.833966772658,-0.0471548355209,0.999856382085,-0.0165509376998,-0.00364440191006,0.0,0.0916358061197,-0.312281088166,1.47642448196,0.923254339423,-0.00346380083026,0.0112428257103,0.384009147925
15,0.183448942756,0.832338991628,-0.0457653554979,0.99984110225,-0.015628289112,-0.00857477876968,0.0,0.0917763034097,-0.311788999134,1.47427563334,0.92308597465,-0.00486067135818,0.0130394037133,0.384341815613
15,0.183103145986,0.829764448407,-0.0440835207103,0.999814723468,-0.0162739630985,-0.0102799251907,0.0,0.091496891681,-0.31120466816,1.47124959585,0.922714462595,-0.00488913524069,0.0139547057725,0.385200445303
15,0.183379082347,0.83341789737,-0.0459475346198,0.999834205297,-0.0166995677244,-0.00725853680931,0.0,0.0916050457817,-0.312126541721,1.47536046032,0.92317099477,-0.00414657181201,0.0127056108505,0.384157113444
15,0.183234498416,0.830721459784,-0.0443706989067,0.999834666516,-0.0155273114577,-0.00946267569248,0.0,0.0915297493483,-0.31138637592,1.4723232616,0.922699783684,-0.00510613802226,0.0134902549231,0.385249334284
15,0.183534528272,0.834832326854,-0.0472284352382,0.999857762332,-0.0158631090584,-0.00572860153525,0.0,0.0917420006347,-0.312447200438,1.47710910378,0.92339411431,-0.00419757687408,0.0118721493901,0.383646636992
15,0.183691198368,0.835099164365,-0.0474614670158,0.999857534335,-0.0159032653977,-0.00565660530859,0.0,0.0918915102689,-0.312467240834,1.4774658906,0.922999007444,-0.00415264987406,0.0118513739749,0.384597364384
15,0.183459711981,0.834026968195,-0.0462080432241,0.999847094575,-0.0161628022154,-0.00667467562158,0.0,0.0916747794661,-0.312246006616,1.4760648265,0.922955671606,-0.00424350542105,0.0123896528506,0.384683398933
15,0.183124774863,0.829005201427,-0.0437998122388,0.999824511681,-0.0151626320321,-0.0110018376606,0.0,0.0914189278446,-0.311045728037,1.47055518453,0.922698384089,-0.00545784496029,0.0143878642325,0.385215385584
15,0.183606115235,0.83456420451,-0.0472523555229,0.999863762722,-0.0154315250683,-0.00585867122278,0.0,0.091754720884,-0.312435388856,1.47695911651,0.922924688402,-0.00432442589329,0.012076624109,0.38476677875
15,0.182779447871,0.829239254975,-0.0439094130937,0.999816084836,-0.0158088137208,-0.0108571594786,0.0,0.0913949859371,-0.311110999361,1.47069796786,0.922692335828,-0.00503671417232,0.0141751850315,0.385243493188
15,0.183305969949,0.833943336579,-0.0467365704039,0.999835370446,-0.0168138996829,-0.00682090777384,0.0,0.0916905562892,-0.31222705909,1.47610400261,0.923227474982,-0.00393926167671,0.012393794878,0.384033729644
15,0.182837738984,0.829298416945,-0.0437798464256,0.999836069562,-0.0144122920054,-0.010959919765,0.0,0.0913409342632,-0.311118574241,1.47070161785,0.922802355181,-0.00584818938292,0.0138230210268,0.384981215183
15,0.183270300192,0.82936030341,-0.0441822190837,0.9998282008,-0.0149560847278,-0.0109491741597,0.0,0.0914387191932,-0.311189070606,1.47095452749,0.922619340528,-0.00564025199006,0.0142642286865,0.385406631783
15,0.183753722277,0.834379081497,-0.0478772438084,0.99985177527,-0.016563285891,-0.00469947335976,0.0,0.0917719596226,-0.312404074725,1.47695088019,0.923023347784,-0.0036647428065,0.011723823757,0.384547813754
15,0.183581372091,0.833777082321,-0.0468240577307,0.999868807877,-0.0152942632931,-0.00533409264612,0.0,0.091745698661,-0.312234195657,1.47607485194,0.922915990256,-0.00431350760781,0.0117205580956,0.384798774815
15,0.183966190785,0.835217605293,-0.0476308220369,0.999853799931,-0.0154841989214,-0.00725385050282,0.0,0.091964816181,-0.312604423608,1.47782364334,0.92300251342,-0.0046762979259,0.0126742117375,0.384556701691
15,0.183081018026,0.828978244639,-0.0431850627156,0.999837406876,-0.0164747684826,-0.00733088097435,0.0,0.0914017486181,-0.311088863209,1.47047375347,0.922170818713,-0.00413507844856,0.0128965971041,0.386545676504
15,0.182677027509,0.826683275925,-0.0422927522133,0.999801174386,-0.0160709825165,-0.0118040339697,0.0,0.0911707781302,-0.310520937917,1.46792283748,0.92287391629,-0.0050940507016,0.0149501449084,0.384778219817
15,0.183205787248,0.830599856808,-0.0447971802059,0.999838915168,-0.0155388777067,-0.00898259402821,0.0,0.0915971147828,-0.311451771779,1.47248826601,0.922744747657,-0.00477559702586,0.0135510250562,0.385143731696
15,0.183491993193,0.830116783809,-0.044914629147,0.999835054257,-0.0163836042906,-0.00783848131203,0.0,0.0915562372512,-0.311377577404,1.47206872655,0.922676388446,-0.00435143788674,0.0132251830387,0.385323814119
15,0.183285519912,0.829015127806,-0.0442170864666,0.999870333982,-0.0150787037271,-0.00565224874083,0.0,0.0913789325781,-0.311109291323,1.47078832482,0.922633620888,-0.00451831857063,0.0119639861132,0.385465497083
15,0.18390021299,0.835202994098,-0.0476992119161,0.999835063942,-0.017172488619,-0.005911898816,0.0,0.0917124749883,-0.312571222728,1.47791238108,0.923502696807,-0.00377875233774,0.0123560097305,0.38337425454
15,0.183472583394,0.833830471635,-0.0473086401039,0.999841783698,-0.0170227781003,-0.00516067796598,0.0,0.0916940613952,-0.312185540981,1.47623508502,0.922769182392,-0.00358878863397,0.0116785154836,0.385159407129
15,0.183131463468,0.83173797932,-0.0448850526344,0.999827672918,-0.0170707826529,-0.00729471361828,0.0,0.0916550459744,-0.311629015685,1.47353340409,0.922721173822,-0.00399837112412,0.01234771569,0.385249506587
15,0.183093347502,0.834729376782,-0.046537881797,0.999857131615,-0.0158771473475,-0.00579935775856,0.0,0.0917109985957,-0.312349771501,1.47682938339,0.922814980286,-0.00404017353586,0.0116590888105,0.38504578274
15,0.18287747858,0.829764574001,-0.0434180375521,0.999832166983,-0.0162516948765,-0.00845696633706,0.0,0.0913951048273,-0.3112100265,1.47109552933,0.922418599906,-0.00438264731196,0.0132422642292,0.385939582561
15,0.182934636253,0.83088253345,-0.0440395771146,0.99986374934,-0.0150045906472,-0.00688077140984,0.0,0.0914237977635,-0.311539822182,1.47233238958,0.922532895159,-0.00464712617411,0.0122705036423,0.38569534131
15,0.182937097016,0.828979987299,-0.0430916179171,0.999846082795,-0.0157161044697,-0.00779838311502,0.0,0.0913451771712,-0.311035609668,1.47031404194,0.922500065761,-0.00469706177339,0.0126025290748,0.385762546838
15,0.183539185211,0.8334402139,-0.0459203120229,0.999846094405,-0.0157191474692,-0.00779075777141,0.0,0.0918331774933,-0.31210648421,1.47549793288,0.922810755003,-0.00470431061741,0.0125958417169,0.385018862763
15,0.183531032508,0.830078973209,-0.0441184063637,0.999827670947,-0.0156292122142,-0.0100177908826,0.0,0.0915652121918,-0.311263395496,1.47184473536,0.922638076787,-0.00532840974604,0.0137565104761,0.385384672415
15,0.184134387906,0.836648753696,-0.0481498985321,0.999866426441,-0.0157673831535,-0.00430335969782,0.0,0.0920024215002,-0.312881754156,1.47947907396,0.92322951853,-0.00414607109859,0.0111678566457,0.384064246172
15,0.183440815313,0.830203883393,-0.0440072900788,0.999847994896,-0.0155393803101,-0.00790662769137,0.0,0.0914677682164,-0.311374167626,1.47199076014,0.92263728257,-0.00490275792981,0.0128835997607,0.385422392492
15,0.183084083021,0.828861336047,-0.0444021758256,0.999835920222,-0.0140798796521,-0.0113969128366,0.0,0.0913889404204,-0.311093994958,1.47056890147,0.922835789858,-0.00608219102701,0.0141912815574,0.384884033752
15,0.183099317886,0.829664015326,-0.0449266651826,0.999822160509,-0.0150389645603,-0.0113787916933,0.0,0.0913832702089,-0.311276214354,1.47151037858,0.922597585498,-0.00562899508421,0.0143757010602,0.385454729984
15,0.183440494932,0.831387672037,-0.0460776704606,0.999841931825,-0.016150057927,-0.00743552238028,0.0,0.091643010324,-0.311665598409,1.47347747877,0.922496941938,-0.00427632493473,0.0129499808513,0.38576340308
15,0.183387919742,0.8338001897,-0.0468638501136,0.999864321504,-0.0153286571901,-0.00603082518091,0.0,0.0916039238665,-0.312201735719,1.47605294723,0.923017222,-0.00435494388307,0.0121559130531,0.384541904261
15,0.183234510605,0.833887066349,-0.0462409782429,0.999859890044,-0.0164569655902,-0.00306081107705,0.0,0.0916721223698,-0.312157369242,1.47579283067,0.922742125585,-0.0031996833751,0.0108581041998,0.385251649277
15,0.18286081985,0.829631137621,-0.0428867167377,0.999819822577,-0.0162929758101,-0.00973967767247,0.0,0.0913105048281,-0.311103649252,1.47088206561,0.922733040145,-0.00481961055895,0.0136204303819,0.385168783593
15,0.182952072084,0.82977351257,-0.0428719379996,0.999848820475,-0.015826666133,-0.00720089117264,0.0,0.0913984024522,-0.311214372448,1.47097603576,0.922646592358,-0.00452654013871,0.0123639997785,0.385421726884
15,0.183319203405,0.833327344928,-0.0458065962577,0.999840819319,-0.0156998059317,-0.00847656281391,0.0,0.0917161577863,-0.312087119231,1.47534526262,0.922995335091,-0.00488193303555,0.0127471382691,0.384568964682
15,0.183296238958,0.833898971206,-0.0461714305327,0.999838602562,-0.0158177553817,-0.00851865258801,0.0,0.0916035117691,-0.312266536998,1.47597296204,0.923036716599,-0.00471223634294,0.0131392351264,0.384458548012
15,0.183426472999,0.831654160094,-0.0449419596386,0.999831763652,-0.0158045169379,-0.00930922319713,0.0,0.0916905516677,-0.311679615924,1.47354691284,0.923018262936,-0.00486592667014,0.013580448583,0.38448560501
15,0.183619506662,0.836280756329,-0.0478606645238,0.999841458139,-0.0174521449543,-0.00353287741538,0.0,0.0917636053559,-0.312797283708,1.47890480187,0.923130589146,-0.00296684105427,0.0112552218486,0.384310334519
15,0.182897754045,0.829389301997,-0.0435888975067,0.999864385975,-0.0138214156188,-0.00895422406907,0.0,0.0913691985027,-0.311122886656,1.47083039432,0.922527248768,-0.00554123586458,0.0131754110525,0.385667186222
15,0.182963540177,0.828623308303,-0.0431382640116,0.999831270463,-0.0169890752844,-0.00698583744736,0.0,0.0914547555464,-0.310915633259,1.46996791491,0.922323708383,-0.00368999558112,0.0128995594566,0.386185139867
15,0.1832146809,0.831886920851,-0.0453931641014,0.999848575094,-0.0155794651678,-0.00775287989,0.0,0.0914906749129,-0.311762721254,1.47382567972,0.922787128219,-0.00464908634415,0.0128448188216,0.385067932473
15,0.183312809909,0.830614845511,-0.0450851379558,0.999836161256,-0.0164803830338,-0.00748649586412,0.0,0.0916374488936,-0.311402250272,1.47245013262,0.922334717106,-0.00427117161249,0.0126594573664,0.386160801808
15,0.182968022166,0.831362891528,-0.0459919539318,0.999851925919,-0.0154176927112,-0.00764336237202,0.0,0.091505662709,-0.311558686181,1.47333026579,0.922728114012,-0.00468967066749,0.0124042985837,0.385223270296
15,0.183301618635,0.83321595782,-0.0481599692353,0.999859555105,-0.0148475727149,-0.00777300773022,0.0,0.0916833253389,-0.312099853152,1.47573399482,0.922515991471,-0.00481353200724,0.012782065897,0.385717116786
15,0.182963233372,0.830897784973,-0.0453836102454,0.999840876024,-0.016810606681,-0.00596876320109,0.0,0.0912512578285,-0.311568456972,1.47272398625,0.922642313391,-0.00363992854916,0.0124354695684,0.38543906335
15,0.183335155542,0.832660783502,-0.045746141341,0.999827816904,-0.0159805888495,-0.00943171909005,0.0,0.0914459226763,-0.311954622504,1.47469379303,0.922930862449,-0.00484904355555,0.0137905689598,0.384688094596
15,0.18328260814,0.833921876777,-0.0459815122315,0.999845664468,-0.015527766651,-0.00821801110885,0.0,0.0916325603702,-0.312161887304,1.47583031705,0.923094033928,-0.00490303159232,0.0126451223293,0.384335095572
15,0.182882285517,0.828965742626,-0.0436247488109,0.999833772602,-0.0151506867446,-0.0101431679693,0.0,0.0913534422394,-0.311050361283,1.47029219,0.922500647769,-0.00535178213269,0.013602128092,0.385718673913
15,0.183555959526,0.834081188983,-0.0469185947038,0.999841950703,-0.0170698175809,-0.00496940060266,0.0,0.0918961862893,-0.312246667071,1.47627092986,0.922706990813,-0.00345380898007,0.0116031846467,0.385311882004
15,0.183302142503,0.833315192392,-0.0466464727843,0.999830933446,-0.0169818280882,-0.00705138558644,0.0,0.0914973600912,-0.312160296935,1.47547995615,0.923156941623,-0.00397182222463,0.0126384412624,0.38419494474
15,0.183444615331,0.83366801863,-0.0468644819934,0.999829561242,-0.017833141558,-0.00477781632867,0.0,0.0916122774501,-0.312159959674,1.47602234005,0.922847310088,-0.00311379502778,0.0117940905554,0.384972786015
15,0.18288026207,0.827020258721,-0.0423231882444,0.99980448251,-0.0143195288762,-0.0136362695207,0.0,0.0911574809231,-0.310617055398,1.46832070402,0.922211485251,-0.00658755005897,0.015010401263,0.386338282479
15,0.183656122908,0.832279747712,-0.0458777755037,0.999880732703,-0.0148151328643,-0.00436259181269,0.0,0.0917824467262,-0.311819036781,1.4746047587,0.922355352716,-0.0043246347545,0.0112876103607,0.386153454864
15,0.183331282597,0.83291089351,-0.0463431804905,0.99985059155,-0.0160637030839,-0.00638373088642,0.0,0.0915761097938,-0.312073193293,1.47518921748,0.922863627644,-0.00409762693777,0.0124159847155,0.384904894161
15,0.183074459664,0.829947211157,-0.0444211807431,0.999856203499,-0.0147229712196,-0.00841465641784,0.0,0.0914877234674,-0.311282817374,1.47161422448,0.922496646603,-0.00501014341744,0.0131750135425,0.38574765649
15,0.183683545118,0.835905601863,-0.0470733782519,0.999852797914,-0.016311239839,-0.00532221370734,0.0,0.0917341631191,-0.312687914092,1.4784324344,0.923133719104,-0.00394751254238,0.0118566961477,0.384275906809
15,0.182893717453,0.82762211952,-0.041370646981,0.999835744689,-0.0157238590605,-0.00901353973776,0.0,0.0912180770471,-0.310683053472,1.46861974991,0.922024754589,-0.00479639704116,0.0136463517479,0.386860599679
15,0.183297279927,0.834258830664,-0.0472288642858,0.999852559347,-0.0162512033588,-0.00554598571363,0.0,0.0917816530427,-0.312289769366,1.47647149648,0.922913775298,-0.00357593045917,0.0122729589577,0.384794426369
15,0.182708876083,0.829002235866,-0.0439251490084,0.999849006532,-0.0147090236405,-0.00925250025941,0.0,0.0913306641584,-0.311001147032,1.47038638316,0.9221946141,-0.00499229458232,0.0136791532201,0.386451874735
15,0.183272455427,0.834274617802,-0.0477087336793,0.999868921575,-0.0154183858382,-0.00494095613596,0.0,0.0917189687589,-0.312354603801,1.47656995234,0.922787977052,-0.00402649318152,0.0114493473879,0.385116929263
15,0.182820823406,0.831433189966,-0.0459164658768,0.99982887604,-0.0162067382645,-0.00891965645129,0.0,0.091609338519,-0.311635453531,1.47322392413,0.922475183159,-0.00447159568788,0.0130066970053,0.385811310254
15,0.182775013221,0.832585871485,-0.0468589319541,0.999818598328,-0.0178034920059,-0.00676802106197,0.0,0.0915463750924,-0.31192006046,1.47460462423,0.922760307207,-0.00328626675529,0.0123881301511,0.385161200182
15,0.182815567928,0.8309442054,-0.0456791847889,0.999847126528,-0.0156010161265,-0.00789505342384,0.0,0.0916134298092,-0.311480577281,1.47271917718,0.922367140085,-0.00434115765491,0.0128772693209,0.386075367222
15,0.182759169404,0.832029181633,-0.046334048983,0.999846564663,-0.0147730588754,-0.00941296248099,0.0,0.0915248581022,-0.31174435364,1.47402017931,0.922877967993,-0.00508460360198,0.0132887811599,0.384829587344
15,0.183122530965,0.835406679575,-0.0472067823605,0.99985841383,-0.0154562158421,-0.00665264495831,0.0,0.0917485177474,-0.31254613445,1.47763484259,0.92308709577,-0.00429478584228,0.0121532603939,0.384374903835
15,0.183219466482,0.831842967165,-0.0450512117486,0.99981745623,-0.0161214603771,-0.0102544006811,0.0,0.0914605364598,-0.311717010745,1.47371305308,0.922860666053,-0.00500858331877,0.0139339613676,0.384849256029
15,0.183278869906,0.832225972502,-0.0452132440554,0.999832543846,-0.0167411519732,-0.00739040567893,0.0,0.0915102977742,-0.311867375949,1.47410214233,0.923037905017,-0.00416211344164,0.0127402402616,0.384475472548
15,0.183235882736,0.831285854946,-0.0449172733579,0.999867662134,-0.0153722634346,-0.00532463471712,0.0,0.0914114188383,-0.311586396889,1.47312263467,0.922579275059,-0.00442147345354,0.0115130064727,0.385610402462
15,0.183609148554,0.833836747628,-0.0466654217996,0.999869851407,-0.0154778715793,-0.00455145466653,0.0,0.0916743547403,-0.312225925033,1.47622579541,0.922848407966,-0.00413879937597,0.0113965437466,0.384972473099
15,0.182979423227,0.829464443395,-0.0433655658948,0.999833142614,-0.0156108196648,-0.00948626582994,0.0,0.0912508496919,-0.311147082423,1.47095373771,0.922406420325,-0.00477348661776,0.0141613895756,0.385931424755
15,0.183129167511,0.831669405419,-0.0449267575575,0.999843837951,-0.01552015955,-0.00845129332794,0.0,0.0914588674283,-0.311686242736,1.47330867319,0.922793422139,-0.00457479653679,0.0136235853441,0.385026972063
15,0.183114585619,0.832604905073,-0.0455371349382,0.999881245893,-0.0137840672101,-0.00689156025843,0.0,0.0914193692557,-0.311897059464,1.47440499841,0.922956270496,-0.00506836810338,0.0125617170572,0.384666397885
15,0.18317549139,0.833474101148,-0.0460810930793,0.99985042603,-0.0161770445059,-0.00611790798302,0.0,0.0915967249742,-0.312015353755,1.47546280869,0.923099475401,-0.00381690003428,0.0124940985373,0.384339286686
15,0.183088615899,0.831427656244,-0.0451650383,0.999854556252,-0.0156373073937,-0.00680741952209,0.0,0.0914900374012,-0.311660751262,1.47332029703,0.922486326191,-0.00429663036853,0.0125312394659,0.385802391122
15,0.183309238113,0.832525852442,-0.0459050772142,0.999857170414,-0.0152576193365,-0.00726937579804,0.0,0.0915882883613,-0.311991644767,1.47464154662,0.922859558967,-0.00470757854004,0.0125022509805,0.384904880261
15,0.183398822997,0.833146770437,-0.0461912164213,0.999825959544,-0.017120894874,-0.00741117943579,0.0,0.0916686464916,-0.312049817484,1.47527134735,0.923023334833,-0.0038167502005,0.0130950776118,0.384502112756
15,0.183540633022,0.833898057505,-0.047321764371,0.999827578791,-0.0167291201607,-0.00805910831853,0.0,0.0916729266722,-0.312203795395,1.47625705215,0.923182169194,-0.00431112853952,0.0130867229521,0.384115652291
15,0.182649473252,0.826007630856,-0.0416530918783,0.999792141035,-0.0166849736565,-0.0117169269908,0.0,0.0911122215345,-0.310310171933,1.46698912154,0.922248721688,-0.00502321301749,0.0146076894619,0.386288335423
15,0.183362325603,0.830721685285,-0.0450852538021,0.999828047254,-0.0169971529329,-0.0074143588426,0.0,0.0915973421805,-0.311529971607,1.47275753186,0.922687041068,-0.00413329951773,0.0125868031997,0.385322089252
15,0.18327591371,0.831732422351,-0.0454413317477,0.999832222404,-0.0174099554416,-0.00569389973315,0.0,0.091469944909,-0.3117066747,1.47384680809,0.922789048674,-0.00345791085143,0.0122301710687,0.385095880808
15,0.183250181997,0.829090395569,-0.0436950682741,0.999828178208,-0.0171921845997,-0.00693129501307,0.0,0.0913374411229,-0.311140630107,1.47075881023,0.922914805253,-0.00380929140314,0.0129954123367,0.384765994861
15,0.183425418428,0.83241823804,-0.0452695222152,0.999815747201,-0.0162588373298,-0.0102040118268,0.0,0.09145270909,-0.311859793515,1.47440755392,0.923263583322,-0.00493785290621,0.0142533797112,0.383870830471
15,0.183828746631,0.833602634081,-0.0460843318938,0.999852319088,-0.0157886626014,-0.00678661526986,0.0,0.0918244163325,-0.312101964154,1.47583323605,0.922774587625,-0.00445823322759,0.0125978731618,0.385108397963
15,0.183516314829,0.830944281351,-0.0438755815613,0.999835849395,-0.0172344158985,-0.00559009600218,0.0,0.0915899958387,-0.311431976511,1.47262290134,0.922261585909,-0.00367407823127,0.0120821573803,0.386360051997
15,0.183753427117,0.830800608974,-0.0445632289997,0.9998450931,-0.0156927068657,-0.00797049282281,0.0,0.0916462898883,-0.311526380474,1.47279725972,0.92268455488,-0.00484559232944,0.013084449711,0.385303165828
15,0.183301676661,0.830057421712,-0.0440749667925,0.999823939307,-0.0184571324164,-0.00338003734215,0.0,0.0912144169297,-0.311354518355,1.4719147888,0.922571603539,-0.0026642787498,0.0115239078929,0.38564457407
15,0.183125630482,0.828068014638,-0.0436329542293,0.999844373472,-0.0152939000169,-0.00879348959699,0.0,0.09114434827,-0.310866831387,1.4697134683,0.922599846131,-0.00502860756064,0.013611137163,0.385485374523
15,0.183003624342,0.827047178952,-0.0423586045878,0.99981671643,-0.0171794540255,-0.00844984651568,0.0,0.0911835078489,-0.310545396572,1.46826130797,0.92222354703,-0.00410115718723,0.0136713024088,0.38639358859
15,0.182780980756,0.828326838061,-0.0421995696332,0.999835932837,-0.0147774642318,-0.010475397759,0.0,0.09129574553,-0.310874003542,1.46940026776,0.922359993192,-0.00563157152779,0.013608535055,0.386050691146
15,0.18326233145,0.834524928493,-0.0461662201392,0.99986756561,-0.0154431316931,-0.00513428903553,0.0,0.0916192808569,-0.312327161194,1.47662287099,0.923126990763,-0.0042905871429,0.0112797569691,0.384305759611
15,0.182941915849,0.833642692234,-0.0455206081386,0.999856784249,-0.016312505487,-0.00450701185501,0.0,0.0916240508645,-0.312069362336,1.47536895509,0.922947921918,-0.00375398296433,0.0108136214436,0.38475460573
15,0.183005140663,0.834181246588,-0.046406746954,0.999811712617,-0.0172753508348,-0.00883750908688,0.0,0.0916636854551,-0.312202692645,1.47618607864,0.923054898269,-0.00393404766406,0.0134711545114,0.384412156476
15,0.182718037744,0.828556759921,-0.0427344697199,0.999828868493,-0.0161353457806,-0.00904899691115,0.0,0.0911285659042,-0.311035584651,1.46986374722,0.922865859347,-0.00458586266493,0.0136245225832,0.384853151084
15,0.183347200771,0.831735361255,-0.0446613134701,0.999816025978,-0.017771811874,-0.00721643264735,0.0,0.091562290876,-0.311750759213,1.47366168857,0.922723392307,-0.00357312571045,0.0130433378127,0.3852254475
15,0.18296250907,0.827643642102,-0.0421425355146,0.999830788765,-0.0157935485898,-0.00943173687928,0.0,0.0912839673805,-0.310715538942,1.46896219384,0.922280669835,-0.00490489027048,0.0136740871952,0.386247753961
15,0.183916331024,0.837553459672,-0.0487107819108,0.999831772933,-0.0182111261632,-0.00218648540294,0.0,0.0919624410086,-0.313097944037,1.48046949344,0.923156266324,-0.00243940479573,0.0107394057235,0.384267123777
15,0.18307565207,0.82987020638,-0.0442885010174,0.999818698649,-0.0157074889239,-0.0107631140586,0.0,0.0914948477764,-0.311276933248,1.47161851494,0.922717270471,-0.00516029910124,0.0141384998341,0.38518347954
15,0.182936041357,0.831471685045,-0.0454764262078,0.999840498501,-0.0174567734012,-0.00377340953738,0.0,0.0913833888966,-0.311679960816,1.47346279343,0.922621442866,-0.00300934496907,0.0110731280389,0.385535994224
15,0.183103168188,0.832078775792,-0.04556707867,0.99982215025,-0.0169531086422,-0.00826195958695,0.0,0.091414647721,-0.311787217667,1.47422432314,0.92303630902,-0.00406431939969,0.0133698875081,0.384458970042
15,0.183390303449,0.833989807703,-0.0461152114685,0.999859072847,-0.0161748954856,-0.00449524217093,0.0,0.0917793462736,-0.312249285056,1.47600388386,0.922601368493,-0.0036696028542,0.0113842164911,0.385569252515
15,0.18349122168,0.834286068699,-0.0465914846637,0.999853438904,-0.0154215545892,-0.00743480775712,0.0,0.0917387307571,-0.312295450746,1.47652207431,0.92292816203,-0.00448057531155,0.0130229376544,0.384725792314
15,0.183078894535,0.832702897473,-0.0452496587408,0.999819962913,-0.0173873247591,-0.00759754557248,0.0,0.0914933537436,-0.311871144252,1.47456805944,0.922988669843,-0.00377106546442,0.0129860109948,0.384589466738
15,0.183018950751,0.830669820526,-0.0435127721951,0.9998004245,-0.0169583226879,-0.0105606089523,0.0,0.0915425279046,-0.311350421541,1.47218797534,0.92302061784,-0.00472325726306,0.013848594014,0.384472165868
15,0.183341836888,0.834713705838,-0.0460644186794,0.999832033989,-0.0169501407709,-0.0069711216059,0.0,0.0917640370807,-0.312323257746,1.47687547863,0.92286289116,-0.00400772610343,0.0122021589509,0.384914444478
15,0.183062922427,0.831724351021,-0.0442329740397,0.999808712435,-0.0170892729842,-0.00951290112849,0.0,0.0915666447222,-0.311622655133,1.47326667092,0.922815884789,-0.00451437151128,0.0132586472454,0.384986586136
15,0.183483392224,0.834937298535,-0.046511142933,0.999843857091,-0.0171434397139,-0.00428531364651,0.0,0.0917750920678,-0.312457189087,1.47713417756,0.922972934661,-0.00343955195138,0.0110544697597,0.384690694019
15,0.183281260316,0.831656958015,-0.044438309046,0.99985425188,-0.0149937300824,-0.00816474461979,0.0,0.091664518552,-0.311565367565,1.47334508263,0.922485415856,-0.00510228199095,0.0125826994772,0.385793079158
15,0.183250211695,0.827848687273,-0.0425717669189,0.999836652935,-0.0153087508678,-0.00960778821997,0.0,0.0912825506403,-0.310814447957,1.46922160195,0.922665177748,-0.00514833647442,0.0140877026799,0.385310265935
15,0.183686212204,0.831183899229,-0.04466660345,0.999854386062,-0.0159401396288,-0.00609250531727,0.0,0.0916289585708,-0.311631991852,1.47308342779,0.922327879632,-0.00415177693403,0.0126020689573,0.386180311591
15,0.183629714828,0.833905611764,-0.0476623272807,0.999853205239,-0.016205407723,-0.0055635180594,0.0,0.0917641861608,-0.312186551605,1.47649833907,0.922738590619,-0.0038939433303,0.0120743669108,0.385217523293
15,0.183508224747,0.832677471707,-0.0463959951972,0.999849906232,-0.015862401214,-0.00696772821764,0.0,0.0916445984167,-0.31198501673,1.4749336285,0.922956613998,-0.00446594084163,0.012443661537,0.384676876531
15,0.183318085015,0.832719187099,-0.0453733790218,0.999788824173,-0.0183325023184,-0.00928581810613,0.0,0.0915363400612,-0.311864101208,1.47462196463,0.92323938856,-0.0039192160813,0.0137518338631,0.383959058003
15,0.183451455551,0.833841369114,-0.0460048472215,0.99985317304,-0.0153861975787,-0.00754302902512,0.0,0.0916411771333,-0.31219066764,1.47587024177,0.922900977668,-0.00491353890576,0.0123708795628,0.384807229523
15,0.182685506049,0.828573153483,-0.0424732013471,0.999803973775,-0.0182020426722,-0.00779099900037,0.0,0.0911956845991,-0.310937136622,1.46964751735,0.922613212836,-0.00358747864225,0.0129405445341,0.385492583333
15,0.183575741333,0.83250592924,-0.0449509286557,0.999830949783,-0.0165466115002,-0.00801757473056,0.0,0.0917902515297,-0.311872591759,1.47442351264,0.922540271745,-0.00439933592672,0.0129362669397,0.385658846456
15,0.182697392335,0.827338950543,-0.0426377385187,0.999808000578,-0.0170100765727,-0.00972724394514,0.0,0.0912760687938,-0.310617355501,1.46868037296,0.922406031478,-0.0044264066714,0.013605511226,0.385956487291
15,0.182636295078,0.827457194644,-0.0426018870953,0.999833495877,-0.0157530473342,-0.0092098871734,0.0,0.0912123057724,-0.310724432409,1.46873926846,0.922413570038,-0.00490214802622,0.0131197184481,0.385949540409
15,0.183219935045,0.833547742089,-0.0461742823563,0.999849575144,-0.0156330915191,-0.00751222560026,0.0,0.0914676668099,-0.312162483982,1.47578304407,0.922808976109,-0.00463011598174,0.0125747943792,0.385024713733
15,0.182917243526,0.827838753012,-0.0426043691415,0.999799937969,-0.0162068481359,-0.0117227177035,0.0,0.0912658297894,-0.310785154795,1.46913559457,0.922546929098,-0.00515408095387,0.0147734933582,0.38556755952
15,0.183358726872,0.834213849586,-0.0462416102709,0.999840893889,-0.0162196082118,-0.00742369289511,0.0,0.0918188762568,-0.312210988569,1.47637947396,0.923154765391,-0.0043402666916,0.0124468104266,0.384202444201
15,0.183128910219,0.83389108349,-0.046000651532,0.999838274972,-0.0172239389157,-0.00517299042561,0.0,0.0915973880263,-0.312157068398,1.47597562951,0.922571194799,-0.00341418263428,0.0116191489162,0.385636784114
15,0.183038729235,0.832935847977,-0.0450310095765,0.999868958477,-0.0151774727832,-0.00563118056362,0.0,0.0915811735998,-0.311941488091,1.47486912197,0.922643889737,-0.00425249008138,0.0117546505247,0.385450382345
15,0.183106471778,0.83017597194,-0.0432268350132,0.999832687787,-0.0156070226205,-0.0095402975441,0.0,0.091411889125,-0.311375224702,1.47177701645,0.92258964384,-0.00499134474495,0.0136927278742,0.38550738613
15,0.183122973174,0.828650751558,-0.042830122195,0.999843453266,-0.0153395192986,-0.00881862280358,0.0,0.0913492081668,-0.311020145502,1.47011635809,0.922569660755,-0.00510800524988,0.0131536095568,0.385572447008
15,0.183696514634,0.832990265079,-0.0450172949208,0.999800053859,-0.0158869658596,-0.0121431716816,0.0,0.091585599189,-0.312062318036,1.47505088276,0.922981440409,-0.00574215166627,0.0147080674485,0.384520430025
15,0.182960194748,0.827151411784,-0.0422957704374,0.999842323378,-0.0168344716344,-0.00565057049675,0.0,0.0912274697966,-0.310525912563,1.46846504411,0.921795886648,-0.0037875840923,0.0119891666118,0.387471621477
15,0.182582124274,0.825306928778,-0.040752789187,0.99980998305,-0.0168809492276,-0.00974840223615,0.0,0.0909755642829,-0.309993834082,1.46622074414,0.921684994171,-0.00443975780698,0.0140642405286,0.387658686488
15,0.18304742383,0.831689011533,-0.0447420554716,0.999690543589,-0.0220546297576,-0.0115069702992,0.0,0.0913709401761,-0.311175731026,1.47371636052,0.923743208072,-0.00261547790287,0.0155211823149,0.382688826223
15,0.182650020489,0.826756097167,-0.0404054463084,0.999772785399,-0.0184574416592,-0.0106630400877,0.0,0.0910895652672,-0.310104845611,1.46768965664,0.921868573763,-0.00424571167517,0.0140268244236,0.387225457372
15,0.183316482068,0.831801112444,-0.0432923712319,0.999658873658,-0.0225033522286,-0.0132565250149,0.0,0.0917005441943,-0.310987536149,1.47361885181,0.923057913735,-0.00299359919571,0.0158640042303,0.384322077983
15,0.183495987476,0.836478943047,-0.0463809270752,0.999642780627,-0.0228445856294,-0.0138721320563,0.0,0.0917700358138,-0.312204545469,1.4790585046,0.924388041149,-0.00304071409242,0.0160998353803,0.381101428413
15,0.182674737807,0.828238702055,-0.0414386902358,0.999754788762,-0.0179678577783,-0.0129428912835,0.0,0.0912773265043,-0.310309218639,1.46932938175,0.922560756063,-0.00504953352721,0.0144673062794,0.385547468716
15,0.182995193985,0.833012100354,-0.0450275281521,0.999618639462,-0.0247855881588,-0.0121758063585,0.0,0.0914485077024,-0.311276997315,1.47510854059,0.92345944377,-0.00182595365335,0.0154552859295,0.383380301714
15,0.182991601762,0.833368106207,-0.0455005351393,0.999674108933,-0.0226098448463,-0.0118520397177,0.0,0.0914361058929,-0.311182677855,1.47569286817,0.923634790294,-0.00276537789799,0.0148706213809,0.382975183874
15,0.182630740009,0.831771479032,-0.0438495626021,0.99964211379,-0.0238579122259,-0.0121014198134,0.0,0.0911913453801,-0.31070189678,1.4737018145,0.923446858373,-0.00212864394735,0.0153967067856,0.383411410961
15,0.182943536656,0.834420845982,-0.04533908036,0.999683145,-0.0216066584854,-0.0129136327586,0.0,0.091475068613,-0.310993141423,1.47673549049,0.92434334158,-0.00332652952295,0.0153833195714,0.381237031986
15,0.182764079148,0.834396689148,-0.0452185885589,0.999654990918,-0.0223709052955,-0.0137637832631,0.0,0.0914075353414,-0.311065616604,1.47649301324,0.923962787309,-0.0031556903028,0.0157003281067,0.382146973015
15,0.18273694222,0.832352756994,-0.0443971717505,0.999665877863,-0.0221052431558,-0.0133974199564,0.0,0.0912712015426,-0.31054744108,1.47431626402,0.923917136031,-0.00322156382002,0.0155994562886,0.382260911208
15,0.182388930882,0.831359309048,-0.0439386321194,0.999644834881,-0.0222361859257,-0.0146886395008,0.0,0.0911701976142,-0.310360131502,1.47317036984,0.924126853485,-0.00342819608484,0.0158570320463,0.381741222132
15,0.181996795308,0.831942798058,-0.0452527551526,0.999670563875,-0.0199949815499,-0.0160923719313,0.0,0.0911591706269,-0.310502667764,1.47392877908,0.923970178691,-0.00453016189323,0.0158527873026,0.382108984007
15,0.181898396833,0.832371174661,-0.0457800694477,0.999628802451,-0.0219473916806,-0.0161421593747,0.0,0.0912946560858,-0.310613248939,1.47440728138,0.924142421651,-0.00364974365314,0.015899758331,0.381699700761
15,0.181406253084,0.829270581034,-0.0435190814331,0.999604768428,-0.0208540406661,-0.0188524779334,0.0,0.0907846661738,-0.31003720514,1.4707740203,0.923581829691,-0.00466425457154,0.0170499709741,0.382993664548
15,0.181265159588,0.826403614436,-0.041053856681,0.99960463903,-0.0221752449725,-0.0172865305944,0.0,0.0904899642544,-0.309496109802,1.46738332201,0.922870658005,-0.00378237261858,0.0167885969421,0.384725337433
15,0.181752992751,0.831729051423,-0.0448902760709,0.999595020169,-0.0244809491791,-0.0145078868121,0.0,0.0910802985384,-0.310827297983,1.47370485779,0.923544886155,-0.00210063832539,0.0158058182033,0.383158722577
15,0.18101148863,0.82841950368,-0.0428469984084,0.999593969451,-0.0233799271296,-0.0162872724961,0.0,0.0907635048809,-0.310006791436,1.46964259621,0.923137481619,-0.002943015366,0.0159383059802,0.384128232616
15,0.180285054005,0.825337723117,-0.0402479880541,0.99954520281,-0.0229267917677,-0.0195895318737,0.0,0.0903116721833,-0.309483857549,1.46581882205,0.922807303854,-0.00385037154467,0.016951792944,0.384869447097
15,0.181965146882,0.836365168143,-0.0466133120556,0.999595229425,-0.0257695876139,-0.0120542799506,0.0,0.0914587801819,-0.312080932891,1.47856275285,0.923797767613,-0.00120563081569,0.0142601360509,0.382613224454
15,0.180817543224,0.826490726677,-0.0405674536297,0.999540912717,-0.02206040706,-0.0207678175527,0.0,0.090455192676,-0.309627911465,1.46735915054,0.922817787608,-0.00456566029477,0.0176861208751,0.384803439106
15,0.180199818574,0.823348319506,-0.0397170114211,0.999485167203,-0.0230041039096,-0.022365414009,0.0,0.0902289341423,-0.308767161119,1.4639335277,0.922318120176,-0.0042680641123,0.0183916036603,0.385969969996
15,0.179990909092,0.824839959858,-0.040931849388,0.999542296916,-0.0221487154523,-0.0206065785699,0.0,0.0902886586947,-0.309014487347,1.46570250505,0.922390888003,-0.0041684505565,0.017279441542,0.385848538482
15,0.179776733694,0.825397064179,-0.0415494812722,0.999508375263,-0.0212039558421,-0.0230954548523,0.0,0.0903651188911,-0.309112707845,1.46622507097,0.922855474127,-0.00498047275417,0.0180667338758,0.384690215488
15,0.17997266423,0.824719944117,-0.0408802973533,0.999575097566,-0.0205488591253,-0.0206728980535,0.0,0.0903371039487,-0.30889980684,1.46541830424,0.922498060051,-0.00482675967883,0.0171186283367,0.38559173248
15,0.179825311889,0.825980578853,-0.041652731398,0.99953518812,-0.0222586996713,-0.0208316585579,0.0,0.090316107314,-0.309286748787,1.4667458931,0.922741011905,-0.00414204715689,0.0171888951132,0.385014818258
15,0.179712810129,0.825049408193,-0.0412229844405,0.999478636996,-0.0236624625934,-0.0219668398418,0.0,0.0903009120627,-0.309142930581,1.4658154056,0.922937733293,-0.00376059000545,0.0177598008888,0.384520984993
15,0.179702537674,0.824767822833,-0.0407740729997,0.99954125598,-0.0218221343192,-0.0210017153706,0.0,0.0902222041447,-0.30910724389,1.46540722582,0.922704758776,-0.00438033447107,0.0171395887827,0.385101253308
15,0.179567801694,0.82301425019,-0.0401392182877,0.999502537252,-0.0228946062874,-0.0216913584269,0.0,0.0901468656974,-0.308623889529,1.46348004326,0.922515768909,-0.00392809033685,0.0177919660001,0.385529080832
15,0.179611608557,0.821606997071,-0.0388002732616,0.999495271359,-0.0225223824177,-0.0224041251086,0.0,0.0900472971548,-0.308247510708,1.46167534538,0.921877600482,-0.00418233960076,0.0184127669298,0.38702088804
15,0.179168574441,0.821069909637,-0.0386404405324,0.999469970338,-0.0225325911496,-0.0234959725847,0.0,0.0899287966841,-0.308237254608,1.46102730793,0.92220233411,-0.00437639256548,0.0184557841029,0.386242263589
15,0.179322686571,0.823694533134,-0.0405053497524,0.999474139266,-0.0241736778336,-0.0216119929255,0.0,0.0901550956904,-0.308826684138,1.46427651721,0.922267776228,-0.003280884068,0.0176215663182,0.38613581177
15,0.179392156593,0.82362366765,-0.0404362263505,0.999448327184,-0.0239659296821,-0.022992944641,0.0,0.0902431829095,-0.308890713832,1.4641935454,0.922041467939,-0.00372310639622,0.018001024327,0.386654410298
15,0.179303094166,0.823915215599,-0.040519651231,0.999469904779,-0.0236323031588,-0.0223924917913,0.0,0.0902574834612,-0.308977048654,1.46442811411,0.922376402673,-0.00375295654594,0.017565200247,0.38587452734
15,0.178806785703,0.821110428755,-0.0389703473759,0.999431682929,-0.023710242652,-0.0239611258126,0.0,0.0899404554129,-0.308224302167,1.46132211516,0.921831186428,-0.00394883262801,0.0182065360317,0.3871436329
15,0.178850298967,0.824322958188,-0.041741254703,0.999433979013,-0.0243559473437,-0.0232058058057,0.0,0.0902373073217,-0.30913763698,1.46511238608,0.922447985166,-0.00338959882881,0.0177251567501,0.385699421961
15,0.17870262793,0.821983406421,-0.040168976732,0.999471816568,-0.0228389480861,-0.0231186145246,0.0,0.0900618349975,-0.308525680549,1.4624919832,0.922168839704,-0.0041167215218,0.0173468881606,0.386376460404
15,0.179226335891,0.824396198924,-0.0415863392508,0.999554987684,-0.0204501892527,-0.0217167298745,0.0,0.0902498310159,-0.308785298549,1.46544071378,0.923121100944,-0.00499266937428,0.0166868739952,0.38411463716
15,0.1795675498,0.824354405998,-0.0416839842013,0.999537433925,-0.0205398386754,-0.02242840184,0.0,0.0903554954985,-0.308624688763,1.46535815253,0.922876927309,-0.00511678086483,0.0173562023166,0.384669673663
15,0.179530371306,0.823755447803,-0.0423195571616,0.999530183056,-0.0218778967138,-0.0214655723318,0.0,0.0902297348319,-0.308254909404,1.46466575018,0.923104744952,-0.00434662556232,0.0172908025944,0.384135086706
15,0.178944786425,0.821612350023,-0.0431139342112,0.999509051814,-0.0214207250579,-0.0228649924639,0.0,0.0900331266539,-0.307670329474,1.46222307313,0.922546522988,-0.00484855708083,0.0171716741586,0.385473135281
15,0.179157458688,0.823615072288,-0.0458070057864,0.999550229347,-0.0207839650282,-0.0216186449625,0.0,0.0902224501278,-0.308056213047,1.4647055341,0.92335844298,-0.00498107939064,0.0162729124882,0.383561685972
15,0.179510248157,0.826145173557,-0.0484005518578,0.999517888476,-0.0190944264271,-0.0244825140819,0.0,0.0906147535547,-0.308633379612,1.46779689314,0.92330647509,-0.00622773101242,0.0172540883419,0.383625683263
15,0.179947858216,0.829492064037,-0.0505892534649,0.999618166035,-0.0169089119737,-0.0218543091583,0.0,0.0907800770701,-0.309248876011,1.4717484944,0.924027981989,-0.00664501202393,0.0161365925663,0.381926357689
15,0.179907537408,0.8246866679,-0.0475059235428,0.999588503786,-0.0166505181125,-0.0233577256177,0.0,0.090501620798,-0.308067530054,1.46613482502,0.923194730806,-0.00710033846119,0.0170694339286,0.383887625003
15,0.180717663874,0.830211494828,-0.0509653015105,0.999698296424,-0.0175962783641,-0.0171373018721,0.0,0.0910776305241,-0.309527395145,1.47256423967,0.923580569208,-0.00546937831823,0.014525112455,0.383090118889
15,0.181054088012,0.830696420617,-0.0512696635824,0.999725794821,-0.0172549874422,-0.0158303688237,0.0,0.0911454552887,-0.309590432806,1.47327229905,0.923881779858,-0.00529180060398,0.0144168025576,0.382369728792
